   0.0800139   0.0000000   0.0000061   0.0098867   0.1869840   1.0456018   2.8874418   5.2929793   7.6839890   9.7326932  11.3531785
   0.1600278   0.0000000   0.0012440   0.1178361   0.9546262   3.2800853   6.5768663   9.7904425  12.3665761  14.2283183  15.4997271
   0.2400417   0.0000002   0.0718180   0.9069479   3.8593035   8.6184331  13.1251273  16.3886092  18.4281277  19.5799068  20.1620406
   0.3200556   0.0114552   1.2220209   4.9347596  12.2431400  18.8749640  22.9160398  24.8213799  25.4366397  25.3818938  25.0099293
   0.4000695   4.2982971   7.9586324  19.7396636  29.9770046  34.2966705  34.9649837  34.0202561  32.5517895  31.0320658  29.6192286
   0.4800834  14.3333433  38.2376396  54.8320340  55.6706352  51.5016349  46.5959453  42.2380555  38.6876936  35.8490038  33.5454619
   0.5600973 111.0862687 122.6685645  96.9176050  77.3112089  63.7353701  54.2766628  47.6241079  42.8339772  39.2411423  36.4132679
   0.6401112 235.6183406 144.6984276 102.7792430  79.5023990  64.9746055  55.4795785  49.0368379  44.4109490  40.8674559  37.9940822
   0.7201252   4.3583226  51.2565268  63.5142177  60.2967380  54.9466553  50.3531962  46.6269663  43.4828110  40.7229775  38.2458453
   0.8001391   0.0004903   5.1813108  22.6623565  34.3968246  39.8756661  41.8091755  41.7815613  40.7047111  39.1100581  37.3014474
   0.8801530   0.0000000   0.1621375   5.6750417  17.7433971  27.9021900  33.7927325  36.4087522  37.0186402  36.5075165  35.4121462
   0.9601669   0.0000028   0.8335063   7.0834210  15.7557413  23.5753313  28.9740250  31.9878489  33.2548130  33.3974154  32.8693233
   1.0401808   0.1539074  12.7733361  22.2404032  24.4349745  25.7821964  27.4854577  28.9598667  29.8444816  30.1260966  29.9344558
   1.1201947  50.4501248  54.7533562  42.9457034  34.6004519  29.6325789  27.4030851  26.7773561  26.7743528  26.8530856  26.8002663
   1.2002086 100.1811160  67.1740781  47.9460208  36.9816574  30.2608597  26.3751560  24.4833228  23.7660362  23.5931854  23.5897976
   1.2802225  12.2271075  27.2243673  31.7151581  29.3100044  25.9308765  23.1480284  21.3849547  20.5446195  20.3120674  20.3831703
   1.3602364   2.0479775   6.1309066  13.2137287  17.4067829  18.4273787  18.0523632  17.4157521  17.0382840  17.0177001  17.2521095
   1.4402503   1.7900685   1.6515254   3.9936523   7.9366645  10.8892658  12.4068264  13.0601160  13.4226332  13.8042009  14.2833165
   1.5202642   0.3268446   0.6008733   1.1100066   2.9083495   5.4106561   7.5324736   9.0067755  10.0268017  10.8373543  11.5810280
   1.6002781   0.0085825   0.1168825   0.3266730   0.9362898   2.3312738   4.1241358   5.8053436   7.1849099   8.3010401   9.2506633
   1.6802920   0.0006492   0.0477480   0.1341220   0.3363914   0.9940964   2.2224669   3.7043460   5.1175783   6.3365844   7.3735863
   1.7603059   0.1640150   0.1570270   0.1391909   0.2595629   0.6879291   1.5345382   2.6766513   3.8838913   5.0012945   5.9849586
   1.8403198   0.2481114   0.1770744   0.2220140   0.5274565   1.0617924   1.7349792   2.5292619   3.3958627   4.2570688   5.0632858
   1.9203337   0.0022758   0.1550286   0.6344200   1.3752241   2.0609459   2.5644491   2.9967582   3.4645112   3.9857634   4.5344760
   2.0003476   0.1236953   1.0255423   2.1687204   3.1643191   3.6341386   3.7642129   3.7855023   3.8513630   4.0208576   4.2879912
   2.0803616   3.9520094   4.3099683   5.6200733   5.7795087   5.4383238   4.9939322   4.5956632   4.3149531   4.1844620   4.1995996
   2.1603755   7.0880150  11.5609114   9.8490613   8.0991073   6.8028043   5.8583614   5.1586357   4.6516614   4.3212379   4.1545197
   2.2403894  28.0846545  15.3603144  10.9649386   8.5902388   7.0904332   6.0546306   5.2955563   4.7290425   4.3233713   4.0657194
   2.3204033   1.4951493   6.9140388   7.4723823   6.8947217   6.1827482   5.5268695   4.9660504   4.5044190   4.1427785   3.8840509
   2.4004172   0.6214697   1.2558672   3.2619830   4.3127161   4.5794393   4.4901052   4.2701524   4.0211190   3.7891076   3.5991727
   2.4804311   0.0725235   0.6486876   1.3994891   2.3426977   2.9844254   3.2953830   3.3953920   3.3821590   3.3153162   3.2324116
   2.5604450   2.0457987   1.4265745   1.1439533   1.3587584   1.8225644   2.2449995   2.5381504   2.7112080   2.7958250   2.8244240
   2.6404589   1.3502321   1.2371018   0.9649229   0.9092781   1.1306145   1.4906382   1.8412601   2.1156786   2.3039548   2.4213566
   2.7204728   0.0084534   0.3201695   0.5286171   0.6154219   0.7732112   1.0498927   1.3711536   1.6635272   1.8946568   2.0630082
   2.8004867   0.0000019   0.0433343   0.2481637   0.4563944   0.6526916   0.8766088   1.1285074   1.3770930   1.5959070   1.7754132
   2.8805006   0.0155527   0.1948488   0.3254217   0.5392081   0.7420556   0.9092294   1.0712794   1.2401158   1.4089862   1.5687278
   2.9605145   0.9023260   0.5940748   0.7206327   0.8964939   1.0099742   1.0769033   1.1345868   1.2116154   1.3155242   1.4398197
   3.0405284   0.3579861   1.1433791   1.4332492   1.4263088   1.3591834   1.2913470   1.2455575   1.2417865   1.2881629   1.3779045
   3.1205423   3.0654912   2.7130051   2.2142742   1.8820840   1.6362272   1.4561204   1.3385101   1.2872777   1.3016722   1.3711018
   3.2005562   3.6937787   2.9636674   2.3877808   1.9954930   1.7058175   1.4986748   1.3727202   1.3239256   1.3417855   1.4118690
   3.2805701   1.0510166   1.7057563   1.8456021   1.7045001   1.5329149   1.4056732   1.3479040   1.3543761   1.4096572   1.4998066
   3.3605840   1.5215290   1.1238020   1.1366793   1.1928777   1.2062233   1.2380883   1.3090430   1.4077539   1.5207693   1.6411775
   3.4405979   0.1191653   0.4216233   0.5571020   0.7060973   0.8963833   1.1168478   1.3348509   1.5300086   1.6984957   1.8454909
   3.5206119   0.0001095   0.0555676   0.1989646   0.4351282   0.8011434   1.1845467   1.5107039   1.7667561   1.9642075   2.1204369
   3.6006258   0.0000000   0.0032336   0.1370828   0.5753220   1.1033227   1.5527220   1.8939279   2.1440058   2.3272336   2.4670576
   3.6806397   0.0000001   0.0581442   0.6432217   1.3813725   1.9027560   2.2467316   2.4847306   2.6542104   2.7784561   2.8770545
   3.7606536   0.0072405   1.0857862   2.4391184   2.9503841   3.1081681   3.1729552   3.2171599   3.2540866   3.2903808   3.3334863
   3.8406675   3.2857740   5.9721994   5.4287878   4.8115683   4.3970207   4.1406427   3.9779845   3.8764242   3.8243219   3.8149515
   3.9206814  17.8194219   9.9089379   7.3054498   6.0570904   5.3740259   4.9438180   4.6477620   4.4523035   4.3426624   4.3020490
   4.0006953   1.9750513   6.4218424   6.6535318   6.2592197   5.8423653   5.4562398   5.1456379   4.9356417   4.8220643   4.7839397
   4.0807092   6.5141176   4.4615796   5.4119582   5.9382131   5.9013924   5.6738218   5.4581612   5.3210750   5.2628547   5.2625692
   4.1607231   1.9337815   4.5318650   5.4855442   5.7616329   5.7639122   5.6892836   5.6438558   5.6488623   5.6908395   5.7527138
   4.2407370   9.1956222   7.5533771   6.2454662   5.6771323   5.5577789   5.6487980   5.8178750   5.9947944   6.1501514   6.2773230
   4.3207509   8.5589900   6.9644790   5.7125040   5.2834345   5.3833380   5.7357175   6.1231216   6.4471218   6.6886799   6.8592516
   4.4007648   0.3723347   2.7834575   4.0855997   4.8088273   5.5028122   6.1577624   6.6889191   7.0760452   7.3403594   7.5118440
   4.4807787   2.5465683   2.4024054   3.7324404   5.1920464   6.3157958   7.0798240   7.5801727   7.9047953   8.1102006   8.2314424
   4.5607926   3.8499315   4.6853985   5.8859800   7.1684608   8.0354375   8.5051537   8.7544792   8.8935531   8.9676558   8.9944305
   4.6408065   9.9754150   9.4809220  10.2636799  10.4650136  10.3637242  10.1996603  10.0567315   9.9452800   9.8513195   9.7599762
   4.7208204  14.5123696  16.4747445  15.2714563  13.7165419  12.5305956  11.7615342  11.2692272  10.9340734  10.6837233  10.4776971
   4.8008343  26.5452226  21.3711487  17.6513427  15.2609563  13.7688694  12.8278344  12.1995811  11.7450529  11.3908432  11.0977979
   4.8808483  16.8805204  16.5698171  15.4764556  14.5818995  13.8768342  13.2758208  12.7564972  12.3075687  11.9190593  11.5805213
   4.9608622   7.6416424   9.2393464  11.6786094  12.9577006  13.3416718  13.2578551  12.9665673  12.6068805  12.2438550  11.9022743
   5.0408761   2.9714752   8.2183760  10.6626726  12.1497903  12.8632254  13.0435562  12.9265365  12.6721956  12.3687057  12.0572429
   5.1208900  19.4417953  13.5982983  12.5783819  12.5703855  12.7458005  12.8106054  12.7316782  12.5523325  12.3169651  12.0549532
   5.2009039  14.6570973  15.5394484  14.1772409  13.2161079  12.7568986  12.5587530  12.4326548  12.2948457  12.1216672  11.9153557
   5.2809178  12.8238237  14.2121195  13.8737630  13.0839417  12.4997821  12.1916865  12.0425665  11.9378129  11.8172446  11.6632606
   5.3609317  15.5484385  12.8143819  12.2798720  12.0755658  11.8311089  11.6601839  11.5727077  11.5120601  11.4345023  11.3235059
   5.4409456   8.0745207   9.5622893  10.3835697  10.7589000  10.9476448  11.0315047  11.0571725  11.0447429  10.9979711  10.9175629
   5.5209595   7.4450532   8.6801627   9.2554108   9.7474111  10.1828509  10.4411121  10.5437771  10.5574089  10.5243816  10.4617844
   5.6009734  11.5349103   9.3264106   8.9114320   9.3431819   9.7576873   9.9840688  10.0617088  10.0595838  10.0220999   9.9672618
   5.6809873   6.8447219   7.9379966   9.1140215   9.5350214   9.6394271   9.6361880   9.5963836   9.5450101   9.4924281   9.4411301
   5.7610012   6.9425756   9.9615434  10.3104879   9.9508996   9.5449703   9.2629841   9.0956831   8.9967536   8.9334367   8.8889271
   5.8410151  19.4254226  13.6482564  11.0818533   9.8213758   9.1091663   8.7135378   8.5065024   8.4004905   8.3454978   8.3172991
   5.9210290   8.1150299  10.0361005   9.3356218   8.6002424   8.1669484   7.9359179   7.8161726   7.7582691   7.7361936   7.7361375
   6.0010429   4.2013865   5.1771594   6.2129681   6.7038743   6.9263173   7.0259956   7.0682209   7.0937258   7.1221344   7.1593675
   6.0810568   2.9884798   3.1375594   4.1416023   5.1724570   5.8243569   6.1653592   6.3406757   6.4453113   6.5267452   6.6041148
   6.1610707   2.4715022   3.1529143   3.9157505   4.6498039   5.1694795   5.4956945   5.7036391   5.8522395   5.9752689   6.0886155
   6.2410847   4.0993429   4.8301461   4.9842388   4.8881899   4.9118702   5.0343620   5.1879529   5.3423039   5.4895598   5.6296712
   6.3210986   8.6401014   7.2771828   5.8800057   5.0844939   4.7501584   4.6977737   4.7857316   4.9282256   5.0848774   5.2404658
   6.4011125   7.2769131   6.0750086   5.1461127   4.6753395   4.4450614   4.4001539   4.4763933   4.6122191   4.7692601   4.9292190
   6.4811264   0.1799374   2.2520802   3.4711616   3.8741687   4.0263720   4.1327292   4.2525960   4.3927958   4.5444626   4.6987085
   6.5611403   2.1111041   2.1044268   2.7296556   3.3230167   3.7178059   3.9585846   4.1247664   4.2676671   4.4069787   4.5464287
   6.6411542   3.0037279   3.2733963   3.0614846   3.3613117   3.7024380   3.9420329   4.1042261   4.2312881   4.3484205   4.4651531
   6.7211681   4.1628471   3.4354335   3.7287797   3.8623932   3.9717654   4.0838126   4.1829034   4.2706152   4.3556645   4.4438213
   6.8011820   2.1313900   4.4071405   4.6732547   4.4948288   4.3562577   4.3147523   4.3278085   4.3639502   4.4117022   4.4687807
   6.8811959  10.1037033   6.6019895   5.3859980   4.9025498   4.6642160   4.5429071   4.4938322   4.4848375   4.4977064   4.5253619
   6.9612098   4.9238427   5.2023958   5.0703370   4.9356564   4.8099093   4.7087303   4.6435738   4.6088532   4.5959084   4.5995998
   7.0412237   2.5603757   3.5324181   4.5249685   4.8068228   4.8398587   4.8065947   4.7595942   4.7191842   4.6922509   4.6797671
   7.1212376   3.8675062   4.8156613   4.7120991   4.7820110   4.8512040   4.8657056   4.8428510   4.8082718   4.7778817   4.7573715
   7.2012515   8.0168542   5.6949394   4.9600220   4.8670405   4.8993267   4.9151923   4.9021678   4.8758225   4.8491971   4.8274034
   7.2812654   1.8383615   4.1497927   4.8756222   4.9802917   4.9769978   4.9624310   4.9446099   4.9256156   4.9067764   4.8878090
   7.3612793   5.5212175   5.0153055   5.1185347   5.1042584   5.0419651   4.9955322   4.9734041   4.9633386   4.9537368   4.9383213
   7.4412932   7.7355391   6.2046060   5.3984112   5.1553560   5.0489663   5.0024539   4.9927078   4.9957554   4.9937945   4.9788763
   7.5213071   3.5345540   4.8666337   5.1294171   5.0354955   4.9879486   4.9912277   5.0128168   5.0296623   5.0290341   5.0079181
   7.6013210   5.2277168   4.6929217   4.7255791   4.8214983   4.9149718   4.9954216   5.0487840   5.0688852   5.0574635   5.0209859
   7.6813350   4.2441735   4.4819293   4.4781163   4.7262556   4.9311277   5.0559008   5.1100947   5.1092836   5.0709246   5.0100693
   7.7613489   3.7858770   3.9041501   4.6100719   4.9258928   5.1054948   5.1857901   5.1862255   5.1341881   5.0544766   4.9641995
   7.8413628   4.9103790   5.4019653   5.3769620   5.4021219   5.4000005   5.3413511   5.2379988   5.1140456   4.9884199   4.8715161
   7.9213767   7.6577666   6.7661886   6.1804033   5.8997075   5.6593276   5.4225955   5.2036765   5.0129788   4.8533507   4.7225732
   8.0013906   5.1981937   6.4181285   6.4526668   6.0965178   5.6767614   5.3107223   5.0213147   4.8016073   4.6372233   4.5140822
   8.0814045   7.1774342   6.5651383   6.2601626   5.7631288   5.2953234   4.9269255   4.6589642   4.4715520   4.3420250   4.2518669
   8.1614184   8.3193332   6.2449071   5.2924462   4.8072290   4.4982634   4.2828321   4.1378302   4.0448925   3.9871679   3.9518064
   8.2414323   1.8605683   3.2487294   3.3671884   3.4077272   3.4501301   3.4934398   3.5348886   3.5730907   3.6075539   3.6380519
   8.3214462   0.0546936   0.6481487   1.5119237   2.0593850   2.4458516   2.7399518   2.9607894   3.1242926   3.2462459   3.3386975
   8.4014601   0.0632210   0.3114721   0.6920248   1.2492366   1.7721311   2.1972305   2.5215387   2.7633662   2.9439239   3.0800104
   8.4814740   1.0963675   0.6323784   0.7526567   1.1300706   1.5706348   1.9627642   2.2813056   2.5326398   2.7287231   2.8808894
   8.5614879   0.2154158   0.9938169   1.3312347   1.5624892   1.7929435   2.0236721   2.2434075   2.4410544   2.6099264   2.7491758
   8.6415018   2.7001603   2.2933664   2.2985768   2.2796621   2.2492288   2.2756152   2.3570457   2.4654100   2.5773776   2.6808052
   8.7215157   2.9938199   3.5594926   3.2745299   2.9440366   2.7043687   2.5798620   2.5441130   2.5617710   2.6062115   2.6618536
   8.8015296   5.8739377   4.2722339   3.6851894   3.2526951   2.9882275   2.8269488   2.7308221   2.6809367   2.6646698   2.6726753
   8.8815435   3.8595944   3.5700193   3.2758859   3.1626874   3.0752045   2.9726522   2.8683542   2.7813301   2.7221868   2.6928715
   8.9615574   1.0451651   1.9935559   2.6283072   2.9680523   3.0647396   3.0280244   2.9354284   2.8356091   2.7556162   2.7058472
   9.0415714   1.0546164   2.0607524   2.7135950   2.9893989   3.0575875   3.0171700   2.9280497   2.8315739   2.7527916   2.7020606
   9.1215853   4.7955212   3.9643335   3.4183208   3.1721260   3.0434590   2.9419745   2.8491113   2.7706603   2.7136851   2.6805195
   9.2015992   5.2229130   4.3302997   3.5998035   3.1641940   2.9223445   2.7851166   2.7076297   2.6669074   2.6497239   2.6484312
   9.2816131   2.3866293   2.7920947   2.9170450   2.7823960   2.6292468   2.5453548   2.5268878   2.5465664   2.5814788   2.6191471
   9.3616270   1.0694719   1.8153545   2.0903977   2.1876115   2.2194604   2.2697931   2.3515701   2.4459254   2.5345535   2.6087308
   9.4416409   2.7468431   1.6234252   1.5007589   1.6409580   1.8459908   2.0536875   2.2433354   2.4046914   2.5336839   2.6317322
   9.5216548   0.2955477   0.8639915   1.0599119   1.3378372   1.6853822   2.0059486   2.2619876   2.4547843   2.5958973   2.6970337
   9.6016687   0.1798471   0.5540062   0.9997618   1.4569366   1.8698457   2.1988001   2.4394296   2.6079974   2.7245965   2.8048258
   9.6816826   1.1935519   1.2669303   1.6894492   2.1244883   2.4237693   2.6251756   2.7595879   2.8481992   2.9068511   2.9456581
   9.7616965   2.0018582   2.7947600   3.1676798   3.2261716   3.2150990   3.1859043   3.1563970   3.1328710   3.1154691   3.1020161
   9.8417104   7.1118278   5.5640859   4.8215963   4.3315265   3.9805486   3.7203886   3.5339912   3.4049046   3.3157059   3.2521018
   9.9217243   7.2139749   6.4028028   5.5632859   4.9461311   4.4495240   4.0729735   3.8018499   3.6105916   3.4745054   3.3747273
  10.0017382   3.6228226   5.0414053   5.2229398   4.8822433   4.4900085   4.1619216   3.9087372   3.7163682   3.5689667   3.4538254
  10.0817521   5.8392814   4.7469911   4.4455778   4.3142436   4.1675689   4.0115800   3.8587231   3.7171483   3.5909865   3.4812383
  10.1617660   2.9806606   3.4674529   3.4514170   3.5723841   3.6894931   3.7297512   3.7017068   3.6330812   3.5466858   3.4571299
  10.2417799   1.3123438   2.0317470   2.6058142   3.0043932   3.2862259   3.4452391   3.5046326   3.4971913   3.4514848   3.3882699
  10.3217938   2.2179538   2.1210337   2.4747351   2.8491583   3.0923706   3.2423767   3.3196285   3.3405164   3.3234247   3.2851794
  10.4018078   2.6291785   2.8414233   3.0354606   3.0536779   3.0839507   3.1289279   3.1655714   3.1818337   3.1777338   3.1593733
  10.4818217   4.3409589   4.2738894   3.6431107   3.2827971   3.1187727   3.0520161   3.0303552   3.0258549   3.0246158   3.0216476
  10.5618356   5.3303073   4.0720379   3.5070910   3.2358474   3.0570319   2.9454957   2.8887407   2.8690222   2.8704449   2.8817011
  10.6418495   0.8652249   2.2216121   2.8462118   2.9304849   2.8562134   2.7736211   2.7231558   2.7085169   2.7209592   2.7487036
  10.7218634   1.9728545   2.3670137   2.5092453   2.5639777   2.5642864   2.5456968   2.5361866   2.5494558   2.5843356   2.6320123
  10.8018773   4.8860523   2.8989662   2.3072734   2.2166876   2.2562146   2.3034534   2.3510235   2.4071596   2.4723853   2.5412456
  10.8818912   0.5207315   1.5578332   1.7889440   1.8983756   1.9974209   2.0998167   2.2032889   2.3041529   2.3991295   2.4852898
  10.9619051   0.5659784   0.9144146   1.4699523   1.7028186   1.8403832   1.9836187   2.1299632   2.2635496   2.3771617   2.4703529
  11.0419190   1.4956351   1.8305614   1.6628936   1.6887703   1.8222444   1.9923170   2.1590031   2.3011573   2.4130372   2.4976674
  11.1219329   3.6360741   2.2173023   1.8002235   1.8070317   1.9682453   2.1469686   2.3003915   2.4184875   2.5032977   2.5617096
  11.2019468   0.4088956   1.2590849   1.7789950   2.0914563   2.2981950   2.4428121   2.5388963   2.5986261   2.6326438   2.6497647
  11.2819607   0.8835068   1.6685137   2.3615220   2.6706065   2.7971554   2.8355602   2.8309175   2.8066939   2.7752642   2.7433251
  11.3619746   4.3790341   4.0397000   3.6060083   3.4712742   3.3618385   3.2357219   3.1096620   2.9959145   2.8994792   2.8212741
  11.4419885   6.2363113   5.0567321   4.5596911   4.1445883   3.8041646   3.5272182   3.3010539   3.1186395   2.9747934   2.8642160
  11.5220024   3.2367307   4.8432464   4.7961861   4.3570722   3.9437076   3.6107459   3.3468475   3.1394529   2.9795109   2.8588699
  11.6020163   6.9680342   5.0761652   4.3648138   4.0164766   3.7151353   3.4486921   3.2254157   3.0459260   2.9066284   2.8013068
  11.6820302   2.4096387   3.1555471   3.3051413   3.2864518   3.2015239   3.0821960   2.9600782   2.8529437   2.7660808   2.6980482
  11.7620441   1.3161364   1.7963868   2.2618920   2.4777463   2.5761142   2.6102311   2.6110516   2.5988934   2.5825008   2.5646155
  11.8420581   1.8262948   1.7321264   1.6748550   1.8337067   2.0063359   2.1473179   2.2557568   2.3351521   2.3890609   2.4218356
  11.9220720   1.4811861   1.2795375   1.2967617   1.4159534   1.5929389   1.7871658   1.9669062   2.1125230   2.2191439   2.2908492
  12.0020859   0.1937246   0.7959610   1.0615464   1.2002518   1.3736670   1.5876543   1.7958714   1.9686512   2.0981463   2.1881269
  12.0820998   1.4355178   1.0910754   1.0672393   1.1712882   1.3604603   1.5716983   1.7633951   1.9194052   2.0375676   2.1217871
  12.1621137   1.4146244   1.2393903   1.1739529   1.3495582   1.5599850   1.7281043   1.8562487   1.9558395   2.0328457   2.0901277
  12.2421276   0.6954736   1.0053320   1.4860412   1.8018595   1.9485985   2.0052242   2.0294243   2.0472857   2.0653897   2.0826669
  12.3221415   0.8536943   1.9438188   2.4338145   2.5044492   2.4197925   2.3090743   2.2160337   2.1500956   2.1081623   2.0832972
  12.4021554   5.0669224   4.4141920   3.6594983   3.1402821   2.7789508   2.5253991   2.3461357   2.2200704   2.1331767   2.0745952
  12.4821693   6.5427413   4.9406041   3.9244007   3.2598062   2.8443137   2.5671952   2.3697961   2.2249069   2.1186910   2.0420605
  12.5621832   2.5988577   2.8689333   2.9145069   2.7659626   2.5858573   2.4187544   2.2737473   2.1522930   2.0539898   1.9771614
  12.6421971   0.6085218   1.1307142   1.7132085   2.0480024   2.1509852   2.1395818   2.0820731   2.0106941   1.9405136   1.8785168
  12.7222110   0.3455036   0.8302138   1.2343550   1.5452906   1.7373645   1.8224515   1.8405789   1.8230948   1.7894442   1.7511619
  12.8022249   2.0979375   1.5433153   1.3196738   1.3441166   1.4476640   1.5396133   1.5948396   1.6171576   1.6170917   1.6044265
  12.8822388   1.3984057   1.4985795   1.3511707   1.2590796   1.2632794   1.3171038   1.3745983   1.4164056   1.4399914   1.4492698
  12.9622527   0.8415700   1.1169127   1.1738942   1.1378252   1.1219011   1.1460492   1.1906147   1.2355868   1.2713205   1.2959054
  13.0422666   1.3311634   0.9925133   0.9499422   0.9764078   0.9901195   1.0085748   1.0408589   1.0806095   1.1193581   1.1522602
  13.1222805   0.4498899   0.6472998   0.7728244   0.8366222   0.8717250   0.8936404   0.9186958   0.9512827   0.9877726   1.0234165
  13.2022945   0.6306956   0.6664723   0.7195131   0.7526520   0.7775789   0.7972761   0.8179586   0.8446002   0.8769593   0.9118495
  13.2823084   0.9604990   0.8258600   0.7276770   0.7030816   0.7047364   0.7170016   0.7343992   0.7571355   0.7855914   0.8181032
  13.3623223   0.5723772   0.6809456   0.6707837   0.6471562   0.6413348   0.6497305   0.6654849   0.6862211   0.7118263   0.7415468
  13.4423362   0.6461065   0.5464862   0.5680085   0.5747298   0.5818282   0.5937129   0.6100685   0.6302241   0.6539647   0.6809697
  13.5223501   0.4389268   0.4766937   0.4803786   0.5091548   0.5322345   0.5499921   0.5681099   0.5883180   0.6106124   0.6349169
  13.6023640   0.4457930   0.3815053   0.4371931   0.4768458   0.5015595   0.5209531   0.5401171   0.5600100   0.5805112   0.6017880
  13.6823779   0.2172345   0.4207016   0.4705303   0.4805958   0.4913613   0.5078596   0.5263335   0.5445707   0.5622239   0.5797920
  13.7623918   0.7887981   0.6267468   0.5272489   0.4945192   0.4959491   0.5101077   0.5259712   0.5404978   0.5538372   0.5668708
  13.8424057   0.5715748   0.5415312   0.5018275   0.4985873   0.5121138   0.5259076   0.5366441   0.5451641   0.5528189   0.5606880
  13.9224196   0.1731173   0.3412036   0.4521524   0.5163091   0.5432361   0.5518566   0.5540358   0.5548135   0.5561160   0.5587366
  14.0024335   0.4024032   0.4263075   0.5349121   0.5818182   0.5880584   0.5809517   0.5721019   0.5650247   0.5605122   0.5585678
  14.0824474   0.7178517   0.8002815   0.7297891   0.6680062   0.6284069   0.6024161   0.5842930   0.5716178   0.5631634   0.5580868
  14.1624613   1.2655171   1.0222406   0.8094125   0.6955092   0.6381950   0.6062189   0.5857351   0.5717371   0.5621416   0.5558272
  14.2424752   0.7115096   0.6705731   0.6561026   0.6318337   0.6085429   0.5896083   0.5752954   0.5646514   0.5567833   0.5511118
  14.3224891   0.0621123   0.2993683   0.4646741   0.5375918   0.5577744   0.5593571   0.5560902   0.5518491   0.5476919   0.5440402
  14.4025030   0.3645299   0.3803295   0.4384506   0.4854324   0.5128634   0.5272192   0.5339206   0.5363210   0.5363744   0.5353025
  14.4825169   0.5777271   0.5915154   0.5016518   0.4758919   0.4868140   0.5029195   0.5145687   0.5213391   0.5246463   0.5258798
  14.5625309   0.8611824   0.5571592   0.4863106   0.4706897   0.4776641   0.4903963   0.5015357   0.5092852   0.5140317   0.5167344
  14.6425448   0.0654457   0.3047649   0.4244081   0.4674658   0.4807557   0.4883354   0.4952251   0.5010110   0.5053774   0.5085853
  14.7225587   0.2395490   0.3984389   0.4639806   0.4881152   0.4921388   0.4923104   0.4935445   0.4959090   0.4987972   0.5018328
  14.8025726   0.9906949   0.6766136   0.5624560   0.5191800   0.5038234   0.4967977   0.4932986   0.4925473   0.4939220   0.4966262
  14.8825865   0.5237271   0.6231247   0.5627335   0.5233170   0.5064083   0.4972327   0.4916911   0.4895362   0.4903122   0.4930203
  14.9626004   0.5359984   0.4333592   0.4788754   0.4993914   0.4978124   0.4917742   0.4874518   0.4862758   0.4878427   0.4911293
  15.0426143   0.0694693   0.3482774   0.4497866   0.4794411   0.4833796   0.4816701   0.4813374   0.4833298   0.4868924   0.4911992
  15.1226282   0.8249254   0.5724630   0.4945234   0.4714612   0.4676837   0.4704326   0.4759837   0.4823025   0.4882527   0.4935593
  15.2026421   0.6220996   0.5614979   0.4819792   0.4533915   0.4529169   0.4631952   0.4751615   0.4852288   0.4927776   0.4984712
  15.2826560   0.1386503   0.3241219   0.3988414   0.4252464   0.4460556   0.4662089   0.4824409   0.4936366   0.5009146   0.5059491
  15.3626699   0.3856486   0.3204388   0.3693482   0.4229717   0.4602906   0.4846967   0.4993929   0.5076085   0.5123291   0.5156502
  15.4426838   0.2530002   0.4035655   0.4369155   0.4746941   0.5039384   0.5186639   0.5239760   0.5253036   0.5258359   0.5269140
  15.5226977   0.6934892   0.5657227   0.5642895   0.5701511   0.5679543   0.5596440   0.5502787   0.5433484   0.5397512   0.5389672
  15.6027116   0.5828245   0.7043488   0.7051148   0.6669880   0.6253634   0.5924373   0.5705452   0.5581713   0.5525818   0.5512280
  15.6827255   1.1042204   0.8912204   0.7933895   0.7097944   0.6451283   0.6028240   0.5791088   0.5678072   0.5637700   0.5635756
  15.7627394   0.6975312   0.8390330   0.7373728   0.6611181   0.6131565   0.5873146   0.5762365   0.5732526   0.5741104   0.5764366
  15.8427533   0.7456200   0.5411255   0.5383884   0.5399328   0.5470321   0.5581751   0.5692695   0.5784740   0.5855517   0.5906018
  15.9227673   0.0699930   0.2331046   0.3399446   0.4245017   0.4912004   0.5388358   0.5696586   0.5887918   0.6003631   0.6067954
  16.0027812   0.0391571   0.1884979   0.2906220   0.4011397   0.4913768   0.5509115   0.5870509   0.6082872   0.6199712   0.6251368
  16.0827951   0.6195296   0.3711730   0.4230283   0.5051548   0.5637295   0.6005906   0.6237773   0.6375222   0.6439625   0.6446981
  16.1628090   0.1758679   0.6127123   0.6970017   0.6953936   0.6807197   0.6739617   0.6731639   0.6727488   0.6696908   0.6633379
  16.2428229   1.6200876   1.1466188   0.9918289   0.8660987   0.7870428   0.7453606   0.7226619   0.7069410   0.6926514   0.6778973
  16.3228368   1.3231930   1.3077247   1.0587613   0.9146934   0.8390154   0.7929168   0.7594929   0.7319657   0.7074497   0.6847145
  16.4028507   0.8523683   0.8246336   0.8324314   0.8456709   0.8362013   0.8090259   0.7749633   0.7407291   0.7089884   0.6803201
  16.4828646   0.0320646   0.3353925   0.6376249   0.7765612   0.8114899   0.7976301   0.7651572   0.7284694   0.6935100   0.6621329
  16.5628785   0.4339769   0.6657516   0.7539018   0.7883783   0.7866274   0.7628089   0.7290260   0.6931527   0.6592907   0.6290000
  16.6428924   1.6876882   1.2461827   0.9519206   0.8130062   0.7447096   0.7017205   0.6668616   0.6354655   0.6069480   0.5814798
  16.7229063   0.9399426   1.0047198   0.8584416   0.7303896   0.6532540   0.6094098   0.5809990   0.5588087   0.5393941   0.5218249
  16.8029202   0.4385576   0.4446650   0.5260712   0.5287353   0.5073126   0.4893436   0.4777016   0.4691872   0.4614517   0.4536783
  16.8829341   0.0640842   0.1423882   0.2298133   0.3031922   0.3402889   0.3575467   0.3676136   0.3745739   0.3791416   0.3815368
  16.9629480   0.0052241   0.0285142   0.0753922   0.1393099   0.1960226   0.2358758   0.2633945   0.2835257   0.2987162   0.3100832
  17.0429619   0.0099905   0.0077003   0.0208431   0.0538833   0.0986324   0.1410306   0.1757159   0.2033867   0.2256290   0.2435159
  17.1229758   0.0016901   0.0042585   0.0087947   0.0217539   0.0465763   0.0783352   0.1101347   0.1387960   0.1637061   0.1850129
  17.2029897   0.0011361   0.0077930   0.0113183   0.0150267   0.0249379   0.0431504   0.0665031   0.0911128   0.1147441   0.1364320
  17.2830036   0.0282245   0.0213446   0.0181568   0.0166084   0.0184218   0.0264234   0.0406888   0.0588839   0.0786101   0.0982886
  17.3630176   0.0316115   0.0262654   0.0214364   0.0181379   0.0170891   0.0197064   0.0271465   0.0389741   0.0537378   0.0699722
  17.4430315   0.0188640   0.0191788   0.0182874   0.0170412   0.0165808   0.0174716   0.0209328   0.0277873   0.0378008   0.0501119
  17.5230454   0.0111219   0.0111075   0.0127908   0.0149244   0.0162378   0.0170486   0.0185817   0.0221448   0.0283371   0.0369775
  17.6030593   0.0018693   0.0058492   0.0110488   0.0148990   0.0167667   0.0174531   0.0180459   0.0196801   0.0231821   0.0288216
  17.6830732   0.0048125   0.0127664   0.0168298   0.0180659   0.0183125   0.0182299   0.0182373   0.0188549   0.0206736   0.0241105
  17.7630871   0.0401867   0.0319748   0.0256099   0.0218369   0.0198433   0.0189186   0.0186105   0.0187874   0.0196718   0.0216337
  17.8431010   0.0452443   0.0345417   0.0268904   0.0224188   0.0200888   0.0191671   0.0189483   0.0190435   0.0194714   0.0205158
  17.9231149   0.0065756   0.0166631   0.0193814   0.0191832   0.0189456   0.0190573   0.0192744   0.0194558   0.0196718   0.0201667
  18.0031288   0.0075398   0.0087016   0.0121230   0.0154568   0.0178032   0.0191252   0.0197471   0.0199770   0.0200522   0.0202078
  18.0831427   0.0092025   0.0082674   0.0106926   0.0152134   0.0183755   0.0199226   0.0204802   0.0205665   0.0204762   0.0204008
  18.1631566   0.0028540   0.0100190   0.0167900   0.0198130   0.0210899   0.0214602   0.0213803   0.0211265   0.0208370   0.0205950
  18.2431705   0.0225207   0.0309216   0.0293367   0.0266263   0.0244667   0.0230438   0.0221291   0.0215029   0.0210409   0.0206960
  18.3231844   0.0768945   0.0499857   0.0374189   0.0303631   0.0261302   0.0237080   0.0223519   0.0215470   0.0210209   0.0206537
  18.4031983   0.0251797   0.0345564   0.0318294   0.0276861   0.0247320   0.0229314   0.0218597   0.0211956   0.0207586   0.0204585
  18.4832122   0.0149665   0.0157705   0.0190856   0.0206556   0.0211079   0.0210418   0.0207845   0.0205146   0.0202969   0.0201389
  18.5632261   0.0034442   0.0057086   0.0098701   0.0145757   0.0175676   0.0189704   0.0195046   0.0196778   0.0197312   0.0197537
  18.6432400   0.0001123   0.0036662   0.0089274   0.0131847   0.0159841   0.0175736   0.0184239   0.0188944   0.0191819   0.0193779
  18.7232540   0.0094701   0.0141152   0.0157419   0.0159970   0.0164303   0.0171003   0.0177737   0.0183325   0.0187617   0.0190859
  18.8032679   0.0395363   0.0302547   0.0231246   0.0191765   0.0174941   0.0172194   0.0175712   0.0180787   0.0185491   0.0189361
  18.8832818   0.0321630   0.0273056   0.0224799   0.0193086   0.0178392   0.0174962   0.0177228   0.0181442   0.0185774   0.0189610
  18.9632957   0.0060833   0.0123709   0.0155379   0.0168747   0.0174695   0.0178237   0.0181495   0.0184927   0.0188378   0.0191652
  19.0433096   0.0057717   0.0065802   0.0114677   0.0154118   0.0175046   0.0184226   0.0188201   0.0190626   0.0192895   0.0195289
  19.1233235   0.0045383   0.0116594   0.0149870   0.0173667   0.0188277   0.0194757   0.0196895   0.0197747   0.0198736   0.0200170
  19.2033374   0.0328436   0.0253934   0.0228414   0.0216213   0.0210862   0.0208135   0.0206359   0.0205387   0.0205278   0.0205887
  19.2833513   0.0323400   0.0319491   0.0281433   0.0249751   0.0230075   0.0219740   0.0214847   0.0212718   0.0212002   0.0212065
  19.3633652   0.0308961   0.0298028   0.0275897   0.0253056   0.0235653   0.0225722   0.0221133   0.0219281   0.0218603   0.0218418
  19.4433791   0.0232004   0.0227201   0.0231941   0.0231007   0.0228282   0.0226307   0.0225455   0.0225185   0.0225009   0.0224756
  19.5233930   0.0132460   0.0172085   0.0188898   0.0205686   0.0218420   0.0225820   0.0229471   0.0230984   0.0231295   0.0230944
  19.6034069   0.0180544   0.0155687   0.0174063   0.0198944   0.0218070   0.0229503   0.0235119   0.0237252   0.0237511   0.0236844
  19.6834208   0.0070121   0.0169441   0.0201017   0.0219850   0.0232284   0.0239677   0.0243184   0.0244091   0.0243522   0.0242268
  19.7634347   0.0397922   0.0270884   0.0262993   0.0259084   0.0255870   0.0254041   0.0252584   0.0250886   0.0248941   0.0246969
  19.8434486   0.0212305   0.0344667   0.0319279   0.0293496   0.0277181   0.0267174   0.0260855   0.0256496   0.0253227   0.0250701
  19.9234625   0.0551200   0.0372230   0.0327230   0.0303538   0.0286271   0.0273943   0.0265486   0.0259772   0.0255910   0.0253322
  20.0034764   0.0178662   0.0268114   0.0291506   0.0289358   0.0281035   0.0272340   0.0265223   0.0260140   0.0256842   0.0254903
  20.0834904   0.0239601   0.0247508   0.0259569   0.0266061   0.0266714   0.0264029   0.0260631   0.0257948   0.0256367   0.0255800
  20.1635043   0.0281481   0.0257226   0.0242108   0.0246069   0.0250588   0.0252825   0.0253773   0.0254434   0.0255327   0.0256657
  20.2435182   0.0183899   0.0208082   0.0227328   0.0232788   0.0237572   0.0242718   0.0247399   0.0251390   0.0254917   0.0258336
  20.3235321   0.0194446   0.0221301   0.0223974   0.0225097   0.0229747   0.0236804   0.0244127   0.0250687   0.0256433   0.0261810
  20.4035460   0.0378128   0.0245727   0.0220902   0.0221400   0.0228421   0.0237200   0.0245903   0.0253841   0.0261029   0.0268061
  20.4835599   0.0061960   0.0182983   0.0211676   0.0224704   0.0235622   0.0245117   0.0253712   0.0261745   0.0269561   0.0278052
  20.5635738   0.0261351   0.0209613   0.0225882   0.0242408   0.0252906   0.0260543   0.0267501   0.0274624   0.0282609   0.0292834
  20.6435877   0.0235610   0.0265465   0.0271212   0.0275567   0.0278588   0.0281908   0.0286344   0.0292230   0.0300704   0.0313817
  20.7236016   0.0347021   0.0336022   0.0324536   0.0312870   0.0307249   0.0306582   0.0308920   0.0314310   0.0324814   0.0343229
  20.8036155   0.0377943   0.0384007   0.0356169   0.0340069   0.0333571   0.0332294   0.0334274   0.0341332   0.0357062   0.0384730
  20.8836294   0.0448010   0.0360399   0.0354506   0.0355361   0.0357045   0.0358462   0.0362734   0.0375504   0.0401659   0.0444108
  20.9636433   0.0178943   0.0314368   0.0352837   0.0372862   0.0381883   0.0386472   0.0397066   0.0422100   0.0465936   0.0529921
  21.0436572   0.0421623   0.0376130   0.0391201   0.0406274   0.0411567   0.0419814   0.0444218   0.0490969   0.0561256   0.0653896
  21.1236711   0.0458145   0.0460791   0.0461069   0.0449383   0.0445710   0.0466577   0.0517827   0.0597893   0.0703479   0.0830869
  21.2036850   0.0552913   0.0560893   0.0513765   0.0479946   0.0488764   0.0545542   0.0640700   0.0765088   0.0912600   0.1078081
  21.2836989   0.0689327   0.0556892   0.0493365   0.0497286   0.0570064   0.0692431   0.0845335   0.1020091   0.1211264   0.1413727
  21.3637128   0.0301260   0.0361515   0.0437998   0.0573789   0.0757964   0.0958952   0.1170463   0.1392566   0.1622109   0.1854859
  21.4437267   0.0183819   0.0315764   0.0563674   0.0864753   0.1143838   0.1399949   0.1653532   0.1909372   0.2164260   0.2414895
  21.5237407   0.0447111   0.0785273   0.1173481   0.1521317   0.1793017   0.2054149   0.2321678   0.2588977   0.2849615   0.3101184
  21.6037546   0.1647512   0.2097698   0.2416141   0.2537848   0.2703267   0.2932176   0.3184803   0.3436663   0.3679791   0.3913152
  21.6837685   0.4800077   0.4409527   0.3880375   0.3721632   0.3824073   0.4019575   0.4232495   0.4441740   0.4644555   0.4841466
  21.7637824   0.7240646   0.5286665   0.4864190   0.4946982   0.5121727   0.5285386   0.5433963   0.5577573   0.5722300   0.5868468
  21.8437963   0.2105336   0.4606875   0.5845711   0.6382882   0.6592511   0.6680558   0.6740131   0.6804818   0.6882654   0.6969748
  21.9238102   0.7125518   0.7442209   0.7994158   0.8186805   0.8180727   0.8129113   0.8089665   0.8077819   0.8090656   0.8116382
  22.0038241   1.3680626   1.1792802   1.0647564   1.0038629   0.9721307   0.9536172   0.9421398   0.9352943   0.9311217   0.9277071
  22.0838380   1.3260298   1.3057713   1.2057056   1.1395216   1.1035686   1.0825263   1.0690999   1.0596063   1.0512137   1.0419393
  22.1638519   1.2397265   1.1859843   1.2153164   1.2192461   1.2093089   1.1979566   1.1882951   1.1785270   1.1664159   1.1509726
  22.2438658   0.9267071   1.1497143   1.2453978   1.2899784   1.3030746   1.3047166   1.3007524   1.2905865   1.2737541   1.2512089
  22.3238797   1.4791082   1.3731955   1.3747929   1.3872689   1.4013680   1.4101037   1.4079467   1.3937987   1.3696487   1.3386895
  22.4038936   1.5163137   1.5828680   1.5226506   1.5024513   1.5119436   1.5180377   1.5085847   1.4841826   1.4494493   1.4091198
  22.4839075   1.9183079   1.6482982   1.6064813   1.6233698   1.6335477   1.6240488   1.5958171   1.5548764   1.5074541   1.4581903
  22.5639214   1.1162218   1.5295543   1.7118324   1.7648088   1.7543367   1.7123306   1.6565938   1.5966712   1.5376970   1.4822538
  22.6439353   2.0777119   1.9573776   1.9556027   1.9162829   1.8422051   1.7568427   1.6744345   1.6003171   1.5354959   1.4792687
  22.7239492   2.7244406   2.3942061   2.1626245   1.9873912   1.8455747   1.7295938   1.6355929   1.5601204   1.4993671   1.4497570
  22.8039631   2.1025563   2.2415396   2.0600192   1.8673061   1.7221001   1.6155356   1.5365498   1.4775055   1.4326050   1.3974358
  22.8839771   2.0072525   1.7282748   1.6186895   1.5431372   1.4773093   1.4260792   1.3891036   1.3628465   1.3437903   1.3292106
  22.9639910   0.7083682   0.9106414   1.0490407   1.1309570   1.1744125   1.2006876   1.2196557   1.2343512   1.2457892   1.2543879
  23.0440049   0.2161229   0.4552412   0.6431840   0.7867852   0.9026795   0.9932807   1.0620500   1.1139948   1.1533571   1.1832162
  23.1240188   0.6229085   0.4752376   0.4905397   0.5999082   0.7324602   0.8511050   0.9469046   1.0218707   1.0800214   1.1251068
  23.2040327   0.3571029   0.4396815   0.4823252   0.5778799   0.6905238   0.7980655   0.8923061   0.9710864   1.0352307   1.0870167
  23.2840466   0.3452314   0.4598465   0.6074633   0.6943970   0.7610550   0.8299194   0.8997998   0.9650639   1.0226709   1.0724437
  23.3640605   0.6750849   0.8676068   0.9018600   0.8961175   0.8992544   0.9211960   0.9566629   0.9979888   1.0402142   1.0812978
  23.4440744   1.8547037   1.4095930   1.1914567   1.0930644   1.0519819   1.0386378   1.0424274   1.0578457   1.0814008   1.1106436
  23.5240883   1.3710706   1.3420643   1.2693858   1.2195287   1.1821378   1.1540106   1.1361806   1.1306600   1.1378931   1.1560514
  23.6041022   0.7545772   1.0835082   1.2565783   1.2943371   1.2801569   1.2503008   1.2218303   1.2045340   1.2021364   1.2131261
  23.6841161   1.3742044   1.3577222   1.3562766   1.3666774   1.3510696   1.3203340   1.2905804   1.2725914   1.2694998   1.2787417
  23.7641300   1.9309119   1.5891528   1.4852956   1.4318210   1.3944978   1.3629461   1.3417323   1.3345116   1.3393433   1.3515875
  23.8441439   1.1675231   1.5298100   1.5092134   1.4467175   1.4035046   1.3830434   1.3831447   1.3965131   1.4146817   1.4318178
  23.9241578   2.0135734   1.5021076   1.4254502   1.3965814   1.3824019   1.3965052   1.4311123   1.4694869   1.5003696   1.5198525
  24.0041717   0.8868338   1.2192953   1.2905119   1.3175424   1.3633269   1.4340869   1.5075276   1.5649598   1.6000956   1.6146556
  24.0841856   1.1544869   1.1702661   1.2010571   1.2808080   1.4079154   1.5360530   1.6321009   1.6892058   1.7129542   1.7120618
  24.1641995   1.3490906   1.1636811   1.2074607   1.3869095   1.5889967   1.7329439   1.8102228   1.8371521   1.8307968   1.8038243
  24.2442135   0.9088512   1.1548816   1.4481379   1.7588831   1.9445323   2.0174404   2.0216680   1.9889489   1.9376815   1.8779396
  24.3242274   1.5218977   1.7275695   2.2457417   2.4295414   2.4130218   2.3249319   2.2183133   2.1120346   2.0122466   1.9204410
  24.4042413   2.6172635   3.7171984   3.5236455   3.1428901   2.8098462   2.5452205   2.3365914   2.1695163   2.0327663   1.9183385
  24.4842552   8.8244428   5.5654351   4.1812990   3.4066656   2.9128790   2.5713826   2.3219900   2.1323981   1.9834051   1.8628965
  24.5642691   2.7682858   3.6072774   3.3414516   2.9522350   2.6214177   2.3594933   2.1536531   1.9905357   1.8594181   1.7522192
  24.6442830   0.6570167   1.2616248   1.8525385   2.0495326   2.0390564   1.9556403   1.8548315   1.7571660   1.6692594   1.5922671
  24.7242969   0.4742174   0.5842455   0.8752556   1.1985291   1.3898764   1.4687629   1.4828802   1.4648261   1.4327473   1.3959430
  24.8043108   0.4813859   0.4466596   0.4808599   0.6551317   0.8586463   1.0115715   1.1052370   1.1547533   1.1760333   1.1805327
  24.8843247   0.3041705   0.2838497   0.3082903   0.3760418   0.5076229   0.6532798   0.7754732   0.8647892   0.9253218   0.9643129
  24.9643386   0.1127852   0.1758568   0.2031311   0.2374990   0.3061306   0.4093232   0.5208970   0.6207629   0.7015307   0.7633245
  25.0443525   0.1426526   0.1298991   0.1439709   0.1633384   0.1978696   0.2601462   0.3439990   0.4337664   0.5173704   0.5891211
  25.1243664   0.0776984   0.1126275   0.1128587   0.1211188   0.1402594   0.1759711   0.2321477   0.3025871   0.3771324   0.4478657
  25.2043803   0.1402426   0.0945189   0.0887496   0.0970185   0.1103365   0.1320587   0.1680495   0.2186680   0.2784677   0.3406754
  25.2843942   0.0021915   0.0459308   0.0744413   0.0870325   0.0976846   0.1128046   0.1364339   0.1709110   0.2149850   0.2647899
  25.3644081   0.0565195   0.0807118   0.0853336   0.0895071   0.0976867   0.1098966   0.1263064   0.1487838   0.1786467   0.2150464
  25.4444220   0.2136031   0.1296182   0.1013030   0.1000208   0.1084113   0.1191302   0.1302932   0.1435280   0.1614201   0.1852473
  25.5244359   0.0343436   0.0855850   0.1054921   0.1183366   0.1296180   0.1375619   0.1428953   0.1480978   0.1561391   0.1692009
  25.6044499   0.0498879   0.0992132   0.1311000   0.1519893   0.1602976   0.1611691   0.1589543   0.1566810   0.1568326   0.1613991
  25.6844638   0.2323896   0.1907639   0.1991169   0.2012600   0.1941103   0.1835451   0.1730668   0.1644293   0.1588312   0.1574012
  25.7644777   0.2003574   0.2983250   0.2779137   0.2448616   0.2179360   0.1967334   0.1801737   0.1676325   0.1588519   0.1540157
  25.8444916   0.5869085   0.3838565   0.3005309   0.2516359   0.2182413   0.1943783   0.1769579   0.1641852   0.1550878   0.1493381
  25.9245055   0.1988896   0.2402028   0.2310840   0.2107651   0.1911724   0.1753070   0.1631538   0.1539716   0.1472146   0.1426661
  26.0045194   0.0274200   0.0910165   0.1301483   0.1440815   0.1464331   0.1447391   0.1418262   0.1388111   0.1362046   0.1342920
  26.0845333   0.0884902   0.0539474   0.0628839   0.0838513   0.1009929   0.1119380   0.1182608   0.1218412   0.1239104   0.1251863
  26.1645472   0.0021309   0.0194372   0.0292690   0.0480298   0.0690273   0.0858518   0.0979796   0.1065226   0.1124892   0.1166137
  26.2445611   0.0000003   0.0038247   0.0212071   0.0393439   0.0561166   0.0715646   0.0848982   0.0956424   0.1038151   0.1097535
  26.3245750   0.0005080   0.0244050   0.0438804   0.0520837   0.0594422   0.0693923   0.0804576   0.0906666   0.0990336   0.1053947
  26.4045889   0.0983584   0.1020465   0.0833064   0.0730143   0.0717628   0.0764726   0.0838727   0.0915847   0.0983551   0.1037658
  26.4846028   0.2019840   0.1325960   0.0999698   0.0884696   0.0869088   0.0892277   0.0929922   0.0971535   0.1010982   0.1045172
  26.5646167   0.0162722   0.0681077   0.0890690   0.0987508   0.1033620   0.1048237   0.1050955   0.1053394   0.1059272   0.1068448
  26.6446306   0.0485756   0.0652918   0.0975855   0.1169239   0.1222490   0.1208549   0.1173053   0.1137917   0.1112011   0.1097084
  26.7246445   0.1404783   0.1398269   0.1480570   0.1470304   0.1415469   0.1342524   0.1267930   0.1202896   0.1153546   0.1120903
  26.8046584   0.2745917   0.2422763   0.2006659   0.1718224   0.1539320   0.1412313   0.1311547   0.1231693   0.1172435   0.1132326
  26.8846723   0.2920755   0.2421771   0.1977627   0.1703045   0.1520215   0.1389088   0.1290660   0.1216996   0.1163952   0.1128016
  26.9646862   0.0992706   0.1239473   0.1427208   0.1425296   0.1351809   0.1272544   0.1209043   0.1163077   0.1131075   0.1109424
  27.0447002   0.0165947   0.0665543   0.0950334   0.1072438   0.1099990   0.1095759   0.1088830   0.1085262   0.1083580   0.1082107
  27.1247141   0.1408397   0.0875006   0.0753493   0.0784999   0.0849874   0.0912297   0.0964981   0.1006078   0.1035288   0.1053978
  27.2047280   0.0572643   0.0637833   0.0562172   0.0574218   0.0665752   0.0777183   0.0874758   0.0948788   0.1000066   0.1032941
  27.2847419   0.0056654   0.0193490   0.0326498   0.0451382   0.0593608   0.0731846   0.0845990   0.0930210   0.0987693   0.1024569
  27.3647558   0.0008821   0.0086474   0.0284320   0.0499982   0.0666726   0.0793198   0.0887791   0.0955196   0.1000872   0.1030509
  27.4447697   0.0177182   0.0373788   0.0616659   0.0780582   0.0882023   0.0945228   0.0986551   0.1014788   0.1034432   0.1048112
  27.5247836   0.1187609   0.1270867   0.1262386   0.1212861   0.1173616   0.1138405   0.1109264   0.1088974   0.1077074   0.1071394
  27.6047975   0.2670255   0.2233042   0.1821227   0.1592786   0.1428263   0.1304211   0.1214331   0.1153392   0.1115139   0.1093028
  27.6848114   0.2016517   0.2035389   0.1950172   0.1744367   0.1542416   0.1382493   0.1266670   0.1187738   0.1137142   0.1106695
  27.7648253   0.1245489   0.1787701   0.1769399   0.1628956   0.1476152   0.1347885   0.1251013   0.1182758   0.1137465   0.1109014
  27.8448392   0.2447317   0.1638455   0.1390975   0.1317177   0.1268025   0.1220246   0.1177324   0.1143104   0.1117916   0.1100411
  27.9248531   0.0245491   0.0694802   0.0854413   0.0941703   0.1011226   0.1053856   0.1075836   0.1084966   0.1086643   0.1084697
  28.0048670   0.0193241   0.0244952   0.0465626   0.0665351   0.0808217   0.0912249   0.0984294   0.1029550   0.1054888   0.1067585
  28.0848809   0.0128416   0.0262410   0.0442636   0.0590307   0.0724552   0.0842382   0.0933368   0.0995128   0.1032901   0.1054756
  28.1648948   0.0508415   0.0732832   0.0672052   0.0688073   0.0768368   0.0859990   0.0936225   0.0990754   0.1026574   0.1050267
  28.2449087   0.1798359   0.1037299   0.0871516   0.0866773   0.0906262   0.0949301   0.0985521   0.1013888   0.1036067   0.1055958
  28.3249226   0.0132385   0.0781596   0.1012795   0.1085421   0.1089097   0.1072035   0.1057820   0.1052584   0.1056946   0.1072154
  28.4049366   0.1511317   0.1221979   0.1332815   0.1330753   0.1257675   0.1180136   0.1123311   0.1091275   0.1083462   0.1099541
  28.4849505   0.1374249   0.1966955   0.1721492   0.1502182   0.1343253   0.1231501   0.1157700   0.1118174   0.1112977   0.1141684
  28.5649644   0.3478182   0.2173652   0.1712448   0.1448697   0.1298421   0.1207762   0.1152596   0.1131964   0.1150205   0.1207428
  28.6449783   0.0565648   0.1135313   0.1185923   0.1164888   0.1143808   0.1125737   0.1120939   0.1146013   0.1210101   0.1312411
  28.7249922   0.0185566   0.0321122   0.0631502   0.0853284   0.0969197   0.1032479   0.1096239   0.1189394   0.1318561   0.1479062
  28.8050061   0.0103611   0.0252438   0.0509596   0.0729862   0.0870226   0.0987068   0.1127945   0.1304853   0.1510536   0.1734801
  28.8850200   0.0473913   0.0749842   0.0799785   0.0812459   0.0888214   0.1048085   0.1276798   0.1544097   0.1825544   0.2108527
  28.9650339   0.2052607   0.1456652   0.1090683   0.0950494   0.1032308   0.1281127   0.1610817   0.1960217   0.2301022   0.2625984
  29.0450478   0.1227374   0.1153397   0.1022301   0.1085754   0.1371758   0.1773869   0.2197035   0.2597045   0.2964580   0.3304950
  29.1250617   0.0083386   0.0465331   0.0911787   0.1485221   0.2087142   0.2625229   0.3083315   0.3476663   0.3827033   0.4151503
  29.2050756   0.0443926   0.0748338   0.1669298   0.2649283   0.3377900   0.3890958   0.4272926   0.4589153   0.4878595   0.5158453
  29.2850895   0.1650908   0.2874820   0.4141458   0.4850614   0.5261259   0.5515567   0.5706763   0.5890588   0.6090269   0.6306510
  29.3651034   0.7651532   0.8439302   0.8010520   0.7676051   0.7447715   0.7314270   0.7271843   0.7313589   0.7420756   0.7567798
  29.4451173   1.6126449   1.2988089   1.1262712   1.0168124   0.9461060   0.9044593   0.8841941   0.8788731   0.8826684   0.8910388
  29.5251312   1.0953941   1.2905188   1.2470440   1.1608104   1.0947983   1.0535792   1.0333301   1.0267667   1.0271748   1.0301963
  29.6051451   1.5184746   1.2635425   1.2216353   1.2103348   1.1918205   1.1789350   1.1742601   1.1735220   1.1730145   1.1711092
  29.6851590   0.8174627   1.0755107   1.1836484   1.2376301   1.2720881   1.2978264   1.3139638   1.3201551   1.3182034   1.3105711
  29.7651730   1.0556624   1.1895697   1.2540613   1.3132711   1.3818031   1.4340289   1.4611989   1.4676038   1.4603024   1.4450033
  29.8451869   1.7101110   1.4865648   1.4088294   1.4755612   1.5539246   1.6021018   1.6188419   1.6136021   1.5953546   1.5702187
  29.9252008   1.2722823   1.4371208   1.6351699   1.7443142   1.7890896   1.7945622   1.7784679   1.7509016   1.7175040   1.6814993
  30.0052147   1.4810388   1.9159335   2.0856331   2.0951633   2.0425641   1.9794503   1.9208911   1.8681861   1.8197180   1.7740920
  30.0852286   3.4812014   2.9311192   2.6168323   2.3957719   2.2325474   2.1126681   2.0233789   1.9536206   1.8954730   1.8440287
  30.1652425   3.3313570   3.1326258   2.7470485   2.4677569   2.2858028   2.1611930   2.0701821   1.9994269   1.9407242   1.8889850
  30.2452564   2.6161321   2.3938038   2.3498714   2.2744093   2.1946379   2.1230904   2.0604107   2.0051402   1.9552601   1.9088357
  30.3252703   0.9479345   1.5754651   1.8427968   1.9789457   2.0275545   2.0290361   2.0084153   1.9778181   1.9427920   1.9056598
  30.4052842   1.6920823   1.4819169   1.6228943   1.7780954   1.8762182   1.9232892   1.9364757   1.9291210   1.9097194   1.8831657
  30.4852981   1.6498336   1.6515633   1.6816645   1.7293051   1.7907163   1.8387427   1.8644750   1.8708452   1.8631183   1.8457374
  30.5653120   1.7310854   1.8932943   1.8013158   1.7568219   1.7621382   1.7839636   1.8026335   1.8111294   1.8087982   1.7974371
  30.6453259   2.5190277   1.9156004   1.8086776   1.7738406   1.7531268   1.7476716   1.7505085   1.7528837   1.7501441   1.7412916
  30.7253398   0.9535557   1.5842492   1.7491702   1.7576301   1.7327596   1.7121582   1.7010739   1.6945946   1.6880203   1.6790489
  30.8053537   1.9875530   1.8137983   1.7477484   1.7147150   1.6874736   1.6643119   1.6461630   1.6325085   1.6215450   1.6114028
  30.8853676   2.0744150   1.8434369   1.6866015   1.6359294   1.6169800   1.5992843   1.5800919   1.5628994   1.5492707   1.5385294
  30.9653815   1.3341673   1.4095843   1.5034473   1.5280858   1.5297581   1.5181385   1.5005582   1.4836018   1.4703009   1.4607050
  31.0453954   0.9582242   1.2715651   1.3814602   1.4306452   1.4353089   1.4232312   1.4079447   1.3946893   1.3850367   1.3787940
  31.1254093   1.7540562   1.4180850   1.3770025   1.3539410   1.3325265   1.3155071   1.3047388   1.2985718   1.2954359   1.2944708
  31.2054233   1.2510428   1.4498908   1.3316465   1.2499558   1.2100106   1.1965734   1.1958315   1.1997149   1.2047941   1.2101334
  31.2854372   1.4339479   1.1927134   1.1254929   1.0782728   1.0655604   1.0739103   1.0888895   1.1039274   1.1171332   1.1285614
  31.3654511   0.6579842   0.7750876   0.8235456   0.8749600   0.9237270   0.9628397   0.9932423   1.0171099   1.0363495   1.0524347
  31.4454650   0.5160862   0.4792016   0.6010071   0.7365525   0.8254063   0.8802749   0.9167354   0.9436682   0.9653606   0.9838661
  31.5254789   0.0327790   0.3984288   0.6240412   0.7310906   0.7934959   0.8334942   0.8620963   0.8852215   0.9055329   0.9240898
  31.6054928   1.1414714   0.9699093   0.8611019   0.8190796   0.8089525   0.8138678   0.8255189   0.8403292   0.8566019   0.8733920
  31.6855067   1.5258982   1.2237560   1.0030486   0.8830963   0.8249763   0.8023269   0.7989459   0.8054958   0.8171094   0.8312811
  31.7655206   0.5953337   0.8840134   0.9014305   0.8507674   0.8066491   0.7826364   0.7747360   0.7769563   0.7851487   0.7968118
  31.8455345   0.8436706   0.6786709   0.7264845   0.7545078   0.7558412   0.7513576   0.7495262   0.7522598   0.7590774   0.7689295
  31.9255484   0.3024768   0.5677704   0.6216688   0.6675668   0.7007853   0.7170428   0.7248313   0.7308427   0.7379062   0.7467142
  32.0055623   0.9044668   0.6034867   0.5917291   0.6314845   0.6680223   0.6911505   0.7045419   0.7134767   0.7212657   0.7294646
  32.0855762   0.3117318   0.5397351   0.6193051   0.6467668   0.6640399   0.6792603   0.6916336   0.7011553   0.7090780   0.7166405
  32.1655901   0.8476313   0.7224161   0.7052489   0.6852174   0.6762427   0.6789691   0.6864257   0.6941761   0.7011716   0.7077341
  32.2456040   0.8522995   0.8699261   0.7565297   0.7053968   0.6873860   0.6841497   0.6870143   0.6918565   0.6970425   0.7021499
  32.3256179   0.9152884   0.7046833   0.6952575   0.6918831   0.6910007   0.6903310   0.6907851   0.6928207   0.6958336   0.6991431
  32.4056318   0.1615594   0.5121859   0.6260214   0.6768573   0.6938228   0.6963248   0.6955675   0.6955069   0.6964717   0.6978216
  32.4856457   0.8600807   0.6400721   0.6669690   0.6951235   0.7026864   0.7019389   0.6999246   0.6985709   0.6978383   0.6971798
  32.5656597   0.7109386   0.8022826   0.7681301   0.7305198   0.7125390   0.7058302   0.7030323   0.7010437   0.6988654   0.6961268
  32.6456736   1.0190869   0.9109861   0.7964846   0.7349628   0.7125103   0.7065996   0.7046257   0.7022397   0.6985074   0.6934871
  32.7256875   0.8883840   0.7209528   0.6938603   0.6973000   0.7025545   0.7052545   0.7048378   0.7014610   0.6956152   0.6879811
  32.8057014   0.0927608   0.4252228   0.5920326   0.6668812   0.6965842   0.7046880   0.7035017   0.6975990   0.6887933   0.6782194
  32.8857153   0.7508291   0.6070671   0.6486044   0.6900000   0.7049291   0.7055223   0.6990947   0.6888258   0.6763457   0.6627552
  32.9657292   0.6745903   0.8517630   0.7906365   0.7422544   0.7181856   0.7028638   0.6882183   0.6726110   0.6564007   0.6402213
  33.0457431   1.0733019   0.9656759   0.8357149   0.7558230   0.7144205   0.6880854   0.6663293   0.6461901   0.6272325   0.6095513
  33.1257570   1.0105204   0.7548450   0.7184881   0.7047289   0.6804376   0.6540054   0.6294363   0.6073740   0.5877151   0.5702411
  33.2057709   0.0372628   0.4069727   0.5857549   0.6268730   0.6196204   0.5983293   0.5757395   0.5553932   0.5377676   0.5225788
  33.2857848   0.7159912   0.6174355   0.5677292   0.5539288   0.5400253   0.5232180   0.5064259   0.4914445   0.4786343   0.4677682
  33.3657987   0.8219648   0.6610670   0.5223685   0.4654992   0.4442722   0.4335625   0.4255669   0.4187410   0.4128832   0.4078871
  33.4458126   0.2333090   0.3128498   0.3492425   0.3404503   0.3354692   0.3365870   0.3394293   0.3420459   0.3440954   0.3456694
  33.5258265   0.0664038   0.1135723   0.1667425   0.2050118   0.2260763   0.2418229   0.2553541   0.2668130   0.2763078   0.2841479
  33.6058404   0.0194324   0.0319305   0.0619146   0.1009871   0.1337670   0.1592085   0.1802549   0.1981496   0.2133499   0.2262324
  33.6858543   0.0054998   0.0090789   0.0205090   0.0422948   0.0695634   0.0956674   0.1190693   0.1398804   0.1582425   0.1743196
  33.7658682   0.0036923   0.0063019   0.0085970   0.0167613   0.0326829   0.0528513   0.0737844   0.0939714   0.1128026   0.1300168
  33.8458821   0.0109405   0.0064999   0.0054123   0.0076576   0.0150882   0.0277272   0.0434819   0.0604644   0.0775349   0.0940284
  33.9258961   0.0002113   0.0023835   0.0034846   0.0049745   0.0083233   0.0150827   0.0252796   0.0378774   0.0517980   0.0662108
  34.0059100   0.0000004   0.0009424   0.0034653   0.0051698   0.0067997   0.0099104   0.0155911   0.0238685   0.0341593   0.0457578
  34.0859239   0.0010488   0.0057043   0.0067017   0.0071403   0.0075352   0.0085326   0.0111309   0.0159070   0.0228159   0.0314554
  34.1659378   0.0241755   0.0136650   0.0107367   0.0095602   0.0088581   0.0086437   0.0094163   0.0117645   0.0159665   0.0219401
  34.2459517   0.0058437   0.0126597   0.0124198   0.0109257   0.0097069   0.0089588   0.0088470   0.0097608   0.0120663   0.0159093
  34.3259656   0.0162714   0.0130148   0.0117280   0.0105526   0.0095973   0.0089055   0.0085615   0.0088000   0.0099462   0.0122568
  34.4059795   0.0115698   0.0103160   0.0090313   0.0088652   0.0086755   0.0084141   0.0082258   0.0082768   0.0088190   0.0101313
  34.4859934   0.0001019   0.0031787   0.0058836   0.0070137   0.0074953   0.0077183   0.0078256   0.0079285   0.0082133   0.0089325
  34.5660073   0.0005774   0.0038173   0.0051916   0.0059654   0.0066144   0.0071419   0.0074845   0.0076849   0.0078789   0.0082696
  34.6460212   0.0158051   0.0082660   0.0059314   0.0057582   0.0063330   0.0069224   0.0073224   0.0075479   0.0076939   0.0079043
  34.7260351   0.0026430   0.0053486   0.0055372   0.0061170   0.0066998   0.0071149   0.0073712   0.0075134   0.0075959   0.0076976
  34.8060490   0.0000066   0.0025016   0.0059553   0.0072640   0.0075595   0.0075756   0.0075537   0.0075417   0.0075413   0.0075688
  34.8860629   0.0041850   0.0093710   0.0094999   0.0090657   0.0084876   0.0080183   0.0077235   0.0075662   0.0074920   0.0074703
  34.9660768   0.0286487   0.0171067   0.0125314   0.0101495   0.0088740   0.0081506   0.0077424   0.0075248   0.0074181   0.0073751
  35.0460907   0.0121616   0.0122814   0.0107426   0.0092535   0.0083550   0.0078457   0.0075542   0.0073906   0.0073063   0.0072713
  35.1261046   0.0017412   0.0044349   0.0061706   0.0069768   0.0071962   0.0072326   0.0072141   0.0071842   0.0071642   0.0071596
  35.2061185   0.0000020   0.0011238   0.0034570   0.0051464   0.0061163   0.0066157   0.0068523   0.0069609   0.0070156   0.0070495
  35.2861324   0.0008166   0.0034342   0.0039852   0.0048304   0.0056963   0.0062702   0.0065981   0.0067827   0.0068898   0.0069536
  35.3661464   0.0137175   0.0070531   0.0056699   0.0056969   0.0059831   0.0062747   0.0065133   0.0066897   0.0068091   0.0068819
  35.4461603   0.0015108   0.0057394   0.0070564   0.0068777   0.0065777   0.0065025   0.0065762   0.0066879   0.0067805   0.0068367
  35.5261742   0.0061299   0.0092069   0.0085298   0.0076042   0.0070024   0.0067569   0.0067179   0.0067538   0.0067935   0.0068098
  35.6061881   0.0201643   0.0115933   0.0084109   0.0073811   0.0070517   0.0069257   0.0068735   0.0068483   0.0068228   0.0067833
  35.6862020   0.0004093   0.0044017   0.0058734   0.0065619   0.0069235   0.0070321   0.0070063   0.0069288   0.0068340   0.0067320
  35.7662159   0.0000036   0.0016044   0.0046721   0.0063459   0.0069914   0.0071503   0.0070931   0.0069521   0.0067889   0.0066274
  35.8462298   0.0032662   0.0066714   0.0070436   0.0073001   0.0073626   0.0072737   0.0070939   0.0068741   0.0066507   0.0064428
  35.9262437   0.0191224   0.0126496   0.0099308   0.0084260   0.0076968   0.0072708   0.0069427   0.0066522   0.0063900   0.0061580
  36.0062576   0.0134290   0.0114896   0.0097130   0.0083822   0.0075261   0.0069697   0.0065713   0.0062553   0.0059900   0.0057634
  36.0862715   0.0035546   0.0060414   0.0070041   0.0070698   0.0066984   0.0062896   0.0059501   0.0056772   0.0054524   0.0052630
  36.1662854   0.0004698   0.0034025   0.0048669   0.0053931   0.0054417   0.0052954   0.0051121   0.0049442   0.0047993   0.0046744
  36.2462993   0.0098227   0.0050613   0.0039761   0.0039463   0.0040825   0.0041477   0.0041451   0.0041126   0.0040708   0.0040270
  36.3263132   0.0012471   0.0029856   0.0027546   0.0026742   0.0028263   0.0030164   0.0031606   0.0032559   0.0033176   0.0033574
  36.4063271   0.0000010   0.0004951   0.0012051   0.0015220   0.0017691   0.0020267   0.0022591   0.0024464   0.0025917   0.0027037
  36.4863410   0.0000000   0.0000228   0.0003053   0.0006731   0.0009715   0.0012470   0.0015082   0.0017404   0.0019369   0.0020997
  36.5663549   0.0000000   0.0000003   0.0000440   0.0002223   0.0004553   0.0006949   0.0009366   0.0011696   0.0013824   0.0015702
  36.6463688   0.0000000   0.0000000   0.0000036   0.0000539   0.0001786   0.0003468   0.0005383   0.0007407   0.0009409   0.0011295
  36.7263828   0.0000000   0.0000000   0.0000002   0.0000095   0.0000580   0.0001536   0.0002850   0.0004410   0.0006098   0.0007807
  36.8063967   0.0000000   0.0000000   0.0000000   0.0000012   0.0000155   0.0000599   0.0001384   0.0002462   0.0003758   0.0005180
  36.8864106   0.0000000   0.0000000   0.0000000   0.0000001   0.0000034   0.0000205   0.0000613   0.0001286   0.0002199   0.0003296
  36.9664245   0.0000000   0.0000000   0.0000000   0.0000000   0.0000006   0.0000061   0.0000247   0.0000627   0.0001220   0.0002010
  37.0464384   0.0000000   0.0000000   0.0000000   0.0000000   0.0000001   0.0000016   0.0000091   0.0000285   0.0000641   0.0001174
  37.1264523   0.0000000   0.0000000   0.0000000   0.0000000   0.0000000   0.0000004   0.0000030   0.0000120   0.0000319   0.0000656
  37.2064662   0.0000000   0.0000000   0.0000000   0.0000000   0.0000000   0.0000001   0.0000009   0.0000047   0.0000150   0.0000350
  37.2864801   0.0000000   0.0000000   0.0000000   0.0000000   0.0000000   0.0000000   0.0000002   0.0000017   0.0000066   0.0000179
  37.3664940   0.0000000   0.0000000   0.0000000   0.0000000   0.0000000   0.0000000   0.0000001   0.0000006   0.0000028   0.0000087
  37.4465079   0.0000000   0.0000000   0.0000000   0.0000000   0.0000000   0.0000000   0.0000000   0.0000002   0.0000011   0.0000040
  37.5265218   0.0000000   0.0000000   0.0000000   0.0000000   0.0000000   0.0000000   0.0000000   0.0000001   0.0000004   0.0000018
  37.6065357   0.0000000   0.0000000   0.0000000   0.0000000   0.0000000   0.0000000   0.0000000   0.0000000   0.0000001   0.0000008
  37.6865496   0.0000000   0.0000000   0.0000000   0.0000000   0.0000000   0.0000000   0.0000000   0.0000000   0.0000000   0.0000003
  37.7665635   0.0000000   0.0000000   0.0000000   0.0000000   0.0000000   0.0000000   0.0000000   0.0000000   0.0000000   0.0000001
  37.8465774   0.0000000   0.0000000   0.0000000   0.0000000   0.0000000   0.0000000   0.0000000   0.0000000   0.0000000   0.0000000
  37.9265913   0.0000000   0.0000000   0.0000000   0.0000000   0.0000000   0.0000000   0.0000000   0.0000000   0.0000000   0.0000000
  38.0066052   0.0000000   0.0000000   0.0000000   0.0000000   0.0000000   0.0000000   0.0000000   0.0000000   0.0000000   0.0000000
  38.0866192   0.0000000   0.0000000   0.0000000   0.0000000   0.0000000   0.0000000   0.0000000   0.0000000   0.0000000   0.0000000
  38.1666331   0.0000000   0.0000000   0.0000000   0.0000000   0.0000000   0.0000000   0.0000000   0.0000000   0.0000000   0.0000000
  38.2466470   0.0000000   0.0000000   0.0000000   0.0000000   0.0000000   0.0000000   0.0000000   0.0000000   0.0000000   0.0000000
  38.3266609   0.0000000   0.0000000   0.0000000   0.0000000   0.0000000   0.0000000   0.0000000   0.0000000   0.0000000   0.0000000
  38.4066748   0.0000000   0.0000000   0.0000000   0.0000000   0.0000000   0.0000000   0.0000000   0.0000000   0.0000000   0.0000000
  38.4866887   0.0000000   0.0000000   0.0000000   0.0000000   0.0000000   0.0000000   0.0000000   0.0000000   0.0000000   0.0000000
  38.5667026   0.0000000   0.0000000   0.0000000   0.0000000   0.0000000   0.0000000   0.0000000   0.0000000   0.0000000   0.0000000
  38.6467165   0.0000000   0.0000000   0.0000000   0.0000000   0.0000000   0.0000000   0.0000000   0.0000000   0.0000000   0.0000000
  38.7267304   0.0000000   0.0000000   0.0000000   0.0000000   0.0000000   0.0000000   0.0000000   0.0000000   0.0000000   0.0000000
  38.8067443   0.0000000   0.0000000   0.0000000   0.0000000   0.0000000   0.0000000   0.0000000   0.0000000   0.0000000   0.0000000
  38.8867582   0.0000000   0.0000000   0.0000000   0.0000000   0.0000000   0.0000000   0.0000000   0.0000000   0.0000000   0.0000000
  38.9667721   0.0000000   0.0000000   0.0000000   0.0000000   0.0000000   0.0000000   0.0000000   0.0000000   0.0000000   0.0000000
  39.0467860   0.0000000   0.0000000   0.0000000   0.0000000   0.0000000   0.0000000   0.0000000   0.0000000   0.0000000   0.0000000
  39.1267999   0.0000000   0.0000000   0.0000000   0.0000000   0.0000000   0.0000000   0.0000000   0.0000000   0.0000000   0.0000000
  39.2068138   0.0000000   0.0000000   0.0000000   0.0000000   0.0000000   0.0000000   0.0000000   0.0000000   0.0000000   0.0000000
  39.2868277   0.0000000   0.0000000   0.0000000   0.0000000   0.0000000   0.0000000   0.0000000   0.0000000   0.0000000   0.0000000
  39.3668416   0.0000000   0.0000000   0.0000000   0.0000000   0.0000000   0.0000000   0.0000000   0.0000000   0.0000000   0.0000000
  39.4468556   0.0000000   0.0000000   0.0000000   0.0000000   0.0000000   0.0000000   0.0000000   0.0000000   0.0000000   0.0000000
  39.5268695   0.0000000   0.0000000   0.0000000   0.0000000   0.0000000   0.0000000   0.0000000   0.0000000   0.0000000   0.0000000
  39.6068834   0.0000000   0.0000000   0.0000000   0.0000000   0.0000000   0.0000000   0.0000000   0.0000000   0.0000000   0.0000000
  39.6868973   0.0000000   0.0000000   0.0000000   0.0000000   0.0000000   0.0000000   0.0000000   0.0000000   0.0000000   0.0000000
  39.7669112   0.0000000   0.0000000   0.0000000   0.0000000   0.0000000   0.0000000   0.0000000   0.0000000   0.0000000   0.0000000
  39.8469251   0.0000000   0.0000000   0.0000000   0.0000000   0.0000000   0.0000000   0.0000000   0.0000000   0.0000000   0.0000000
  39.9269390   0.0000000   0.0000000   0.0000000   0.0000000   0.0000000   0.0000000   0.0000000   0.0000000   0.0000000   0.0000000
  40.0069529   0.0000000   0.0000000   0.0000000   0.0000000   0.0000000   0.0000000   0.0000000   0.0000000   0.0000000   0.0000000
 Integrated el-ph coupling
  #          139.5365357 142.3166097 144.4843358 148.1177805 153.6507378 160.3279451 166.5171028 171.1195047 173.8973318 175.0961666
 Phonon smearing (meV)
  #            0.0500000   0.1000000   0.1500000   0.2000000   0.2500000   0.3000000   0.3500000   0.4000000   0.4500000   0.5000000
 Electron smearing (eV)   0.2000000
 Fermi window (eV)   4.0000000
 Summed el-ph coupling  140.7705014
