Dynamical matrix file
File generated with the CellConstructor by Lorenzo Monacelli
1 2 0     1.8897259890000000     0.0000000000000000     0.0000000000000000     0.0000000000000000     0.0000000000000000     0.0000000000000000
Basis vectors
    2.4600000000000000     0.0000000000000000     0.0000000000000000
   -1.2300000000000000     2.1304224933097187     0.0000000000000000
    0.0000000000000000     0.0000000000000000    15.0000000000000000
	1  'C '  10947.3571678344233078
    1     1     0.0000000000000001    -0.0000000000000007     7.4999999999999982
    2     1     1.2299999999999998     0.7101408311032394     7.4999999999999982

     Dynamical Matrix in cartesian axes

     q = (    -0.271002710027     0.000000000000     0.000000000000 )

    1    1
     1.2673539939657794     0.0000000000000000        0.0000000000000000     0.0586878832216611        0.0000000000000000     0.0000000000000000
     0.0000000000000000    -0.0586878832216611        1.2673539939657794    -0.0000000000000000        0.0000000000000000     0.0000000000000000
     0.0000000000000000     0.0000000000000000        0.0000000000000000     0.0000000000000000        0.2556335762877774     0.0000000000000000
    1    2
    -0.0769069051571386     0.1332066492559389       -0.1332066492559389    -0.0769069051571386        0.0000000000000000     0.0000000000000000
    -0.1332066492559389    -0.0769069051571385        0.0769069051571386    -0.1332066492559389        0.0000000000000000     0.0000000000000000
     0.0000000000000000     0.0000000000000000        0.0000000000000000     0.0000000000000000        0.0000000000000000    -0.0000000000000000
    2    1
    -0.0769069051571386    -0.1332066492559389       -0.1332066492559389     0.0769069051571386        0.0000000000000000     0.0000000000000000
    -0.1332066492559389     0.0769069051571385        0.0769069051571386     0.1332066492559389        0.0000000000000000     0.0000000000000000
     0.0000000000000000     0.0000000000000000        0.0000000000000000     0.0000000000000000        0.0000000000000000     0.0000000000000000
    2    2
     1.2673539939657794     0.0000000000000000        0.0000000000000000    -0.0586878832216611        0.0000000000000000     0.0000000000000000
     0.0000000000000000     0.0586878832216611        1.2673539939657794     0.0000000000000000        0.0000000000000000     0.0000000000000000
     0.0000000000000000     0.0000000000000000        0.0000000000000000     0.0000000000000000        0.2556335762877774     0.0000000000000000

     Dynamical Matrix in cartesian axes

     q = (     0.271002710027     0.000000000000     0.000000000000 )

    1    1
     1.2673539939657794     0.0000000000000000        0.0000000000000000    -0.0586878832216611        0.0000000000000000     0.0000000000000000
     0.0000000000000000     0.0586878832216611        1.2673539939657794     0.0000000000000000        0.0000000000000000     0.0000000000000000
     0.0000000000000000     0.0000000000000000        0.0000000000000000     0.0000000000000000        0.2556335762877774     0.0000000000000000
    1    2
    -0.0769069051571386    -0.1332066492559389       -0.1332066492559389     0.0769069051571386        0.0000000000000000     0.0000000000000000
    -0.1332066492559389     0.0769069051571385        0.0769069051571386     0.1332066492559389        0.0000000000000000     0.0000000000000000
     0.0000000000000000     0.0000000000000000        0.0000000000000000     0.0000000000000000        0.0000000000000000     0.0000000000000000
    2    1
    -0.0769069051571386     0.1332066492559389       -0.1332066492559389    -0.0769069051571386        0.0000000000000000     0.0000000000000000
    -0.1332066492559389    -0.0769069051571385        0.0769069051571386    -0.1332066492559389        0.0000000000000000     0.0000000000000000
     0.0000000000000000     0.0000000000000000        0.0000000000000000     0.0000000000000000        0.0000000000000000    -0.0000000000000000
    2    2
     1.2673539939657794     0.0000000000000000        0.0000000000000000     0.0586878832216611        0.0000000000000000     0.0000000000000000
     0.0000000000000000    -0.0586878832216611        1.2673539939657794    -0.0000000000000000        0.0000000000000000     0.0000000000000000
     0.0000000000000000     0.0000000000000000        0.0000000000000000     0.0000000000000000        0.2556335762877774     0.0000000000000000

     Diagonalizing the dynamical matrix

     q = (    -0.271002710027     0.000000000000     0.000000000000 )

***************************************************************************
   freq (    1) =    15.89752727 [THz] =   530.28435397 [cm-1]
(   0.000000  0.000000  -0.000000 -0.000000   0.013956 -0.999903 )
(   0.000000  0.000000  -0.000000 -0.000000  -0.000000  0.000000 )
   freq (    2) =    15.89752727 [THz] =   530.28435397 [cm-1]
(   0.000000  0.000000   0.000000  0.000000  -0.000000  0.000000 )
(   0.000000 -0.000000   0.000000  0.000000  -0.872919  0.487865 )
   freq (    3) =    29.84642438 [THz] =   995.56941176 [cm-1]
(  -0.500000  0.000000   0.000000 -0.500000   0.000000  0.000000 )
(  -0.250000 -0.433013  -0.433013  0.250000   0.000000  0.000000 )
   freq (    4) =    36.20755928 [THz] =  1207.75400229 [cm-1]
(   0.000000  0.000000   0.000000  0.000000   0.000000 -0.000000 )
(   0.704020 -0.066002   0.066002  0.704020   0.000000 -0.000000 )
   freq (    5) =    36.20755928 [THz] =  1207.75400229 [cm-1]
(   0.707107  0.000000   0.000000 -0.707107   0.000000  0.000000 )
(   0.000000  0.000000  -0.000000  0.000000   0.000000  0.000000 )
   freq (    6) =    38.71794477 [THz] =  1291.49143660 [cm-1]
(  -0.500000  0.000000   0.000000 -0.500000   0.000000  0.000000 )
(   0.250000  0.433013   0.433013 -0.250000   0.000000  0.000000 )
***************************************************************************
