Dynamical matrix file
File generated with the CellConstructor by Lorenzo Monacelli
1 2 0     1.8897259890000000     0.0000000000000000     0.0000000000000000     0.0000000000000000     0.0000000000000000     0.0000000000000000
Basis vectors
    2.4600000000000000     0.0000000000000000     0.0000000000000000
   -1.2300000000000000     2.1304224933097187     0.0000000000000000
    0.0000000000000000     0.0000000000000000    15.0000000000000000
	1  'C '  10947.3571678344233078
    1     1     0.0000000000000001    -0.0000000000000007     7.4999999999999982
    2     1     1.2299999999999998     0.7101408311032394     7.4999999999999982

     Dynamical Matrix in cartesian axes

     q = (     0.067750677507    -0.117347615689     0.000000000000 )

    1    1
     1.1781682558085103     0.0000000000000000       -0.1411856276428632     0.0129495916932743        0.0000000000000000     0.0000000000000000
    -0.1411856276428634    -0.0129495916932743        1.3411953760591375    -0.0000000000000000        0.0000000000000000     0.0000000000000000
     0.0000000000000000     0.0000000000000000        0.0000000000000000     0.0000000000000000        0.3050484211054862     0.0000000000000000
    1    2
    -0.7385442903520349     0.2117145500926500        0.0007839132974185    -0.1222334524873522        0.0000000000000000    -0.0000000000000000
     0.0007839132974184    -0.1222334524873522       -0.7394494754586068    -0.2117145500926510        0.0000000000000000    -0.0000000000000000
     0.0000000000000000    -0.0000000000000000        0.0000000000000000    -0.0000000000000000       -0.2702290285119338    -0.0000000000000002
    2    1
    -0.7385442903520349    -0.2117145500926500        0.0007839132974185     0.1222334524873522        0.0000000000000000    -0.0000000000000000
     0.0007839132974184     0.1222334524873522       -0.7394494754586068     0.2117145500926510        0.0000000000000000    -0.0000000000000000
    -0.0000000000000000    -0.0000000000000000       -0.0000000000000000    -0.0000000000000000       -0.2702290285119338     0.0000000000000002
    2    2
     1.1781682558085103     0.0000000000000000       -0.1411856276428632    -0.0129495916932743        0.0000000000000000     0.0000000000000000
    -0.1411856276428634     0.0129495916932743        1.3411953760591375     0.0000000000000000        0.0000000000000000     0.0000000000000000
     0.0000000000000000     0.0000000000000000        0.0000000000000000     0.0000000000000000        0.3050484211054862     0.0000000000000000

     Dynamical Matrix in cartesian axes

     q = (    -0.067750677507     0.117347615689     0.000000000000 )

    1    1
     1.1781682558085103     0.0000000000000000       -0.1411856276428632    -0.0129495916932743        0.0000000000000000     0.0000000000000000
    -0.1411856276428634     0.0129495916932743        1.3411953760591375     0.0000000000000000        0.0000000000000000     0.0000000000000000
     0.0000000000000000     0.0000000000000000        0.0000000000000000     0.0000000000000000        0.3050484211054862     0.0000000000000000
    1    2
    -0.7385442903520349    -0.2117145500926500        0.0007839132974185     0.1222334524873522        0.0000000000000000     0.0000000000000000
     0.0007839132974184     0.1222334524873522       -0.7394494754586068     0.2117145500926510        0.0000000000000000     0.0000000000000000
     0.0000000000000000     0.0000000000000000        0.0000000000000000     0.0000000000000000       -0.2702290285119338     0.0000000000000002
    2    1
    -0.7385442903520349     0.2117145500926500        0.0007839132974185    -0.1222334524873522        0.0000000000000000     0.0000000000000000
     0.0007839132974184    -0.1222334524873522       -0.7394494754586068    -0.2117145500926510        0.0000000000000000     0.0000000000000000
    -0.0000000000000000     0.0000000000000000       -0.0000000000000000     0.0000000000000000       -0.2702290285119338    -0.0000000000000002
    2    2
     1.1781682558085103     0.0000000000000000       -0.1411856276428632     0.0129495916932743        0.0000000000000000     0.0000000000000000
    -0.1411856276428634    -0.0129495916932743        1.3411953760591375    -0.0000000000000000        0.0000000000000000     0.0000000000000000
     0.0000000000000000     0.0000000000000000        0.0000000000000000     0.0000000000000000        0.3050484211054862     0.0000000000000000

     Dynamical Matrix in cartesian axes

     q = (    -0.067750677507    -0.117347615689     0.000000000000 )

    1    1
     1.1781682558085103     0.0000000000000000        0.1411856276428632    -0.0129495916932743        0.0000000000000000     0.0000000000000000
     0.1411856276428631     0.0129495916932743        1.3411953760591377     0.0000000000000000        0.0000000000000000     0.0000000000000000
     0.0000000000000000     0.0000000000000000        0.0000000000000000     0.0000000000000000        0.3050484211054862     0.0000000000000000
    1    2
    -0.5526223083533426    -0.5337408583224140       -0.1062492334562490     0.0604378343175462       -0.0000000000000000     0.0000000000000000
    -0.1062492334562490     0.0604378343175462       -0.1863745372521698    -0.7462393110396836       -0.0000000000000000     0.0000000000000000
    -0.0000000000000000    -0.0000000000000000       -0.0000000000000000    -0.0000000000000000       -0.1351145074362555    -0.2340252074686862
    2    1
    -0.5526223083533426     0.5337408583224140       -0.1062492334562490    -0.0604378343175462        0.0000000000000000     0.0000000000000000
    -0.1062492334562490    -0.0604378343175462       -0.1863745372521698     0.7462393110396836        0.0000000000000000     0.0000000000000000
     0.0000000000000000    -0.0000000000000000        0.0000000000000000    -0.0000000000000000       -0.1351145074362555     0.2340252074686862
    2    2
     1.1781682558085103     0.0000000000000000        0.1411856276428632     0.0129495916932743        0.0000000000000000     0.0000000000000000
     0.1411856276428631    -0.0129495916932743        1.3411953760591377     0.0000000000000000        0.0000000000000000     0.0000000000000000
     0.0000000000000000     0.0000000000000000        0.0000000000000000     0.0000000000000000        0.3050484211054862     0.0000000000000000

     Dynamical Matrix in cartesian axes

     q = (     0.067750677507     0.117347615689     0.000000000000 )

    1    1
     1.1781682558085103     0.0000000000000000        0.1411856276428632     0.0129495916932743        0.0000000000000000     0.0000000000000000
     0.1411856276428631    -0.0129495916932743        1.3411953760591377     0.0000000000000000        0.0000000000000000     0.0000000000000000
     0.0000000000000000     0.0000000000000000        0.0000000000000000     0.0000000000000000        0.3050484211054862     0.0000000000000000
    1    2
    -0.5526223083533427     0.5337408583224140       -0.1062492334562490    -0.0604378343175462       -0.0000000000000000    -0.0000000000000000
    -0.1062492334562490    -0.0604378343175462       -0.1863745372521698     0.7462393110396836       -0.0000000000000000    -0.0000000000000000
    -0.0000000000000000     0.0000000000000000       -0.0000000000000000     0.0000000000000000       -0.1351145074362555     0.2340252074686862
    2    1
    -0.5526223083533427    -0.5337408583224140       -0.1062492334562490     0.0604378343175462        0.0000000000000000    -0.0000000000000000
    -0.1062492334562490     0.0604378343175462       -0.1863745372521698    -0.7462393110396836        0.0000000000000000    -0.0000000000000000
     0.0000000000000000     0.0000000000000000        0.0000000000000000     0.0000000000000000       -0.1351145074362555    -0.2340252074686862
    2    2
     1.1781682558085103     0.0000000000000000        0.1411856276428632    -0.0129495916932743        0.0000000000000000     0.0000000000000000
     0.1411856276428631     0.0129495916932743        1.3411953760591377     0.0000000000000000        0.0000000000000000     0.0000000000000000
     0.0000000000000000     0.0000000000000000        0.0000000000000000     0.0000000000000000        0.3050484211054862     0.0000000000000000

     Dynamical Matrix in cartesian axes

     q = (     0.135501355014     0.000000000000     0.000000000000 )

    1    1
     1.4227089361844503     0.0000000000000000       -0.0000000000000001    -0.0129495916932743        0.0000000000000000     0.0000000000000000
     0.0000000000000000     0.0129495916932743        1.0966546956831975    -0.0000000000000000        0.0000000000000000     0.0000000000000000
     0.0000000000000000     0.0000000000000000        0.0000000000000000     0.0000000000000000        0.3050484211054862     0.0000000000000000
    1    2
    -0.3699510153331984     0.6407739979916559       -0.2117145536546464    -0.1222334463177941       -0.0000000000000000     0.0000000000000000
    -0.2117145536546464    -0.1222334463177941       -0.3690458302723147     0.6392061713704413       -0.0000000000000000     0.0000000000000000
     0.0000000000000000     0.0000000000000000        0.0000000000000000     0.0000000000000000       -0.1351145074362556     0.2340252074686861
    2    1
    -0.3699510153331984    -0.6407739979916559       -0.2117145536546464     0.1222334463177941        0.0000000000000000     0.0000000000000000
    -0.2117145536546464     0.1222334463177941       -0.3690458302723147    -0.6392061713704413        0.0000000000000000     0.0000000000000000
    -0.0000000000000000     0.0000000000000000       -0.0000000000000000     0.0000000000000000       -0.1351145074362556    -0.2340252074686861
    2    2
     1.4227089361844503     0.0000000000000000       -0.0000000000000001     0.0129495916932743        0.0000000000000000     0.0000000000000000
     0.0000000000000000    -0.0129495916932743        1.0966546956831975     0.0000000000000000        0.0000000000000000     0.0000000000000000
     0.0000000000000000     0.0000000000000000        0.0000000000000000     0.0000000000000000        0.3050484211054862     0.0000000000000000

     Dynamical Matrix in cartesian axes

     q = (    -0.135501355014     0.000000000000     0.000000000000 )

    1    1
     1.4227089361844503     0.0000000000000000       -0.0000000000000001     0.0129495916932743        0.0000000000000000     0.0000000000000000
     0.0000000000000000    -0.0129495916932743        1.0966546956831975     0.0000000000000000        0.0000000000000000     0.0000000000000000
     0.0000000000000000     0.0000000000000000        0.0000000000000000     0.0000000000000000        0.3050484211054862     0.0000000000000000
    1    2
    -0.3699510153331985    -0.6407739979916559       -0.2117145536546464     0.1222334463177941       -0.0000000000000000     0.0000000000000000
    -0.2117145536546464     0.1222334463177941       -0.3690458302723148    -0.6392061713704413       -0.0000000000000000    -0.0000000000000000
     0.0000000000000000    -0.0000000000000000        0.0000000000000000    -0.0000000000000000       -0.1351145074362556    -0.2340252074686861
    2    1
    -0.3699510153331985     0.6407739979916559       -0.2117145536546464    -0.1222334463177941        0.0000000000000000     0.0000000000000000
    -0.2117145536546464    -0.1222334463177941       -0.3690458302723148     0.6392061713704413        0.0000000000000000    -0.0000000000000000
    -0.0000000000000000    -0.0000000000000000       -0.0000000000000000    -0.0000000000000000       -0.1351145074362556     0.2340252074686861
    2    2
     1.4227089361844503     0.0000000000000000       -0.0000000000000001    -0.0129495916932743        0.0000000000000000     0.0000000000000000
     0.0000000000000000     0.0129495916932743        1.0966546956831975    -0.0000000000000000        0.0000000000000000     0.0000000000000000
     0.0000000000000000     0.0000000000000000        0.0000000000000000     0.0000000000000000        0.3050484211054862     0.0000000000000000

     Diagonalizing the dynamical matrix

     q = (     0.067750677507    -0.117347615689     0.000000000000 )

***************************************************************************
   freq (    1) =     5.86720450 [THz] =   195.70884818 [cm-1]
(  -0.000000  0.000000  -0.000000 -0.000000   0.690582 -0.151976 )
(  -0.000000  0.000000  -0.000000 -0.000000   0.690582 -0.151976 )
   freq (    2) =    17.85748032 [THz] =   595.66134127 [cm-1]
(   0.608442  0.000000   0.342177  0.112756  -0.000000  0.000000 )
(   0.600555  0.097649   0.355838 -0.056378   0.000000 -0.000000 )
   freq (    3) =    23.84840321 [THz] =   795.49699009 [cm-1]
(   0.000000  0.000000  -0.000000 -0.000000   0.663100 -0.245557 )
(   0.000000  0.000000  -0.000000 -0.000000  -0.663100  0.245557 )
   freq (    4) =    25.11522386 [THz] =   837.75357239 [cm-1]
(  -0.366086  0.000000   0.548737  0.254693   0.000000 -0.000000 )
(  -0.292177 -0.220571   0.591408  0.127347  -0.000000  0.000000 )
   freq (    5) =    43.10680988 [THz] =  1437.88819772 [cm-1]
(  -0.604964  0.000000  -0.332061 -0.154124   0.000000  0.000000 )
(   0.590055  0.133476   0.357883 -0.077062  -0.000000 -0.000000 )
   freq (    6) =    46.62254346 [THz] =  1555.16042993 [cm-1]
(  -0.360276  0.000000   0.577875  0.190424   0.000000 -0.000000 )
(   0.320317  0.164912  -0.600946 -0.095212   0.000000  0.000000 )
***************************************************************************
