Dynamical matrix file
File generated with the CellConstructor by Lorenzo Monacelli
1 2 0     1.8897259890000000     0.0000000000000000     0.0000000000000000     0.0000000000000000     0.0000000000000000     0.0000000000000000
Basis vectors
    2.4600000000000000     0.0000000000000000     0.0000000000000000
   -1.2300000000000000     2.1304224933097187     0.0000000000000000
    0.0000000000000000     0.0000000000000000    15.0000000000000000
	1  'C '  10947.3571678344233078
    1     1     0.0000000000000001    -0.0000000000000007     7.4999999999999982
    2     1     1.2299999999999998     0.7101408311032394     7.4999999999999982

     Dynamical Matrix in cartesian axes

     q = (    -0.203252032520     0.117347615689     0.000000000000 )

    1    1
     1.4749528117151329     0.0000000000000000       -0.2410103675474051     0.0000000000000000        0.0000000000000000     0.0000000000000000
    -0.2410103675474050     0.0000000000000000        1.1966580105531635     0.0000000000000000        0.0000000000000000     0.0000000000000000
     0.0000000000000000     0.0000000000000000        0.0000000000000000     0.0000000000000000        0.2737833593765130     0.0000000000000000
    1    2
    -0.1604060083055801    -0.0000000046743796       -0.3171414706429139    -0.0000000092417961        0.0000000000000000     0.0000000000000000
    -0.3171414706429138    -0.0000000092417961       -0.5266094351993404    -0.0000000153458865        0.0000000000000000     0.0000000000000000
     0.0000000000000000     0.0000000000000000       -0.0000000000000000     0.0000000000000000       -0.0792210944025546    -0.0000000023085760
    2    1
    -0.1604060083055801     0.0000000046743796       -0.3171414706429139     0.0000000092417961       -0.0000000000000000     0.0000000000000000
    -0.3171414706429138     0.0000000092417961       -0.5266094351993404     0.0000000153458865       -0.0000000000000000     0.0000000000000000
    -0.0000000000000000     0.0000000000000000        0.0000000000000000     0.0000000000000000       -0.0792210944025546     0.0000000023085760
    2    2
     1.4749528117151329     0.0000000000000000       -0.2410103675474051     0.0000000000000000        0.0000000000000000     0.0000000000000000
    -0.2410103675474050     0.0000000000000000        1.1966580105531635     0.0000000000000000        0.0000000000000000     0.0000000000000000
     0.0000000000000000     0.0000000000000000        0.0000000000000000     0.0000000000000000        0.2737833593765130     0.0000000000000000

     Dynamical Matrix in cartesian axes

     q = (     0.203252032520     0.117347615689     0.000000000000 )

    1    1
     1.4749528117151329     0.0000000000000000        0.2410103675474050     0.0000000000000000        0.0000000000000000     0.0000000000000000
     0.2410103675474049     0.0000000000000000        1.1966580105531637     0.0000000000000000        0.0000000000000000     0.0000000000000000
     0.0000000000000000     0.0000000000000000        0.0000000000000000     0.0000000000000000        0.2737833593765130     0.0000000000000000
    1    2
     0.1604060083055799    -0.0000000093487594       -0.3171414706429134     0.0000000184835927        0.0000000000000000    -0.0000000000000000
    -0.3171414706429134     0.0000000184835927        0.5266094351993398    -0.0000000306917739        0.0000000000000000    -0.0000000000000000
    -0.0000000000000000    -0.0000000000000000       -0.0000000000000000     0.0000000000000000        0.0792210944025545    -0.0000000046171522
    2    1
     0.1604060083055799     0.0000000093487594       -0.3171414706429134    -0.0000000184835927       -0.0000000000000000    -0.0000000000000000
    -0.3171414706429134    -0.0000000184835927        0.5266094351993398     0.0000000306917739       -0.0000000000000000    -0.0000000000000000
     0.0000000000000000    -0.0000000000000000        0.0000000000000000     0.0000000000000000        0.0792210944025545     0.0000000046171522
    2    2
     1.4749528117151329     0.0000000000000000        0.2410103675474050     0.0000000000000000        0.0000000000000000     0.0000000000000000
     0.2410103675474049     0.0000000000000000        1.1966580105531637     0.0000000000000000        0.0000000000000000     0.0000000000000000
     0.0000000000000000     0.0000000000000000        0.0000000000000000     0.0000000000000000        0.2737833593765130     0.0000000000000000

     Dynamical Matrix in cartesian axes

     q = (     0.000000000000     0.234695231378     0.000000000000 )

    1    1
     1.0575106099721783     0.0000000000000000        0.0000000000000000     0.0000000000000000        0.0000000000000000     0.0000000000000000
     0.0000000000000000     0.0000000000000000        1.6141002122961183     0.0000000000000000        0.0000000000000000     0.0000000000000000
     0.0000000000000000     0.0000000000000000        0.0000000000000000     0.0000000000000000        0.2737833593765130     0.0000000000000000
    1    2
    -0.7097111486462204     0.0000000206816412       -0.0000000000000000     0.0000000000000000        0.0000000000000000    -0.0000000000000000
    -0.0000000000000000     0.0000000000000000        0.0226957051413000    -0.0000000006613739        0.0000000000000000    -0.0000000000000000
    -0.0000000000000000     0.0000000000000000        0.0000000000000000    -0.0000000000000000       -0.0792210944025546     0.0000000023085762
    2    1
    -0.7097111486462204    -0.0000000206816412       -0.0000000000000000    -0.0000000000000000       -0.0000000000000000    -0.0000000000000000
    -0.0000000000000000    -0.0000000000000000        0.0226957051413000     0.0000000006613739       -0.0000000000000000    -0.0000000000000000
     0.0000000000000000     0.0000000000000000       -0.0000000000000000    -0.0000000000000000       -0.0792210944025546    -0.0000000023085762
    2    2
     1.0575106099721783     0.0000000000000000        0.0000000000000000     0.0000000000000000        0.0000000000000000     0.0000000000000000
     0.0000000000000000     0.0000000000000000        1.6141002122961183     0.0000000000000000        0.0000000000000000     0.0000000000000000
     0.0000000000000000     0.0000000000000000        0.0000000000000000     0.0000000000000000        0.2737833593765130     0.0000000000000000

     Diagonalizing the dynamical matrix

     q = (    -0.203252032520     0.117347615689     0.000000000000 )

***************************************************************************
   freq (    1) =    13.86915294 [THz] =   462.62507900 [cm-1]
(  -0.000000  0.000000  -0.000000  0.000000  -0.707107  0.000000 )
(  -0.000000 -0.000000   0.000000  0.000000  -0.707107  0.000000 )
   freq (    2) =    18.54321711 [THz] =   618.53505515 [cm-1]
(   0.353553  0.000000   0.612372 -0.000000   0.000000 -0.000000 )
(   0.353553 -0.000000   0.612372 -0.000000  -0.000000  0.000000 )
   freq (    3) =    18.68145607 [THz] =   623.14621000 [cm-1]
(  -0.000000  0.000000  -0.000000 -0.000000   0.707107 -0.000000 )
(  -0.000000  0.000000  -0.000000  0.000000  -0.707107  0.000000 )
   freq (    4) =    39.66531636 [THz] =  1323.09234704 [cm-1]
(   0.612372  0.000000  -0.353553  0.000000   0.000000 -0.000000 )
(  -0.612372  0.000000   0.353553 -0.000000  -0.000000  0.000000 )
   freq (    5) =    40.22702331 [THz] =  1341.82887142 [cm-1]
(   0.612372  0.000000  -0.353553  0.000000   0.000000  0.000000 )
(   0.612372 -0.000000  -0.353553  0.000000  -0.000000  0.000000 )
   freq (    6) =    41.79902539 [THz] =  1394.26520903 [cm-1]
(  -0.353553  0.000000  -0.612372  0.000000   0.000000 -0.000000 )
(   0.353553 -0.000000   0.612372 -0.000000  -0.000000  0.000000 )
***************************************************************************
