Dynamical matrix file
File generated with the CellConstructor by Lorenzo Monacelli
1 2 0     1.8897259890000000     0.0000000000000000     0.0000000000000000     0.0000000000000000     0.0000000000000000     0.0000000000000000
Basis vectors
    2.4600000000000000     0.0000000000000000     0.0000000000000000
   -1.2300000000000000     2.1304224933097187     0.0000000000000000
    0.0000000000000000     0.0000000000000000    15.0000000000000000
	1  'C '  10947.3571678344233078
    1     1     0.0000000000000001    -0.0000000000000007     7.4999999999999982
    2     1     1.2299999999999998     0.7101408311032394     7.4999999999999982

     Dynamical Matrix in cartesian axes

     q = (     0.067750677507    -0.039115871896     0.000000000000 )

    1    1
     1.2358151751177253     0.0000000000000000       -0.0875793218370431     0.0000000000000000        0.0000000000000000     0.0000000000000000
    -0.0875793218370432     0.0000000000000000        1.1346872850416023     0.0000000000000000        0.0000000000000000     0.0000000000000000
     0.0000000000000000     0.0000000000000000        0.0000000000000000     0.0000000000000000        0.3291062202107313     0.0000000000000000
    1    2
    -0.9184202140210358     0.4048634463660195       -0.0265506284173483    -0.1212575692639514       -0.0000000000000000     0.0000000000000000
    -0.0265506284173483    -0.1212575692639514       -0.9490782389488556     0.2648472658543755       -0.0000000000000000     0.0000000000000000
     0.0000000000000000    -0.0000000000000000        0.0000000000000000    -0.0000000000000000       -0.3042021448333703     0.1122391055289850
    2    1
    -0.9184202140210358    -0.4048634463660195       -0.0265506284173483     0.1212575692639514        0.0000000000000000     0.0000000000000000
    -0.0265506284173483     0.1212575692639514       -0.9490782389488556    -0.2648472658543755        0.0000000000000000     0.0000000000000000
    -0.0000000000000000    -0.0000000000000000       -0.0000000000000000    -0.0000000000000000       -0.3042021448333703    -0.1122391055289850
    2    2
     1.2358151751177253     0.0000000000000000       -0.0875793218370431     0.0000000000000000        0.0000000000000000     0.0000000000000000
    -0.0875793218370432     0.0000000000000000        1.1346872850416023     0.0000000000000000        0.0000000000000000     0.0000000000000000
     0.0000000000000000     0.0000000000000000        0.0000000000000000     0.0000000000000000        0.3291062202107313     0.0000000000000000

     Dynamical Matrix in cartesian axes

     q = (    -0.067750677507     0.039115871896     0.000000000000 )

    1    1
     1.2358151751177253     0.0000000000000000       -0.0875793218370431     0.0000000000000000        0.0000000000000000     0.0000000000000000
    -0.0875793218370432     0.0000000000000000        1.1346872850416023     0.0000000000000000        0.0000000000000000     0.0000000000000000
     0.0000000000000000     0.0000000000000000        0.0000000000000000     0.0000000000000000        0.3291062202107313     0.0000000000000000
    1    2
    -0.9184202140210358    -0.4048634463660195       -0.0265506284173483     0.1212575692639514       -0.0000000000000000    -0.0000000000000000
    -0.0265506284173483     0.1212575692639514       -0.9490782389488556    -0.2648472658543755       -0.0000000000000000    -0.0000000000000000
     0.0000000000000000     0.0000000000000000        0.0000000000000000     0.0000000000000000       -0.3042021448333703    -0.1122391055289850
    2    1
    -0.9184202140210358     0.4048634463660195       -0.0265506284173483    -0.1212575692639514        0.0000000000000000    -0.0000000000000000
    -0.0265506284173483    -0.1212575692639514       -0.9490782389488556     0.2648472658543755        0.0000000000000000    -0.0000000000000000
    -0.0000000000000000     0.0000000000000000       -0.0000000000000000     0.0000000000000000       -0.3042021448333703     0.1122391055289850
    2    2
     1.2358151751177253     0.0000000000000000       -0.0875793218370431     0.0000000000000000        0.0000000000000000     0.0000000000000000
    -0.0875793218370432     0.0000000000000000        1.1346872850416023     0.0000000000000000        0.0000000000000000     0.0000000000000000
     0.0000000000000000     0.0000000000000000        0.0000000000000000     0.0000000000000000        0.3291062202107313     0.0000000000000000

     Dynamical Matrix in cartesian axes

     q = (    -0.067750677507    -0.039115871896     0.000000000000 )

    1    1
     1.2358151751177253     0.0000000000000000        0.0875793218370432     0.0000000000000000        0.0000000000000000     0.0000000000000000
     0.0875793218370430     0.0000000000000000        1.1346872850416023     0.0000000000000000        0.0000000000000000     0.0000000000000000
     0.0000000000000000     0.0000000000000000        0.0000000000000000     0.0000000000000000        0.3291062202107313     0.0000000000000000
    1    2
    -0.8098321193482858    -0.5929435371076067       -0.0917368236118903     0.0836223006545443       -0.0000000000000000     0.0000000000000000
    -0.0917368236118903     0.0836223006545443       -0.7039035597344340    -0.6895022526939210       -0.0000000000000000     0.0000000000000000
     0.0000000000000000    -0.0000000000000000        0.0000000000000000    -0.0000000000000000       -0.2493029830611208    -0.2073272398118392
    2    1
    -0.8098321193482858     0.5929435371076067       -0.0917368236118903    -0.0836223006545443        0.0000000000000000     0.0000000000000000
    -0.0917368236118903    -0.0836223006545443       -0.7039035597344340     0.6895022526939210        0.0000000000000000     0.0000000000000000
    -0.0000000000000000    -0.0000000000000000       -0.0000000000000000    -0.0000000000000000       -0.2493029830611208     0.2073272398118392
    2    2
     1.2358151751177253     0.0000000000000000        0.0875793218370432     0.0000000000000000        0.0000000000000000     0.0000000000000000
     0.0875793218370430     0.0000000000000000        1.1346872850416023     0.0000000000000000        0.0000000000000000     0.0000000000000000
     0.0000000000000000     0.0000000000000000        0.0000000000000000     0.0000000000000000        0.3291062202107313     0.0000000000000000

     Dynamical Matrix in cartesian axes

     q = (     0.067750677507     0.039115871896     0.000000000000 )

    1    1
     1.2358151751177253     0.0000000000000000        0.0875793218370432     0.0000000000000000        0.0000000000000000     0.0000000000000000
     0.0875793218370430     0.0000000000000000        1.1346872850416023     0.0000000000000000        0.0000000000000000     0.0000000000000000
     0.0000000000000000     0.0000000000000000        0.0000000000000000     0.0000000000000000        0.3291062202107313     0.0000000000000000
    1    2
    -0.8098321193482858     0.5929435371076067       -0.0917368236118903    -0.0836223006545443       -0.0000000000000000    -0.0000000000000000
    -0.0917368236118903    -0.0836223006545443       -0.7039035597344340     0.6895022526939210       -0.0000000000000000    -0.0000000000000000
     0.0000000000000000     0.0000000000000000        0.0000000000000000     0.0000000000000000       -0.2493029830611208     0.2073272398118392
    2    1
    -0.8098321193482858    -0.5929435371076067       -0.0917368236118903     0.0836223006545443        0.0000000000000000    -0.0000000000000000
    -0.0917368236118903     0.0836223006545443       -0.7039035597344340    -0.6895022526939210        0.0000000000000000    -0.0000000000000000
    -0.0000000000000000     0.0000000000000000       -0.0000000000000000     0.0000000000000000       -0.2493029830611208    -0.2073272398118392
    2    2
     1.2358151751177253     0.0000000000000000        0.0875793218370432     0.0000000000000000        0.0000000000000000     0.0000000000000000
     0.0875793218370430     0.0000000000000000        1.1346872850416023     0.0000000000000000        0.0000000000000000     0.0000000000000000
     0.0000000000000000     0.0000000000000000        0.0000000000000000     0.0000000000000000        0.3291062202107313     0.0000000000000000

     Dynamical Matrix in cartesian axes

     q = (    -0.000000000000    -0.078231743793     0.000000000000 )

    1    1
     1.0841233400035402     0.0000000000000000        0.0000000000000000     0.0000000000000000        0.0000000000000000     0.0000000000000000
     0.0000000000000000     0.0000000000000000        1.2863791201557877     0.0000000000000000        0.0000000000000000     0.0000000000000000
     0.0000000000000000     0.0000000000000000        0.0000000000000000     0.0000000000000000        0.3291062202107313     0.0000000000000000
    1    2
    -0.9644072514127648    -0.1948391755985543        0.0000000000000000     0.0000000000000000        0.0000000000000000     0.0000000000000000
     0.0000000000000000     0.0000000000000000       -0.9030912015571260    -0.4748715366218426       -0.0000000000000000    -0.0000000000000000
     0.0000000000000000     0.0000000000000000        0.0000000000000000     0.0000000000000000       -0.3042021448333702    -0.1122391055289853
    2    1
    -0.9644072514127648     0.1948391755985543        0.0000000000000000     0.0000000000000000        0.0000000000000000     0.0000000000000000
     0.0000000000000000     0.0000000000000000       -0.9030912015571260     0.4748715366218426        0.0000000000000000    -0.0000000000000000
     0.0000000000000000     0.0000000000000000       -0.0000000000000000     0.0000000000000000       -0.3042021448333702     0.1122391055289853
    2    2
     1.0841233400035402     0.0000000000000000        0.0000000000000000     0.0000000000000000        0.0000000000000000     0.0000000000000000
     0.0000000000000000     0.0000000000000000        1.2863791201557877     0.0000000000000000        0.0000000000000000     0.0000000000000000
     0.0000000000000000     0.0000000000000000        0.0000000000000000     0.0000000000000000        0.3291062202107313     0.0000000000000000

     Dynamical Matrix in cartesian axes

     q = (     0.000000000000     0.078231743793     0.000000000000 )

    1    1
     1.0841233400035402     0.0000000000000000        0.0000000000000000     0.0000000000000000        0.0000000000000000     0.0000000000000000
     0.0000000000000000     0.0000000000000000        1.2863791201557877     0.0000000000000000        0.0000000000000000     0.0000000000000000
     0.0000000000000000     0.0000000000000000        0.0000000000000000     0.0000000000000000        0.3291062202107313     0.0000000000000000
    1    2
    -0.9644072514127648     0.1948391755985543        0.0000000000000000     0.0000000000000000        0.0000000000000000     0.0000000000000000
     0.0000000000000000     0.0000000000000000       -0.9030912015571260     0.4748715366218426       -0.0000000000000000     0.0000000000000000
     0.0000000000000000     0.0000000000000000        0.0000000000000000    -0.0000000000000000       -0.3042021448333702     0.1122391055289853
    2    1
    -0.9644072514127648    -0.1948391755985543        0.0000000000000000     0.0000000000000000        0.0000000000000000     0.0000000000000000
     0.0000000000000000     0.0000000000000000       -0.9030912015571260    -0.4748715366218426        0.0000000000000000     0.0000000000000000
     0.0000000000000000     0.0000000000000000       -0.0000000000000000    -0.0000000000000000       -0.3042021448333702    -0.1122391055289853
    2    2
     1.0841233400035402     0.0000000000000000        0.0000000000000000     0.0000000000000000        0.0000000000000000     0.0000000000000000
     0.0000000000000000     0.0000000000000000        1.2863791201557877     0.0000000000000000        0.0000000000000000     0.0000000000000000
     0.0000000000000000     0.0000000000000000        0.0000000000000000     0.0000000000000000        0.3291062202107313     0.0000000000000000

     Diagonalizing the dynamical matrix

     q = (     0.067750677507    -0.039115871896     0.000000000000 )

***************************************************************************
   freq (    1) =     2.19166046 [THz] =    73.10591348 [cm-1]
(   0.000000  0.000000   0.000000  0.000000  -0.676078 -0.207168 )
(   0.000000 -0.000000   0.000000  0.000000  -0.562570 -0.428386 )
   freq (    2) =     9.95456295 [THz] =   332.04843070 [cm-1]
(   0.353553  0.000000   0.612372  0.000000   0.000000  0.000000 )
(   0.346552  0.070014   0.600245  0.121268   0.000000  0.000000 )
   freq (    3) =    16.21810807 [THz] =   540.97777693 [cm-1]
(   0.612372  0.000000  -0.353553 -0.000000   0.000000  0.000000 )
(   0.542008  0.285004  -0.312929 -0.164547  -0.000000 -0.000000 )
   freq (    4) =    25.41527870 [THz] =   847.76232320 [cm-1]
(   0.000000  0.000000  -0.000000  0.000000  -0.703070 -0.075452 )
(   0.000000  0.000000  -0.000000 -0.000000   0.633487  0.314157 )
   freq (    5) =    45.21655995 [THz] =  1508.26187487 [cm-1]
(   0.353553  0.000000   0.612372  0.000000   0.000000 -0.000000 )
(  -0.346552 -0.070014  -0.600245 -0.121268  -0.000000 -0.000000 )
   freq (    6) =    47.75481898 [THz] =  1592.92907055 [cm-1]
(  -0.612372  0.000000   0.353553  0.000000   0.000000  0.000000 )
(   0.542008  0.285004  -0.312929 -0.164547  -0.000000 -0.000000 )
***************************************************************************
