Dynamical matrix file
File generated with the CellConstructor by Lorenzo Monacelli
1 2 0     1.8897259890000000     0.0000000000000000     0.0000000000000000     0.0000000000000000     0.0000000000000000     0.0000000000000000
Basis vectors
    2.4600000000000000     0.0000000000000000     0.0000000000000000
   -1.2300000000000000     2.1304224933097187     0.0000000000000000
    0.0000000000000000     0.0000000000000000    15.0000000000000000
	1  'C '  10947.3571678344233078
    1     1     0.0000000000000001    -0.0000000000000007     7.4999999999999982
    2     1     1.2299999999999998     0.7101408311032394     7.4999999999999982

     Dynamical Matrix in cartesian axes

     q = (     0.067750677507     0.195579359482     0.000000000000 )

    1    1
     1.1322832280889055     0.0000000000000000        0.0615115407833755     0.0186031266302637        0.0000000000000000     0.0000000000000000
     0.0615115407833755    -0.0186031266302637        1.4829996576338491     0.0000000000000000        0.0000000000000000     0.0000000000000000
     0.0000000000000000     0.0000000000000000        0.0000000000000000     0.0000000000000000        0.2715416037365918     0.0000000000000000
    1    2
    -0.4522267538665242     0.3515082349625369       -0.0661845672658976    -0.0574821268939740        0.0000000000000000     0.0000000000000000
    -0.0661845672658976    -0.0574821268939739        0.1187744564930236     0.2637170952340578        0.0000000000000000     0.0000000000000000
     0.0000000000000000     0.0000000000000000        0.0000000000000000     0.0000000000000000       -0.0407627827101458     0.1205850893534411
    2    1
    -0.4522267538665242    -0.3515082349625369       -0.0661845672658976     0.0574821268939740        0.0000000000000000     0.0000000000000000
    -0.0661845672658976     0.0574821268939739        0.1187744564930236    -0.2637170952340578        0.0000000000000000     0.0000000000000000
     0.0000000000000000     0.0000000000000000        0.0000000000000000     0.0000000000000000       -0.0407627827101458    -0.1205850893534411
    2    2
     1.1322832280889055     0.0000000000000000        0.0615115407833755    -0.0186031266302637        0.0000000000000000     0.0000000000000000
     0.0615115407833755     0.0186031266302637        1.4829996576338491     0.0000000000000000        0.0000000000000000     0.0000000000000000
     0.0000000000000000     0.0000000000000000        0.0000000000000000     0.0000000000000000        0.2715416037365918     0.0000000000000000

     Dynamical Matrix in cartesian axes

     q = (    -0.067750677507    -0.195579359482     0.000000000000 )

    1    1
     1.1322832280889055     0.0000000000000000        0.0615115407833755    -0.0186031266302637        0.0000000000000000     0.0000000000000000
     0.0615115407833755     0.0186031266302637        1.4829996576338491     0.0000000000000000        0.0000000000000000     0.0000000000000000
     0.0000000000000000     0.0000000000000000        0.0000000000000000     0.0000000000000000        0.2715416037365918     0.0000000000000000
    1    2
    -0.4522267538665242    -0.3515082349625369       -0.0661845672658976     0.0574821268939740        0.0000000000000000     0.0000000000000000
    -0.0661845672658976     0.0574821268939739        0.1187744564930236    -0.2637170952340578        0.0000000000000000     0.0000000000000000
     0.0000000000000000     0.0000000000000000        0.0000000000000000     0.0000000000000000       -0.0407627827101458    -0.1205850893534411
    2    1
    -0.4522267538665242     0.3515082349625369       -0.0661845672658976    -0.0574821268939740        0.0000000000000000     0.0000000000000000
    -0.0661845672658976    -0.0574821268939739        0.1187744564930236     0.2637170952340578        0.0000000000000000     0.0000000000000000
     0.0000000000000000     0.0000000000000000        0.0000000000000000     0.0000000000000000       -0.0407627827101458     0.1205850893534411
    2    2
     1.1322832280889055     0.0000000000000000        0.0615115407833755     0.0186031266302637        0.0000000000000000     0.0000000000000000
     0.0615115407833755    -0.0186031266302637        1.4829996576338491     0.0000000000000000        0.0000000000000000     0.0000000000000000
     0.0000000000000000     0.0000000000000000        0.0000000000000000     0.0000000000000000        0.2715416037365918     0.0000000000000000

     Dynamical Matrix in cartesian axes

     q = (    -0.067750677507     0.195579359482     0.000000000000 )

    1    1
     1.1322832280889055     0.0000000000000000       -0.0615115407833755    -0.0186031266302637        0.0000000000000000     0.0000000000000000
    -0.0615115407833754     0.0186031266302637        1.4829996576338493     0.0000000000000000        0.0000000000000000     0.0000000000000000
     0.0000000000000000     0.0000000000000000        0.0000000000000000     0.0000000000000000        0.2715416037365918     0.0000000000000000
    1    2
    -0.5305284317591378    -0.2158857550982042       -0.0166887010286201     0.0860585795514101        0.0000000000000000     0.0000000000000000
    -0.0166887010286200     0.0860585795514101       -0.1689984824783878     0.2347202393359047        0.0000000000000000     0.0000000000000000
     0.0000000000000000     0.0000000000000000        0.0000000000000000     0.0000000000000000       -0.1248111427810284     0.0249909356836769
    2    1
    -0.5305284317591378     0.2158857550982042       -0.0166887010286201    -0.0860585795514101        0.0000000000000000     0.0000000000000000
    -0.0166887010286200    -0.0860585795514101       -0.1689984824783878    -0.2347202393359047        0.0000000000000000     0.0000000000000000
     0.0000000000000000     0.0000000000000000        0.0000000000000000     0.0000000000000000       -0.1248111427810284    -0.0249909356836769
    2    2
     1.1322832280889055     0.0000000000000000       -0.0615115407833755     0.0186031266302637        0.0000000000000000     0.0000000000000000
    -0.0615115407833754    -0.0186031266302637        1.4829996576338493     0.0000000000000000        0.0000000000000000     0.0000000000000000
     0.0000000000000000     0.0000000000000000        0.0000000000000000     0.0000000000000000        0.2715416037365918     0.0000000000000000

     Dynamical Matrix in cartesian axes

     q = (     0.067750677507    -0.195579359482     0.000000000000 )

    1    1
     1.1322832280889055     0.0000000000000000       -0.0615115407833755     0.0186031266302637        0.0000000000000000     0.0000000000000000
    -0.0615115407833754    -0.0186031266302637        1.4829996576338493     0.0000000000000000        0.0000000000000000     0.0000000000000000
     0.0000000000000000     0.0000000000000000        0.0000000000000000     0.0000000000000000        0.2715416037365918     0.0000000000000000
    1    2
    -0.5305284317591378     0.2158857550982042       -0.0166887010286201    -0.0860585795514101        0.0000000000000000     0.0000000000000000
    -0.0166887010286200    -0.0860585795514101       -0.1689984824783878    -0.2347202393359047        0.0000000000000000     0.0000000000000000
     0.0000000000000000     0.0000000000000000        0.0000000000000000     0.0000000000000000       -0.1248111427810284    -0.0249909356836769
    2    1
    -0.5305284317591378    -0.2158857550982042       -0.0166887010286201     0.0860585795514101        0.0000000000000000     0.0000000000000000
    -0.0166887010286200     0.0860585795514101       -0.1689984824783878     0.2347202393359047        0.0000000000000000     0.0000000000000000
     0.0000000000000000     0.0000000000000000        0.0000000000000000     0.0000000000000000       -0.1248111427810284     0.0249909356836769
    2    2
     1.1322832280889055     0.0000000000000000       -0.0615115407833755    -0.0186031266302637        0.0000000000000000     0.0000000000000000
    -0.0615115407833754     0.0186031266302637        1.4829996576338493     0.0000000000000000        0.0000000000000000     0.0000000000000000
     0.0000000000000000     0.0000000000000000        0.0000000000000000     0.0000000000000000        0.2715416037365918     0.0000000000000000

     Dynamical Matrix in cartesian axes

     q = (    -0.135501355014     0.156463487585     0.000000000000 )

    1    1
     1.3420499933032874     0.0000000000000000       -0.1826204391469358    -0.0186031266302637        0.0000000000000000     0.0000000000000000
    -0.1826204391469358     0.0186031266302637        1.2732328924194678     0.0000000000000000        0.0000000000000000     0.0000000000000000
     0.0000000000000000     0.0000000000000000        0.0000000000000000     0.0000000000000000        0.2715416037365918     0.0000000000000000
    1    2
    -0.2738338088455240    -0.1965976568325021       -0.1648914106673244     0.1520888293630390        0.0000000000000000     0.0000000000000000
    -0.1648914106673244     0.1520888293630390       -0.4256931053920017     0.1777631725948029        0.0000000000000000     0.0000000000000000
     0.0000000000000000     0.0000000000000000        0.0000000000000000     0.0000000000000000       -0.1248111427810284    -0.0249909356836767
    2    1
    -0.2738338088455240     0.1965976568325021       -0.1648914106673244    -0.1520888293630390        0.0000000000000000     0.0000000000000000
    -0.1648914106673244    -0.1520888293630390       -0.4256931053920017    -0.1777631725948029        0.0000000000000000     0.0000000000000000
     0.0000000000000000     0.0000000000000000        0.0000000000000000     0.0000000000000000       -0.1248111427810284     0.0249909356836767
    2    2
     1.3420499933032874     0.0000000000000000       -0.1826204391469358     0.0186031266302637        0.0000000000000000     0.0000000000000000
    -0.1826204391469358    -0.0186031266302637        1.2732328924194678     0.0000000000000000        0.0000000000000000     0.0000000000000000
     0.0000000000000000     0.0000000000000000        0.0000000000000000     0.0000000000000000        0.2715416037365918     0.0000000000000000

     Dynamical Matrix in cartesian axes

     q = (     0.203252032520     0.039115871896     0.000000000000 )

    1    1
     1.4485911071919388     0.0000000000000000        0.1211088983635603    -0.0186031266302637        0.0000000000000000     0.0000000000000000
     0.1211088983635603     0.0186031266302637        1.1666917785308164     0.0000000000000000        0.0000000000000000     0.0000000000000000
     0.0000000000000000     0.0000000000000000        0.0000000000000000     0.0000000000000000        0.2715416037365918     0.0000000000000000
    1    2
     0.0812933833092365     0.2358838909055428       -0.2803430613251882    -0.0092735906606694        0.0000000000000000     0.0000000000000000
    -0.2803430613251882    -0.0092735906606694        0.2521589678489717     0.3793414101397229        0.0000000000000000     0.0000000000000000
     0.0000000000000000     0.0000000000000000        0.0000000000000000     0.0000000000000000        0.0407627932520294     0.1205850857898448
    2    1
     0.0812933833092365    -0.2358838909055428       -0.2803430613251882     0.0092735906606694        0.0000000000000000     0.0000000000000000
    -0.2803430613251882     0.0092735906606694        0.2521589678489717    -0.3793414101397229        0.0000000000000000     0.0000000000000000
     0.0000000000000000     0.0000000000000000        0.0000000000000000     0.0000000000000000        0.0407627932520294    -0.1205850857898448
    2    2
     1.4485911071919388     0.0000000000000000        0.1211088983635603     0.0186031266302637        0.0000000000000000     0.0000000000000000
     0.1211088983635603    -0.0186031266302637        1.1666917785308164     0.0000000000000000        0.0000000000000000     0.0000000000000000
     0.0000000000000000     0.0000000000000000        0.0000000000000000     0.0000000000000000        0.2715416037365918     0.0000000000000000

     Dynamical Matrix in cartesian axes

     q = (    -0.203252032520    -0.039115871896     0.000000000000 )

    1    1
     1.4485911071919388     0.0000000000000000        0.1211088983635603     0.0186031266302637        0.0000000000000000     0.0000000000000000
     0.1211088983635603    -0.0186031266302637        1.1666917785308164     0.0000000000000000        0.0000000000000000     0.0000000000000000
     0.0000000000000000     0.0000000000000000        0.0000000000000000     0.0000000000000000        0.2715416037365918     0.0000000000000000
    1    2
     0.0812933833092365    -0.2358838909055428       -0.2803430613251882     0.0092735906606694        0.0000000000000000     0.0000000000000000
    -0.2803430613251882     0.0092735906606694        0.2521589678489717    -0.3793414101397228        0.0000000000000000     0.0000000000000000
     0.0000000000000000     0.0000000000000000        0.0000000000000000     0.0000000000000000        0.0407627932520294    -0.1205850857898448
    2    1
     0.0812933833092365     0.2358838909055428       -0.2803430613251882    -0.0092735906606694        0.0000000000000000     0.0000000000000000
    -0.2803430613251882    -0.0092735906606694        0.2521589678489717     0.3793414101397228        0.0000000000000000     0.0000000000000000
     0.0000000000000000     0.0000000000000000        0.0000000000000000     0.0000000000000000        0.0407627932520294     0.1205850857898448
    2    2
     1.4485911071919388     0.0000000000000000        0.1211088983635603    -0.0186031266302637        0.0000000000000000     0.0000000000000000
     0.1211088983635603     0.0186031266302637        1.1666917785308164     0.0000000000000000        0.0000000000000000     0.0000000000000000
     0.0000000000000000     0.0000000000000000        0.0000000000000000     0.0000000000000000        0.2715416037365918     0.0000000000000000

     Dynamical Matrix in cartesian axes

     q = (     0.135501355014    -0.156463487585     0.000000000000 )

    1    1
     1.3420499933032874     0.0000000000000000       -0.1826204391469358     0.0186031266302637        0.0000000000000000     0.0000000000000000
    -0.1826204391469358    -0.0186031266302637        1.2732328924194678     0.0000000000000000        0.0000000000000000     0.0000000000000000
     0.0000000000000000     0.0000000000000000        0.0000000000000000     0.0000000000000000        0.2715416037365918     0.0000000000000000
    1    2
    -0.2738338088455240     0.1965976568325021       -0.1648914106673244    -0.1520888293630390        0.0000000000000000     0.0000000000000000
    -0.1648914106673244    -0.1520888293630390       -0.4256931053920017    -0.1777631725948029        0.0000000000000000     0.0000000000000000
     0.0000000000000000     0.0000000000000000        0.0000000000000000     0.0000000000000000       -0.1248111427810284     0.0249909356836767
    2    1
    -0.2738338088455240    -0.1965976568325021       -0.1648914106673244     0.1520888293630390        0.0000000000000000     0.0000000000000000
    -0.1648914106673244     0.1520888293630390       -0.4256931053920017     0.1777631725948029        0.0000000000000000     0.0000000000000000
     0.0000000000000000     0.0000000000000000        0.0000000000000000     0.0000000000000000       -0.1248111427810284    -0.0249909356836767
    2    2
     1.3420499933032874     0.0000000000000000       -0.1826204391469358    -0.0186031266302637        0.0000000000000000     0.0000000000000000
    -0.1826204391469358     0.0186031266302637        1.2732328924194678     0.0000000000000000        0.0000000000000000     0.0000000000000000
     0.0000000000000000     0.0000000000000000        0.0000000000000000     0.0000000000000000        0.2715416037365918     0.0000000000000000

     Dynamical Matrix in cartesian axes

     q = (    -0.135501355014    -0.156463487585     0.000000000000 )

    1    1
     1.3420499933032874     0.0000000000000000        0.1826204391469358    -0.0186031266302637        0.0000000000000000     0.0000000000000000
     0.1826204391469358     0.0186031266302637        1.2732328924194678     0.0000000000000000        0.0000000000000000     0.0000000000000000
     0.0000000000000000     0.0000000000000000        0.0000000000000000     0.0000000000000000        0.2715416037365918     0.0000000000000000
    1    2
    -0.0333416411682737    -0.3354458652347398       -0.2141584990845383     0.0667557233406818        0.0000000000000000     0.0000000000000000
    -0.2141584990845382     0.0667557233406819        0.3667939923264824    -0.2797794358105256        0.0000000000000000     0.0000000000000000
     0.0000000000000000     0.0000000000000000        0.0000000000000000     0.0000000000000000        0.0407627932520294    -0.1205850857898448
    2    1
    -0.0333416411682737     0.3354458652347398       -0.2141584990845383    -0.0667557233406818        0.0000000000000000     0.0000000000000000
    -0.2141584990845382    -0.0667557233406819        0.3667939923264824     0.2797794358105256        0.0000000000000000     0.0000000000000000
     0.0000000000000000     0.0000000000000000        0.0000000000000000     0.0000000000000000        0.0407627932520294     0.1205850857898448
    2    2
     1.3420499933032874     0.0000000000000000        0.1826204391469358     0.0186031266302637        0.0000000000000000     0.0000000000000000
     0.1826204391469358    -0.0186031266302637        1.2732328924194678     0.0000000000000000        0.0000000000000000     0.0000000000000000
     0.0000000000000000     0.0000000000000000        0.0000000000000000     0.0000000000000000        0.2715416037365918     0.0000000000000000

     Dynamical Matrix in cartesian axes

     q = (     0.203252032520    -0.039115871896     0.000000000000 )

    1    1
     1.4485911071919388     0.0000000000000000       -0.1211088983635604    -0.0186031266302637        0.0000000000000000     0.0000000000000000
    -0.1211088983635603     0.0186031266302637        1.1666917785308164     0.0000000000000000        0.0000000000000000     0.0000000000000000
     0.0000000000000000     0.0000000000000000        0.0000000000000000     0.0000000000000000        0.2715416037365918     0.0000000000000000
    1    2
    -0.0812933626876110     0.2358838980124354       -0.2803430605144641     0.0092736151690388        0.0000000000000000     0.0000000000000000
    -0.2803430605144641     0.0092736151690388       -0.2521589346858906     0.3793414321841591        0.0000000000000000     0.0000000000000000
     0.0000000000000000     0.0000000000000000        0.0000000000000000     0.0000000000000000       -0.0407627827101459     0.1205850893534410
    2    1
    -0.0812933626876110    -0.2358838980124354       -0.2803430605144641    -0.0092736151690388        0.0000000000000000     0.0000000000000000
    -0.2803430605144641    -0.0092736151690388       -0.2521589346858906    -0.3793414321841591        0.0000000000000000     0.0000000000000000
     0.0000000000000000     0.0000000000000000        0.0000000000000000     0.0000000000000000       -0.0407627827101459    -0.1205850893534410
    2    2
     1.4485911071919388     0.0000000000000000       -0.1211088983635604     0.0186031266302637        0.0000000000000000     0.0000000000000000
    -0.1211088983635603    -0.0186031266302637        1.1666917785308164     0.0000000000000000        0.0000000000000000     0.0000000000000000
     0.0000000000000000     0.0000000000000000        0.0000000000000000     0.0000000000000000        0.2715416037365918     0.0000000000000000

     Dynamical Matrix in cartesian axes

     q = (    -0.203252032520     0.039115871896     0.000000000000 )

    1    1
     1.4485911071919388     0.0000000000000000       -0.1211088983635604     0.0186031266302637        0.0000000000000000     0.0000000000000000
    -0.1211088983635603    -0.0186031266302637        1.1666917785308164     0.0000000000000000        0.0000000000000000     0.0000000000000000
     0.0000000000000000     0.0000000000000000        0.0000000000000000     0.0000000000000000        0.2715416037365918     0.0000000000000000
    1    2
    -0.0812933626876110    -0.2358838980124354       -0.2803430605144641    -0.0092736151690388        0.0000000000000000     0.0000000000000000
    -0.2803430605144641    -0.0092736151690388       -0.2521589346858906    -0.3793414321841591        0.0000000000000000     0.0000000000000000
     0.0000000000000000     0.0000000000000000        0.0000000000000000     0.0000000000000000       -0.0407627827101459    -0.1205850893534410
    2    1
    -0.0812933626876110     0.2358838980124354       -0.2803430605144641     0.0092736151690388        0.0000000000000000     0.0000000000000000
    -0.2803430605144641     0.0092736151690388       -0.2521589346858906     0.3793414321841591        0.0000000000000000     0.0000000000000000
     0.0000000000000000     0.0000000000000000        0.0000000000000000     0.0000000000000000       -0.0407627827101459     0.1205850893534410
    2    2
     1.4485911071919388     0.0000000000000000       -0.1211088983635604    -0.0186031266302637        0.0000000000000000     0.0000000000000000
    -0.1211088983635603     0.0186031266302637        1.1666917785308164     0.0000000000000000        0.0000000000000000     0.0000000000000000
     0.0000000000000000     0.0000000000000000        0.0000000000000000     0.0000000000000000        0.2715416037365918     0.0000000000000000

     Dynamical Matrix in cartesian axes

     q = (     0.135501355014     0.156463487585     0.000000000000 )

    1    1
     1.3420499933032874     0.0000000000000000        0.1826204391469358     0.0186031266302637        0.0000000000000000     0.0000000000000000
     0.1826204391469358    -0.0186031266302637        1.2732328924194678     0.0000000000000000        0.0000000000000000     0.0000000000000000
     0.0000000000000000     0.0000000000000000        0.0000000000000000     0.0000000000000000        0.2715416037365918     0.0000000000000000
    1    2
    -0.0333416411682737     0.3354458652347398       -0.2141584990845383    -0.0667557233406819        0.0000000000000000     0.0000000000000000
    -0.2141584990845382    -0.0667557233406819        0.3667939923264824     0.2797794358105254        0.0000000000000000     0.0000000000000000
     0.0000000000000000     0.0000000000000000        0.0000000000000000     0.0000000000000000        0.0407627932520294     0.1205850857898448
    2    1
    -0.0333416411682737    -0.3354458652347398       -0.2141584990845383     0.0667557233406819        0.0000000000000000     0.0000000000000000
    -0.2141584990845382     0.0667557233406819        0.3667939923264824    -0.2797794358105254        0.0000000000000000     0.0000000000000000
     0.0000000000000000     0.0000000000000000        0.0000000000000000     0.0000000000000000        0.0407627932520294    -0.1205850857898448
    2    2
     1.3420499933032874     0.0000000000000000        0.1826204391469358    -0.0186031266302637        0.0000000000000000     0.0000000000000000
     0.1826204391469358     0.0186031266302637        1.2732328924194678     0.0000000000000000        0.0000000000000000     0.0000000000000000
     0.0000000000000000     0.0000000000000000        0.0000000000000000     0.0000000000000000        0.2715416037365918     0.0000000000000000

     Diagonalizing the dynamical matrix

     q = (     0.067750677507     0.195579359482     0.000000000000 )

***************************************************************************
   freq (    1) =    11.94216805 [THz] =   398.34779101 [cm-1]
(  -0.000000  0.000000   0.000000 -0.000000   0.704033 -0.065858 )
(  -0.000000 -0.000000   0.000000  0.000000   0.287849  0.645866 )
   freq (    2) =    19.85704451 [THz] =   662.35961360 [cm-1]
(  -0.000000  0.000000   0.000000 -0.000000   0.702436 -0.081141 )
(  -0.000000 -0.000000   0.000000  0.000000  -0.301816 -0.639459 )
   freq (    3) =    23.14008711 [THz] =   771.87011149 [cm-1]
(   0.698077  0.000000  -0.067093  0.090479   0.000000 -0.000000 )
(   0.538688  0.443990   0.005772 -0.112492  -0.000000 -0.000000 )
   freq (    4) =    34.29305636 [THz] =  1143.89306799 [cm-1]
(   0.172722  0.000000   0.011632 -0.685589  -0.000000  0.000000 )
(   0.073732 -0.156193   0.624947  0.282149   0.000000  0.000000 )
   freq (    5) =    41.20588301 [THz] =  1374.48011178 [cm-1]
(  -0.653590  0.000000   0.109122 -0.246804   0.000000  0.000000 )
(   0.515604  0.401662   0.065588 -0.261760   0.000000 -0.000000 )
   freq (    6) =    41.97357642 [THz] =  1400.08760366 [cm-1]
(  -0.235956  0.000000  -0.492246  0.449465  -0.000000 -0.000000 )
(   0.219480  0.086623   0.292868  0.598793  -0.000000  0.000000 )
***************************************************************************
