Dynamical matrix file
File generated with the CellConstructor by Lorenzo Monacelli
1 2 0     1.8897259890000000     0.0000000000000000     0.0000000000000000     0.0000000000000000     0.0000000000000000     0.0000000000000000
Basis vectors
    2.4600000000000000     0.0000000000000000     0.0000000000000000
   -1.2300000000000000     2.1304224933097187     0.0000000000000000
    0.0000000000000000     0.0000000000000000    15.0000000000000000
	1  'C '  10947.3571678344233078
    1     1     0.0000000000000001    -0.0000000000000007     7.4999999999999982
    2     1     1.2299999999999998     0.7101408311032394     7.4999999999999982

     Dynamical Matrix in cartesian axes

     q = (     0.135501355014    -0.078231743793     0.000000000000 )

    1    1
     1.4064281745129756     0.0000000000000000       -0.1998906049025672     0.0000000000000000        0.0000000000000000     0.0000000000000000
    -0.1998906049025674     0.0000000000000000        1.1756143854150269     0.0000000000000000        0.0000000000000000     0.0000000000000000
     0.0000000000000000     0.0000000000000000        0.0000000000000000     0.0000000000000000        0.2963380579585262     0.0000000000000000
    1    2
    -0.4235682922711297     0.4345960065647316       -0.1985513525459555    -0.1604757244743620       -0.0000000000000000     0.0000000000000000
    -0.1985513525459555    -0.1604757244743619       -0.6528356459518732     0.2492946011173855        0.0000000000000000     0.0000000000000000
    -0.0000000000000000    -0.0000000000000000       -0.0000000000000000    -0.0000000000000000       -0.1778627227352409     0.1466471069284529
    2    1
    -0.4235682922711297    -0.4345960065647316       -0.1985513525459555     0.1604757244743620        0.0000000000000000     0.0000000000000000
    -0.1985513525459555     0.1604757244743619       -0.6528356459518732    -0.2492946011173855       -0.0000000000000000     0.0000000000000000
     0.0000000000000000    -0.0000000000000000        0.0000000000000000    -0.0000000000000000       -0.1778627227352409    -0.1466471069284529
    2    2
     1.4064281745129756     0.0000000000000000       -0.1998906049025672     0.0000000000000000        0.0000000000000000     0.0000000000000000
    -0.1998906049025674     0.0000000000000000        1.1756143854150269     0.0000000000000000        0.0000000000000000     0.0000000000000000
     0.0000000000000000     0.0000000000000000        0.0000000000000000     0.0000000000000000        0.2963380579585262     0.0000000000000000

     Dynamical Matrix in cartesian axes

     q = (    -0.135501355014     0.078231743793     0.000000000000 )

    1    1
     1.4064281745129756     0.0000000000000000       -0.1998906049025672     0.0000000000000000        0.0000000000000000     0.0000000000000000
    -0.1998906049025674     0.0000000000000000        1.1756143854150269     0.0000000000000000        0.0000000000000000     0.0000000000000000
     0.0000000000000000     0.0000000000000000        0.0000000000000000     0.0000000000000000        0.2963380579585262     0.0000000000000000
    1    2
    -0.4235682922711297    -0.4345960065647315       -0.1985513525459555     0.1604757244743619       -0.0000000000000000    -0.0000000000000000
    -0.1985513525459555     0.1604757244743620       -0.6528356459518732    -0.2492946011173855        0.0000000000000000    -0.0000000000000000
    -0.0000000000000000     0.0000000000000000       -0.0000000000000000     0.0000000000000000       -0.1778627227352409    -0.1466471069284529
    2    1
    -0.4235682922711297     0.4345960065647315       -0.1985513525459555    -0.1604757244743619        0.0000000000000000    -0.0000000000000000
    -0.1985513525459555    -0.1604757244743620       -0.6528356459518732     0.2492946011173855       -0.0000000000000000    -0.0000000000000000
     0.0000000000000000     0.0000000000000000        0.0000000000000000     0.0000000000000000       -0.1778627227352409     0.1466471069284529
    2    2
     1.4064281745129756     0.0000000000000000       -0.1998906049025672     0.0000000000000000        0.0000000000000000     0.0000000000000000
    -0.1998906049025674     0.0000000000000000        1.1756143854150269     0.0000000000000000        0.0000000000000000     0.0000000000000000
     0.0000000000000000     0.0000000000000000        0.0000000000000000     0.0000000000000000        0.2963380579585262     0.0000000000000000

     Dynamical Matrix in cartesian axes

     q = (    -0.135501355014    -0.078231743793     0.000000000000 )

    1    1
     1.4064281745129756     0.0000000000000000        0.1998906049025675     0.0000000000000000        0.0000000000000000     0.0000000000000000
     0.1998906049025674     0.0000000000000000        1.1756143854150269     0.0000000000000000        0.0000000000000000     0.0000000000000000
     0.0000000000000000     0.0000000000000000        0.0000000000000000     0.0000000000000000        0.2963380579585262     0.0000000000000000
    1    2
    -0.1645870018892292    -0.5841189142191925       -0.2382517357036703     0.0917126391376242        0.0000000000000000     0.0000000000000000
    -0.2382517357036703     0.0917126391376242        0.1105224055975900    -0.6900195480075892        0.0000000000000000    -0.0000000000000000
    -0.0000000000000000    -0.0000000000000000       -0.0000000000000000     0.0000000000000000       -0.0380687453731144    -0.2273571919579305
    2    1
    -0.1645870018892292     0.5841189142191925       -0.2382517357036703    -0.0917126391376242       -0.0000000000000000     0.0000000000000000
    -0.2382517357036703    -0.0917126391376242        0.1105224055975900     0.6900195480075892       -0.0000000000000000    -0.0000000000000000
     0.0000000000000000    -0.0000000000000000        0.0000000000000000     0.0000000000000000       -0.0380687453731144     0.2273571919579305
    2    2
     1.4064281745129756     0.0000000000000000        0.1998906049025675     0.0000000000000000        0.0000000000000000     0.0000000000000000
     0.1998906049025674     0.0000000000000000        1.1756143854150269     0.0000000000000000        0.0000000000000000     0.0000000000000000
     0.0000000000000000     0.0000000000000000        0.0000000000000000     0.0000000000000000        0.2963380579585262     0.0000000000000000

     Dynamical Matrix in cartesian axes

     q = (     0.135501355014     0.078231743793     0.000000000000 )

    1    1
     1.4064281745129756     0.0000000000000000        0.1998906049025675     0.0000000000000000        0.0000000000000000     0.0000000000000000
     0.1998906049025674     0.0000000000000000        1.1756143854150269     0.0000000000000000        0.0000000000000000     0.0000000000000000
     0.0000000000000000     0.0000000000000000        0.0000000000000000     0.0000000000000000        0.2963380579585262     0.0000000000000000
    1    2
    -0.1645870018892291     0.5841189142191925       -0.2382517357036703    -0.0917126391376242        0.0000000000000000    -0.0000000000000000
    -0.2382517357036703    -0.0917126391376242        0.1105224055975900     0.6900195480075892        0.0000000000000000     0.0000000000000000
    -0.0000000000000000     0.0000000000000000       -0.0000000000000000    -0.0000000000000000       -0.0380687453731144     0.2273571919579305
    2    1
    -0.1645870018892291    -0.5841189142191925       -0.2382517357036703     0.0917126391376242       -0.0000000000000000    -0.0000000000000000
    -0.2382517357036703     0.0917126391376242        0.1105224055975900    -0.6900195480075892       -0.0000000000000000     0.0000000000000000
     0.0000000000000000     0.0000000000000000        0.0000000000000000    -0.0000000000000000       -0.0380687453731144    -0.2273571919579305
    2    2
     1.4064281745129756     0.0000000000000000        0.1998906049025675     0.0000000000000000        0.0000000000000000     0.0000000000000000
     0.1998906049025674     0.0000000000000000        1.1756143854150269     0.0000000000000000        0.0000000000000000     0.0000000000000000
     0.0000000000000000     0.0000000000000000        0.0000000000000000     0.0000000000000000        0.2963380579585262     0.0000000000000000

     Dynamical Matrix in cartesian axes

     q = (    -0.000000000000    -0.156463487585     0.000000000000 )

    1    1
     1.0602074908660521     0.0000000000000000        0.0000000000000000     0.0000000000000000        0.0000000000000000     0.0000000000000000
     0.0000000000000000     0.0000000000000000        1.5218350690619502     0.0000000000000000        0.0000000000000000     0.0000000000000000
     0.0000000000000000     0.0000000000000000        0.0000000000000000     0.0000000000000000        0.2963380579585262     0.0000000000000000
    1    2
    -0.7674693227922447    -0.1566438983937135        0.0000000000000000     0.0000000000000000        0.0000000000000000     0.0000000000000000
     0.0000000000000000     0.0000000000000000       -0.3089346154307575    -0.5272467092884053        0.0000000000000000    -0.0000000000000000
     0.0000000000000000     0.0000000000000000        0.0000000000000000     0.0000000000000000       -0.1778627227352407    -0.1466471069284531
    2    1
    -0.7674693227922447     0.1566438983937135        0.0000000000000000     0.0000000000000000       -0.0000000000000000     0.0000000000000000
     0.0000000000000000     0.0000000000000000       -0.3089346154307575     0.5272467092884053       -0.0000000000000000    -0.0000000000000000
    -0.0000000000000000     0.0000000000000000       -0.0000000000000000     0.0000000000000000       -0.1778627227352407     0.1466471069284531
    2    2
     1.0602074908660521     0.0000000000000000        0.0000000000000000     0.0000000000000000        0.0000000000000000     0.0000000000000000
     0.0000000000000000     0.0000000000000000        1.5218350690619502     0.0000000000000000        0.0000000000000000     0.0000000000000000
     0.0000000000000000     0.0000000000000000        0.0000000000000000     0.0000000000000000        0.2963380579585262     0.0000000000000000

     Dynamical Matrix in cartesian axes

     q = (     0.000000000000     0.156463487585     0.000000000000 )

    1    1
     1.0602074908660521     0.0000000000000000        0.0000000000000000     0.0000000000000000        0.0000000000000000     0.0000000000000000
     0.0000000000000000     0.0000000000000000        1.5218350690619502     0.0000000000000000        0.0000000000000000     0.0000000000000000
     0.0000000000000000     0.0000000000000000        0.0000000000000000     0.0000000000000000        0.2963380579585262     0.0000000000000000
    1    2
    -0.7674693227922447     0.1566438983937135        0.0000000000000000     0.0000000000000000        0.0000000000000000     0.0000000000000000
     0.0000000000000000     0.0000000000000000       -0.3089346154307575     0.5272467092884053        0.0000000000000000     0.0000000000000000
     0.0000000000000000     0.0000000000000000        0.0000000000000000    -0.0000000000000000       -0.1778627227352407     0.1466471069284531
    2    1
    -0.7674693227922447    -0.1566438983937135        0.0000000000000000     0.0000000000000000       -0.0000000000000000     0.0000000000000000
     0.0000000000000000     0.0000000000000000       -0.3089346154307575    -0.5272467092884053       -0.0000000000000000     0.0000000000000000
    -0.0000000000000000     0.0000000000000000       -0.0000000000000000    -0.0000000000000000       -0.1778627227352407    -0.1466471069284531
    2    2
     1.0602074908660521     0.0000000000000000        0.0000000000000000     0.0000000000000000        0.0000000000000000     0.0000000000000000
     0.0000000000000000     0.0000000000000000        1.5218350690619502     0.0000000000000000        0.0000000000000000     0.0000000000000000
     0.0000000000000000     0.0000000000000000        0.0000000000000000     0.0000000000000000        0.2963380579585262     0.0000000000000000

     Diagonalizing the dynamical matrix

     q = (     0.135501355014    -0.078231743793     0.000000000000 )

***************************************************************************
   freq (    1) =     8.06650925 [THz] =   269.06974758 [cm-1]
(  -0.000000  0.000000  -0.000000  0.000000   0.664378  0.242079 )
(  -0.000000 -0.000000  -0.000000 -0.000000   0.358611  0.609425 )
   freq (    2) =    16.54604490 [THz] =   551.91657079 [cm-1]
(  -0.353553  0.000000  -0.612372 -0.000000   0.000000  0.000000 )
(  -0.346411 -0.070704  -0.600002 -0.122463  -0.000000 -0.000000 )
   freq (    3) =    22.82277161 [THz] =   761.28560712 [cm-1]
(   0.000000  0.000000   0.000000  0.000000   0.671854  0.220483 )
(   0.000000  0.000000   0.000000  0.000000  -0.378117 -0.597518 )
   freq (    4) =    30.00677338 [THz] =  1000.91807793 [cm-1]
(   0.612372  0.000000  -0.353553 -0.000000  -0.000000 -0.000000 )
(   0.309583  0.528354  -0.178738 -0.305045   0.000000  0.000000 )
   freq (    5) =    42.69157234 [THz] =  1424.03736632 [cm-1]
(   0.353553  0.000000   0.612372  0.000000  -0.000000 -0.000000 )
(  -0.346411 -0.070704  -0.600002 -0.122463   0.000000  0.000000 )
   freq (    6) =    45.92068119 [THz] =  1531.74882795 [cm-1]
(  -0.612372  0.000000   0.353553  0.000000  -0.000000 -0.000000 )
(   0.309583  0.528354  -0.178738 -0.305045   0.000000  0.000000 )
***************************************************************************
