Dynamical matrix file
File generated with the CellConstructor by Lorenzo Monacelli
1 2 0     1.8897259890000000     0.0000000000000000     0.0000000000000000     0.0000000000000000     0.0000000000000000     0.0000000000000000
Basis vectors
    2.4600000000000000     0.0000000000000000     0.0000000000000000
   -1.2300000000000000     2.1304224933097187     0.0000000000000000
    0.0000000000000000     0.0000000000000000    15.0000000000000000
	1  'C '  10947.3571678344233078
    1     1     0.0000000000000001    -0.0000000000000007     7.4999999999999982
    2     1     1.2299999999999998     0.7101408311032394     7.4999999999999982

     Dynamical Matrix in cartesian axes

     q = (     0.000000000000     0.000000000000     0.000000000000 )

    1    1
     1.1092301688407293     0.0000000000000000        0.0000000000000002     0.0000000000000000        0.0000000000000000     0.0000000000000000
     0.0000000000000002     0.0000000000000000        1.1092301688407296     0.0000000000000000        0.0000000000000000     0.0000000000000000
     0.0000000000000000     0.0000000000000000        0.0000000000000000     0.0000000000000000        0.3410996092560485     0.0000000000000000
    1    2
    -1.1092301688407293     0.0000000000000000       -0.0000000000000003     0.0000000000000000        0.0000000000000000     0.0000000000000000
    -0.0000000000000002     0.0000000000000000       -1.1092301688407300     0.0000000000000000        0.0000000000000000     0.0000000000000000
     0.0000000000000000     0.0000000000000000        0.0000000000000000     0.0000000000000000       -0.3410996092560485     0.0000000000000000
    2    1
    -1.1092301688407293     0.0000000000000000       -0.0000000000000003     0.0000000000000000        0.0000000000000000     0.0000000000000000
    -0.0000000000000002     0.0000000000000000       -1.1092301688407300     0.0000000000000000        0.0000000000000000     0.0000000000000000
     0.0000000000000000     0.0000000000000000        0.0000000000000000     0.0000000000000000       -0.3410996092560485     0.0000000000000000
    2    2
     1.1092301688407289     0.0000000000000000        0.0000000000000001     0.0000000000000000        0.0000000000000000     0.0000000000000000
     0.0000000000000000     0.0000000000000000        1.1092301688407293     0.0000000000000000        0.0000000000000000     0.0000000000000000
     0.0000000000000000     0.0000000000000000        0.0000000000000000     0.0000000000000000        0.3410996092560485     0.0000000000000000

     Diagonalizing the dynamical matrix

     q = (     0.000000000000     0.000000000000     0.000000000000 )

***************************************************************************
   freq (    1) =    -0.00000090 [THz] =    -0.00003006 [cm-1]
(  -0.691250  0.000000  -0.148222  0.000000  -0.014281  0.000000 )
(  -0.691250  0.000000  -0.148222  0.000000  -0.014281  0.000000 )
   freq (    2) =    -0.00000077 [THz] =    -0.00002575 [cm-1]
(   0.148848  0.000000  -0.685844  0.000000  -0.086386  0.000000 )
(   0.148848  0.000000  -0.685844  0.000000  -0.086386  0.000000 )
   freq (    3) =     0.00000012 [THz] =     0.00000401 [cm-1]
(  -0.004257  0.000000   0.087455  0.000000  -0.701665  0.000000 )
(  -0.004257  0.000000   0.087455  0.000000  -0.701665  0.000000 )
   freq (    4) =    25.97025652 [THz] =   866.27438794 [cm-1]
(   0.000000  0.000000  -0.000000  0.000000   0.707107  0.000000 )
(   0.000000  0.000000  -0.000000  0.000000  -0.707107  0.000000 )
   freq (    5) =    46.83240545 [THz] =  1562.16067134 [cm-1]
(  -0.695780  0.000000   0.126055  0.000000   0.000000  0.000000 )
(   0.695780  0.000000  -0.126055  0.000000  -0.000000  0.000000 )
   freq (    6) =    46.83240545 [THz] =  1562.16067134 [cm-1]
(   0.126055  0.000000   0.695780  0.000000   0.000000  0.000000 )
(  -0.126055  0.000000  -0.695780  0.000000  -0.000000  0.000000 )
***************************************************************************
