Dynamical matrix file
File generated with the CellConstructor by Lorenzo Monacelli
1 2 0     1.8897259890000000     0.0000000000000000     0.0000000000000000     0.0000000000000000     0.0000000000000000     0.0000000000000000
Basis vectors
    2.4600000000000000     0.0000000000000000     0.0000000000000000
   -1.2300000000000000     2.1304224933097187     0.0000000000000000
    0.0000000000000000     0.0000000000000000    15.0000000000000000
	1  'C '  10947.3571678344233078
    1     1     0.0000000000000001    -0.0000000000000007     7.4999999999999982
    2     1     1.2299999999999998     0.7101408311032394     7.4999999999999982

     Dynamical Matrix in cartesian axes

     q = (     0.067750677507     0.195579359482     0.000000000000 )

    1    1
     1.1112687253999813    -0.0000000000000000        0.0579533495231383     0.0188528088418525       -0.0000000000000000     0.0000000000000000
     0.0579533495231384    -0.0188528088418525        1.4563870500725395     0.0000000000000000        0.0000000000000000     0.0000000000000000
    -0.0000000000000000    -0.0000000000000000        0.0000000000000000    -0.0000000000000000        0.2685905932081376     0.0000000000000000
    1    2
    -0.4366649881545827     0.3443589100595342       -0.0629144774897120    -0.0528522225993573        0.0000000000000000     0.0000000000000000
    -0.0629144774897120    -0.0528522225993573        0.1082589792606581     0.2642701979038946        0.0000000000000000     0.0000000000000000
     0.0000000000000000     0.0000000000000000        0.0000000000000000     0.0000000000000000       -0.0406210100434749     0.1202432419476381
    2    1
    -0.4366649881545827    -0.3443589100595342       -0.0629144774897120     0.0528522225993573        0.0000000000000000    -0.0000000000000000
    -0.0629144774897120     0.0528522225993573        0.1082589792606581    -0.2642701979038946        0.0000000000000000    -0.0000000000000000
     0.0000000000000000    -0.0000000000000000        0.0000000000000000    -0.0000000000000000       -0.0406210100434749    -0.1202432419476381
    2    2
     1.1112687253999813    -0.0000000000000000        0.0579533495231383    -0.0188528088418525       -0.0000000000000000    -0.0000000000000000
     0.0579533495231384     0.0188528088418525        1.4563870500725395    -0.0000000000000000       -0.0000000000000000    -0.0000000000000000
    -0.0000000000000000     0.0000000000000000       -0.0000000000000000     0.0000000000000000        0.2685905932081376    -0.0000000000000000

     Dynamical Matrix in cartesian axes

     q = (    -0.067750677507    -0.195579359482     0.000000000000 )

    1    1
     1.1112687253999813     0.0000000000000000        0.0579533495231383    -0.0188528088418525       -0.0000000000000000    -0.0000000000000000
     0.0579533495231384     0.0188528088418525        1.4563870500725395    -0.0000000000000000        0.0000000000000000    -0.0000000000000000
    -0.0000000000000000     0.0000000000000000        0.0000000000000000     0.0000000000000000        0.2685905932081376    -0.0000000000000000
    1    2
    -0.4366649881545827    -0.3443589100595342       -0.0629144774897120     0.0528522225993573        0.0000000000000000    -0.0000000000000000
    -0.0629144774897120     0.0528522225993573        0.1082589792606581    -0.2642701979038946        0.0000000000000000    -0.0000000000000000
     0.0000000000000000    -0.0000000000000000        0.0000000000000000    -0.0000000000000000       -0.0406210100434749    -0.1202432419476381
    2    1
    -0.4366649881545827     0.3443589100595342       -0.0629144774897120    -0.0528522225993573        0.0000000000000000     0.0000000000000000
    -0.0629144774897120    -0.0528522225993573        0.1082589792606581     0.2642701979038946        0.0000000000000000     0.0000000000000000
     0.0000000000000000     0.0000000000000000        0.0000000000000000     0.0000000000000000       -0.0406210100434749     0.1202432419476381
    2    2
     1.1112687253999813     0.0000000000000000        0.0579533495231383     0.0188528088418525       -0.0000000000000000     0.0000000000000000
     0.0579533495231384    -0.0188528088418525        1.4563870500725395     0.0000000000000000       -0.0000000000000000     0.0000000000000000
    -0.0000000000000000    -0.0000000000000000       -0.0000000000000000    -0.0000000000000000        0.2685905932081376     0.0000000000000000

     Dynamical Matrix in cartesian axes

     q = (    -0.067750677507     0.195579359482     0.000000000000 )

    1    1
     1.1112687255092668     0.0000000000000000       -0.0579533498354592    -0.0188528089050838       -0.0000000000000000    -0.0000000000000000
    -0.0579533498354592     0.0188528089050838        1.4563870500244964    -0.0000000000000000       -0.0000000000000000    -0.0000000000000000
    -0.0000000000000000     0.0000000000000000       -0.0000000000000000     0.0000000000000000        0.2685905932135512    -0.0000000000000000
    1    2
    -0.5165560518033788    -0.2059835334746793       -0.0143141309220932     0.0809116467719113        0.0000000000000000     0.0000000000000000
    -0.0143141309220932     0.0809116467719114       -0.1747352220856063     0.2258901199781159        0.0000000000000000    -0.0000000000000000
     0.0000000000000000    -0.0000000000000000       -0.0000000000000000    -0.0000000000000000       -0.1244442078933054     0.0249427906821929
    2    1
    -0.5165560518033788     0.2059835334746792       -0.0143141309220932    -0.0809116467719114        0.0000000000000000     0.0000000000000000
    -0.0143141309220932    -0.0809116467719114       -0.1747352220856063    -0.2258901199781159       -0.0000000000000000     0.0000000000000000
     0.0000000000000000    -0.0000000000000000        0.0000000000000000     0.0000000000000000       -0.1244442078933054    -0.0249427906821929
    2    2
     1.1112687255092668     0.0000000000000000       -0.0579533498354592     0.0188528089050838       -0.0000000000000000     0.0000000000000000
    -0.0579533498354592    -0.0188528089050838        1.4563870500244964    -0.0000000000000000       -0.0000000000000000     0.0000000000000000
    -0.0000000000000000    -0.0000000000000000       -0.0000000000000000    -0.0000000000000000        0.2685905932135512    -0.0000000000000000

     Dynamical Matrix in cartesian axes

     q = (     0.067750677507    -0.195579359482     0.000000000000 )

    1    1
     1.1112687255092668    -0.0000000000000000       -0.0579533498354592     0.0188528089050838       -0.0000000000000000     0.0000000000000000
    -0.0579533498354592    -0.0188528089050838        1.4563870500244964     0.0000000000000000       -0.0000000000000000     0.0000000000000000
    -0.0000000000000000    -0.0000000000000000       -0.0000000000000000    -0.0000000000000000        0.2685905932135512     0.0000000000000000
    1    2
    -0.5165560518033788     0.2059835334746792       -0.0143141309220932    -0.0809116467719113        0.0000000000000000    -0.0000000000000000
    -0.0143141309220932    -0.0809116467719113       -0.1747352220856063    -0.2258901199781159        0.0000000000000000     0.0000000000000000
     0.0000000000000000     0.0000000000000000       -0.0000000000000000     0.0000000000000000       -0.1244442078933054    -0.0249427906821929
    2    1
    -0.5165560518033788    -0.2059835334746792       -0.0143141309220932     0.0809116467719113        0.0000000000000000    -0.0000000000000000
    -0.0143141309220932     0.0809116467719113       -0.1747352220856063     0.2258901199781159       -0.0000000000000000    -0.0000000000000000
     0.0000000000000000     0.0000000000000000        0.0000000000000000    -0.0000000000000000       -0.1244442078933054     0.0249427906821929
    2    2
     1.1112687255092668    -0.0000000000000000       -0.0579533498354592    -0.0188528089050838       -0.0000000000000000    -0.0000000000000000
    -0.0579533498354592     0.0188528089050838        1.4563870500244964     0.0000000000000000       -0.0000000000000000    -0.0000000000000000
    -0.0000000000000000     0.0000000000000000       -0.0000000000000000     0.0000000000000000        0.2685905932135512     0.0000000000000000

     Dynamical Matrix in cartesian axes

     q = (    -0.135501355014     0.156463487585     0.000000000000 )

    1    1
     1.3199183957028291    -0.0000000000000000       -0.1784172930905058    -0.0188528089037470        0.0000000000000000    -0.0000000000000000
    -0.1784172930905057     0.0188528089037470        1.2477373798286289    -0.0000000000000000        0.0000000000000000     0.0000000000000000
     0.0000000000000000     0.0000000000000000        0.0000000000000000    -0.0000000000000000        0.2685905932137908    -0.0000000000000000
    1    2
    -0.2725868305242513    -0.1879932481815065       -0.1551698264992500     0.1465509541723987       -0.0000000000000000    -0.0000000000000000
    -0.1551698264992500     0.1465509541723986       -0.4187044433592822     0.1680866616798939       -0.0000000000000000     0.0000000000000000
     0.0000000000000000     0.0000000000000000       -0.0000000000000000     0.0000000000000000       -0.1244442078910386    -0.0249427906829106
    2    1
    -0.2725868305242513     0.1879932481815064       -0.1551698264992500    -0.1465509541723987        0.0000000000000000    -0.0000000000000000
    -0.1551698264992500    -0.1465509541723986       -0.4187044433592822    -0.1680866616798939       -0.0000000000000000    -0.0000000000000000
    -0.0000000000000000     0.0000000000000000       -0.0000000000000000    -0.0000000000000000       -0.1244442078910386     0.0249427906829106
    2    2
     1.3199183957028291     0.0000000000000000       -0.1784172930905058     0.0188528089037470       -0.0000000000000000     0.0000000000000000
    -0.1784172930905057    -0.0188528089037470        1.2477373798286289    -0.0000000000000000        0.0000000000000000    -0.0000000000000000
    -0.0000000000000000    -0.0000000000000000        0.0000000000000000     0.0000000000000000        0.2685905932137908    -0.0000000000000000

     Dynamical Matrix in cartesian axes

     q = (     0.203252032520     0.039115871896     0.000000000000 )

    1    1
     1.4202965417175608     0.0000000000000000        0.1204639429843326    -0.0188528088027737       -0.0000000000000000    -0.0000000000000000
     0.1204639429843327     0.0188528088027737        1.1473592335552092    -0.0000000000000000        0.0000000000000000     0.0000000000000000
    -0.0000000000000000     0.0000000000000000        0.0000000000000000    -0.0000000000000000        0.2685905932078840     0.0000000000000000
    1    2
     0.0824575703839265     0.2385210013511334       -0.2674162388062404    -0.0082532937165174        0.0000000000000000    -0.0000000000000000
    -0.2674162388062404    -0.0082532937165174        0.2459484939993286     0.3701080773844567        0.0000000000000000     0.0000000000000000
     0.0000000000000000    -0.0000000000000000        0.0000000000000000     0.0000000000000000        0.0406210206809724     0.1202432383836823
    2    1
     0.0824575703839265    -0.2385210013511334       -0.2674162388062404     0.0082532937165174        0.0000000000000000     0.0000000000000000
    -0.2674162388062404     0.0082532937165174        0.2459484939993286    -0.3701080773844567        0.0000000000000000    -0.0000000000000000
     0.0000000000000000     0.0000000000000000        0.0000000000000000    -0.0000000000000000        0.0406210206809724    -0.1202432383836823
    2    2
     1.4202965417175608     0.0000000000000000        0.1204639429843326     0.0188528088027737        0.0000000000000000     0.0000000000000000
     0.1204639429843327    -0.0188528088027737        1.1473592335552092    -0.0000000000000000        0.0000000000000000     0.0000000000000000
     0.0000000000000000    -0.0000000000000000        0.0000000000000000    -0.0000000000000000        0.2685905932078840     0.0000000000000000

     Dynamical Matrix in cartesian axes

     q = (    -0.203252032520    -0.039115871896     0.000000000000 )

    1    1
     1.4202965417175608    -0.0000000000000000        0.1204639429843326     0.0188528088027737       -0.0000000000000000     0.0000000000000000
     0.1204639429843327    -0.0188528088027737        1.1473592335552092     0.0000000000000000        0.0000000000000000    -0.0000000000000000
    -0.0000000000000000    -0.0000000000000000        0.0000000000000000     0.0000000000000000        0.2685905932078840    -0.0000000000000000
    1    2
     0.0824575703839265    -0.2385210013511334       -0.2674162388062404     0.0082532937165174        0.0000000000000000     0.0000000000000000
    -0.2674162388062404     0.0082532937165174        0.2459484939993286    -0.3701080773844567        0.0000000000000000    -0.0000000000000000
     0.0000000000000000     0.0000000000000000        0.0000000000000000    -0.0000000000000000        0.0406210206809724    -0.1202432383836823
    2    1
     0.0824575703839265     0.2385210013511334       -0.2674162388062404    -0.0082532937165174        0.0000000000000000    -0.0000000000000000
    -0.2674162388062404    -0.0082532937165174        0.2459484939993286     0.3701080773844567        0.0000000000000000     0.0000000000000000
     0.0000000000000000    -0.0000000000000000        0.0000000000000000     0.0000000000000000        0.0406210206809724     0.1202432383836823
    2    2
     1.4202965417175608    -0.0000000000000000        0.1204639429843326    -0.0188528088027737        0.0000000000000000    -0.0000000000000000
     0.1204639429843327     0.0188528088027737        1.1473592335552092     0.0000000000000000        0.0000000000000000    -0.0000000000000000
     0.0000000000000000     0.0000000000000000        0.0000000000000000     0.0000000000000000        0.2685905932078840    -0.0000000000000000

     Dynamical Matrix in cartesian axes

     q = (     0.135501355014    -0.156463487585     0.000000000000 )

    1    1
     1.3199183957028291     0.0000000000000000       -0.1784172930905058     0.0188528089037470        0.0000000000000000     0.0000000000000000
    -0.1784172930905057    -0.0188528089037470        1.2477373798286289     0.0000000000000000        0.0000000000000000    -0.0000000000000000
     0.0000000000000000    -0.0000000000000000        0.0000000000000000     0.0000000000000000        0.2685905932137908     0.0000000000000000
    1    2
    -0.2725868305242513     0.1879932481815065       -0.1551698264992500    -0.1465509541723987       -0.0000000000000000     0.0000000000000000
    -0.1551698264992500    -0.1465509541723986       -0.4187044433592822    -0.1680866616798939       -0.0000000000000000    -0.0000000000000000
     0.0000000000000000    -0.0000000000000000       -0.0000000000000000    -0.0000000000000000       -0.1244442078910386     0.0249427906829106
    2    1
    -0.2725868305242513    -0.1879932481815065       -0.1551698264992500     0.1465509541723987        0.0000000000000000     0.0000000000000000
    -0.1551698264992500     0.1465509541723986       -0.4187044433592822     0.1680866616798939       -0.0000000000000000     0.0000000000000000
    -0.0000000000000000    -0.0000000000000000       -0.0000000000000000     0.0000000000000000       -0.1244442078910386    -0.0249427906829106
    2    2
     1.3199183957028291    -0.0000000000000000       -0.1784172930905058    -0.0188528089037470       -0.0000000000000000    -0.0000000000000000
    -0.1784172930905057     0.0188528089037470        1.2477373798286289     0.0000000000000000        0.0000000000000000     0.0000000000000000
    -0.0000000000000000     0.0000000000000000        0.0000000000000000    -0.0000000000000000        0.2685905932137908     0.0000000000000000

     Dynamical Matrix in cartesian axes

     q = (    -0.135501355014    -0.156463487585     0.000000000000 )

    1    1
     1.3199183954612146     0.0000000000000000        0.1784172927448146    -0.0188528088041106       -0.0000000000000000    -0.0000000000000000
     0.1784172927448146     0.0188528088041106        1.2477373798138616    -0.0000000000000000        0.0000000000000000    -0.0000000000000000
    -0.0000000000000000     0.0000000000000000        0.0000000000000000     0.0000000000000000        0.2685905932076443    -0.0000000000000000
    1    2
    -0.0265134930939277    -0.3300637463547887       -0.2045017659725424     0.0611055221866972       -0.0000000000000000    -0.0000000000000000
    -0.2045017659725424     0.0611055221866972        0.3549195574783305    -0.2785653323864339        0.0000000000000000     0.0000000000000000
     0.0000000000000000    -0.0000000000000000        0.0000000000000000    -0.0000000000000000        0.0406210206827276    -0.1202432383852865
    2    1
    -0.0265134930939277     0.3300637463547887       -0.2045017659725424    -0.0611055221866971        0.0000000000000000     0.0000000000000000
    -0.2045017659725424    -0.0611055221866972        0.3549195574783305     0.2785653323864339        0.0000000000000000     0.0000000000000000
    -0.0000000000000000     0.0000000000000000        0.0000000000000000    -0.0000000000000000        0.0406210206827276     0.1202432383852865
    2    2
     1.3199183954612146     0.0000000000000000        0.1784172927448146     0.0188528088041106        0.0000000000000000     0.0000000000000000
     0.1784172927448146    -0.0188528088041106        1.2477373798138613     0.0000000000000000        0.0000000000000000     0.0000000000000000
     0.0000000000000000    -0.0000000000000000        0.0000000000000000    -0.0000000000000000        0.2685905932076443     0.0000000000000000

     Dynamical Matrix in cartesian axes

     q = (     0.203252032520    -0.039115871896     0.000000000000 )

    1    1
     1.4202965418254292     0.0000000000000000       -0.1204639434762707    -0.0188528088431893        0.0000000000000000    -0.0000000000000000
    -0.1204639434762707     0.0188528088431893        1.1473592336493978    -0.0000000000000000        0.0000000000000000    -0.0000000000000000
     0.0000000000000000     0.0000000000000000        0.0000000000000000     0.0000000000000000        0.2685905932078980     0.0000000000000000
    1    2
    -0.0824575483654047     0.2385210085274868       -0.2674162382004729     0.0082533183431327       -0.0000000000000000    -0.0000000000000000
    -0.2674162382004728     0.0082533183431327       -0.2459484605296681     0.3701080994415745       -0.0000000000000000     0.0000000000000000
    -0.0000000000000000    -0.0000000000000000       -0.0000000000000000     0.0000000000000000       -0.0406210100452301     0.1202432419492422
    2    1
    -0.0824575483654047    -0.2385210085274868       -0.2674162382004729    -0.0082533183431327       -0.0000000000000000     0.0000000000000000
    -0.2674162382004728    -0.0082533183431327       -0.2459484605296681    -0.3701080994415745       -0.0000000000000000    -0.0000000000000000
    -0.0000000000000000     0.0000000000000000       -0.0000000000000000    -0.0000000000000000       -0.0406210100452301    -0.1202432419492422
    2    2
     1.4202965418254292     0.0000000000000000       -0.1204639434762707     0.0188528088431893       -0.0000000000000000     0.0000000000000000
    -0.1204639434762707    -0.0188528088431893        1.1473592336493978     0.0000000000000000        0.0000000000000000     0.0000000000000000
    -0.0000000000000000    -0.0000000000000000        0.0000000000000000    -0.0000000000000000        0.2685905932078980    -0.0000000000000000

     Dynamical Matrix in cartesian axes

     q = (    -0.203252032520     0.039115871896     0.000000000000 )

    1    1
     1.4202965418254292    -0.0000000000000000       -0.1204639434762707     0.0188528088431893        0.0000000000000000     0.0000000000000000
    -0.1204639434762707    -0.0188528088431893        1.1473592336493978     0.0000000000000000        0.0000000000000000     0.0000000000000000
     0.0000000000000000    -0.0000000000000000        0.0000000000000000    -0.0000000000000000        0.2685905932078980    -0.0000000000000000
    1    2
    -0.0824575483654047    -0.2385210085274868       -0.2674162382004729    -0.0082533183431327       -0.0000000000000000     0.0000000000000000
    -0.2674162382004728    -0.0082533183431327       -0.2459484605296681    -0.3701080994415746       -0.0000000000000000    -0.0000000000000000
    -0.0000000000000000     0.0000000000000000       -0.0000000000000000    -0.0000000000000000       -0.0406210100452301    -0.1202432419492422
    2    1
    -0.0824575483654047     0.2385210085274868       -0.2674162382004729     0.0082533183431327       -0.0000000000000000    -0.0000000000000000
    -0.2674162382004728     0.0082533183431327       -0.2459484605296681     0.3701080994415746       -0.0000000000000000     0.0000000000000000
    -0.0000000000000000    -0.0000000000000000       -0.0000000000000000     0.0000000000000000       -0.0406210100452301     0.1202432419492422
    2    2
     1.4202965418254292    -0.0000000000000000       -0.1204639434762707    -0.0188528088431893       -0.0000000000000000    -0.0000000000000000
    -0.1204639434762707     0.0188528088431893        1.1473592336493978    -0.0000000000000000        0.0000000000000000    -0.0000000000000000
    -0.0000000000000000     0.0000000000000000        0.0000000000000000     0.0000000000000000        0.2685905932078980     0.0000000000000000

     Dynamical Matrix in cartesian axes

     q = (     0.135501355014     0.156463487585     0.000000000000 )

    1    1
     1.3199183954612146    -0.0000000000000000        0.1784172927448146     0.0188528088041106       -0.0000000000000000     0.0000000000000000
     0.1784172927448146    -0.0188528088041106        1.2477373798138616     0.0000000000000000        0.0000000000000000     0.0000000000000000
    -0.0000000000000000    -0.0000000000000000        0.0000000000000000    -0.0000000000000000        0.2685905932076443     0.0000000000000000
    1    2
    -0.0265134930939277     0.3300637463547887       -0.2045017659725424    -0.0611055221866972       -0.0000000000000000     0.0000000000000000
    -0.2045017659725424    -0.0611055221866972        0.3549195574783305     0.2785653323864339        0.0000000000000000    -0.0000000000000000
     0.0000000000000000     0.0000000000000000        0.0000000000000000     0.0000000000000000        0.0406210206827276     0.1202432383852865
    2    1
    -0.0265134930939277    -0.3300637463547887       -0.2045017659725424     0.0611055221866971        0.0000000000000000    -0.0000000000000000
    -0.2045017659725424     0.0611055221866972        0.3549195574783305    -0.2785653323864339        0.0000000000000000    -0.0000000000000000
    -0.0000000000000000    -0.0000000000000000        0.0000000000000000     0.0000000000000000        0.0406210206827276    -0.1202432383852865
    2    2
     1.3199183954612146    -0.0000000000000000        0.1784172927448146    -0.0188528088041106        0.0000000000000000    -0.0000000000000000
     0.1784172927448146     0.0188528088041106        1.2477373798138613    -0.0000000000000000        0.0000000000000000    -0.0000000000000000
     0.0000000000000000     0.0000000000000000        0.0000000000000000     0.0000000000000000        0.2685905932076443    -0.0000000000000000

     Diagonalizing the dynamical matrix

     q = (     0.067750677507     0.195579359482     0.000000000000 )

***************************************************************************
   freq (    1) =    11.83481818 [THz] =   394.76698522 [cm-1]
(  -0.000000  0.000000   0.000000 -0.000000  -0.699883 -0.100814 )
(  -0.000000 -0.000000   0.000000  0.000000  -0.128489 -0.695335 )
   freq (    2) =    19.77421699 [THz] =   659.59678533 [cm-1]
(   0.000000  0.000000   0.000000  0.000000   0.703628  0.070055 )
(   0.000000  0.000000  -0.000000 -0.000000  -0.158829 -0.689038 )
   freq (    3) =    23.08172874 [THz] =   769.92348620 [cm-1]
(   0.698706  0.000000  -0.065010  0.087088  -0.000000 -0.000000 )
(   0.536919  0.447109   0.005771 -0.108523   0.000000  0.000000 )
   freq (    4) =    33.96869957 [THz] =  1133.07369157 [cm-1]
(  -0.165634  0.000000  -0.026080  0.686939  -0.000000 -0.000000 )
(  -0.072165  0.149086  -0.629674 -0.275820   0.000000  0.000000 )
   freq (    5) =    40.71892314 [THz] =  1358.23688111 [cm-1]
(  -0.658257  0.000000   0.108467 -0.234378   0.000000  0.000000 )
(   0.515702  0.409089   0.060682 -0.251029   0.000000 -0.000000 )
   freq (    6) =    41.62140078 [THz] =  1388.34029070 [cm-1]
(  -0.225996  0.000000  -0.497809  0.448455  -0.000000 -0.000000 )
(   0.210789  0.081501   0.302585  0.597803  -0.000000  0.000000 )
***************************************************************************
