Dynamical matrix file
File generated with the CellConstructor by Lorenzo Monacelli
1 2 0     1.8897259890000000     0.0000000000000000     0.0000000000000000     0.0000000000000000     0.0000000000000000     0.0000000000000000
Basis vectors
    2.4600000000000000     0.0000000000000000     0.0000000000000000
   -1.2300000000000000     2.1304224933097187     0.0000000000000000
    0.0000000000000000     0.0000000000000000    15.0000000000000000
	1  'C '  10947.3571678344233078
    1     1     0.0000000000000001    -0.0000000000000007     7.4999999999999982
    2     1     1.2299999999999998     0.7101408311032394     7.4999999999999982

     Dynamical Matrix in cartesian axes

     q = (    -0.271002710027     0.000000000000     0.000000000000 )

    1    1
     1.2472724224154073     0.0000000000000000       -0.0000000001570010     0.0587463199411140       -0.0000000000000000    -0.0000000000000000
    -0.0000000001570010    -0.0587463199411140        1.2472724225966969     0.0000000000000000        0.0000000000000000     0.0000000000000000
    -0.0000000000000000     0.0000000000000000        0.0000000000000000    -0.0000000000000000        0.2514657000269328     0.0000000000000000
    1    2
    -0.0723478611263262     0.1253101540511836       -0.1253101538149206    -0.0723478615251339        0.0000000000000000    -0.0000000000000000
    -0.1253101538149206    -0.0723478615251339        0.0723478616511287    -0.1253101540511836        0.0000000000000000    -0.0000000000000000
     0.0000000000000000    -0.0000000000000000        0.0000000000000000    -0.0000000000000000        0.0000000000730972    -0.0000000000000000
    2    1
    -0.0723478611263262    -0.1253101540511836       -0.1253101538149206     0.0723478615251339        0.0000000000000000     0.0000000000000000
    -0.1253101538149206     0.0723478615251339        0.0723478616511287     0.1253101540511836        0.0000000000000000     0.0000000000000000
     0.0000000000000000     0.0000000000000000        0.0000000000000000     0.0000000000000000        0.0000000000730972     0.0000000000000000
    2    2
     1.2472724224154073     0.0000000000000000       -0.0000000001570010    -0.0587463199411140       -0.0000000000000000    -0.0000000000000000
    -0.0000000001570010     0.0587463199411140        1.2472724225966969    -0.0000000000000000        0.0000000000000000    -0.0000000000000000
    -0.0000000000000000     0.0000000000000000        0.0000000000000000     0.0000000000000000        0.2514657000269328     0.0000000000000000

     Dynamical Matrix in cartesian axes

     q = (     0.271002710027     0.000000000000     0.000000000000 )

    1    1
     1.2472724224154073    -0.0000000000000000       -0.0000000001570010    -0.0587463199411140       -0.0000000000000000     0.0000000000000000
    -0.0000000001570010     0.0587463199411140        1.2472724225966969    -0.0000000000000000        0.0000000000000000    -0.0000000000000000
    -0.0000000000000000    -0.0000000000000000        0.0000000000000000     0.0000000000000000        0.2514657000269328    -0.0000000000000000
    1    2
    -0.0723478611263262    -0.1253101540511836       -0.1253101538149206     0.0723478615251339        0.0000000000000000     0.0000000000000000
    -0.1253101538149206     0.0723478615251339        0.0723478616511287     0.1253101540511836        0.0000000000000000     0.0000000000000000
     0.0000000000000000     0.0000000000000000        0.0000000000000000     0.0000000000000000        0.0000000000730972     0.0000000000000000
    2    1
    -0.0723478611263262     0.1253101540511836       -0.1253101538149206    -0.0723478615251339        0.0000000000000000    -0.0000000000000000
    -0.1253101538149206    -0.0723478615251339        0.0723478616511287    -0.1253101540511836        0.0000000000000000    -0.0000000000000000
     0.0000000000000000    -0.0000000000000000        0.0000000000000000    -0.0000000000000000        0.0000000000730972    -0.0000000000000000
    2    2
     1.2472724224154073    -0.0000000000000000       -0.0000000001570010     0.0587463199411140       -0.0000000000000000     0.0000000000000000
    -0.0000000001570010    -0.0587463199411140        1.2472724225966969     0.0000000000000000        0.0000000000000000     0.0000000000000000
    -0.0000000000000000    -0.0000000000000000        0.0000000000000000    -0.0000000000000000        0.2514657000269328    -0.0000000000000000

     Diagonalizing the dynamical matrix

     q = (    -0.271002710027     0.000000000000     0.000000000000 )

***************************************************************************
   freq (    1) =    15.76739721 [THz] =   525.94368303 [cm-1]
(   0.000000  0.000000  -0.000000 -0.000000   0.707074  0.006797 )
(   0.000000 -0.000000   0.000000  0.000000  -0.707075 -0.006797 )
   freq (    2) =    15.76739721 [THz] =   525.94368318 [cm-1]
(  -0.000000  0.000000   0.000000  0.000000  -0.705650  0.045366 )
(  -0.000000  0.000000  -0.000000 -0.000000  -0.705650  0.045366 )
   freq (    3) =    29.81487597 [THz] =   994.51707021 [cm-1]
(   0.500000  0.000000  -0.000000  0.500000  -0.000000  0.000000 )
(   0.250000  0.433013   0.433013 -0.250000   0.000000  0.000000 )
   freq (    4) =    35.93315372 [THz] =  1198.60081937 [cm-1]
(   0.500000  0.000000   0.000000 -0.500000   0.000000  0.000000 )
(  -0.250000  0.433012  -0.433012 -0.250000  -0.000000 -0.000000 )
   freq (    5) =    35.93315373 [THz] =  1198.60081962 [cm-1]
(  -0.500000  0.000000  -0.000000  0.500000   0.000000  0.000000 )
(  -0.250000  0.433013  -0.433013 -0.250000  -0.000000 -0.000000 )
   freq (    6) =    38.22484464 [THz] =  1275.04338932 [cm-1]
(  -0.500000  0.000000   0.000000 -0.500000   0.000000 -0.000000 )
(   0.250000  0.433013   0.433013 -0.250000   0.000000 -0.000000 )
***************************************************************************
