Dynamical matrix file
File generated with the CellConstructor by Lorenzo Monacelli
1 2 0     1.8897259890000000     0.0000000000000000     0.0000000000000000     0.0000000000000000     0.0000000000000000     0.0000000000000000
Basis vectors
    2.4600000000000000     0.0000000000000000     0.0000000000000000
   -1.2300000000000000     2.1304224933097187     0.0000000000000000
    0.0000000000000000     0.0000000000000000    15.0000000000000000
	1  'C '  10947.3571678344233078
    1     1     0.0000000000000001    -0.0000000000000007     7.4999999999999982
    2     1     1.2299999999999998     0.7101408311032394     7.4999999999999982

     Dynamical Matrix in cartesian axes

     q = (     0.000000000000     0.000000000000     0.000000000000 )

    1    1
     1.0886335465777666     0.0000000000000000       -0.0000000003030817     0.0000000000000000       -0.0000000000000000     0.0000000000000000
    -0.0000000003030819     0.0000000000000000        1.0886335469277362     0.0000000000000000        0.0000000000000000     0.0000000000000000
    -0.0000000000000000     0.0000000000000000        0.0000000000000000     0.0000000000000000        0.3398339048072606     0.0000000000000000
    1    2
    -1.0886335465777670     0.0000000000000000        0.0000000003030815     0.0000000000000000        0.0000000000000000     0.0000000000000000
     0.0000000003030816     0.0000000000000000       -1.0886335469277362     0.0000000000000000       -0.0000000000000000     0.0000000000000000
     0.0000000000000000     0.0000000000000000       -0.0000000000000000     0.0000000000000000       -0.3398339048072606     0.0000000000000000
    2    1
    -1.0886335465777670     0.0000000000000000        0.0000000003030815     0.0000000000000000        0.0000000000000000     0.0000000000000000
     0.0000000003030816     0.0000000000000000       -1.0886335469277362     0.0000000000000000       -0.0000000000000000     0.0000000000000000
     0.0000000000000000     0.0000000000000000       -0.0000000000000000     0.0000000000000000       -0.3398339048072606     0.0000000000000000
    2    2
     1.0886335465777666     0.0000000000000000       -0.0000000003030818     0.0000000000000000       -0.0000000000000000     0.0000000000000000
    -0.0000000003030818     0.0000000000000000        1.0886335469277360     0.0000000000000000        0.0000000000000000     0.0000000000000000
    -0.0000000000000000     0.0000000000000000        0.0000000000000000     0.0000000000000000        0.3398339048072606     0.0000000000000000

     Diagonalizing the dynamical matrix

     q = (     0.000000000000     0.000000000000     0.000000000000 )

***************************************************************************
   freq (    1) =    -0.00000057 [THz] =    -0.00001886 [cm-1]
(   0.595590  0.000000   0.379774  0.000000   0.032307  0.000000 )
(   0.595590  0.000000   0.379774  0.000000   0.032307  0.000000 )
   freq (    2) =     0.00000013 [THz] =     0.00000448 [cm-1]
(  -0.379727  0.000000   0.586071  0.000000   0.111034  0.000000 )
(  -0.379727  0.000000   0.586071  0.000000   0.111034  0.000000 )
   freq (    3) =     0.00000055 [THz] =     0.00001832 [cm-1]
(   0.032858  0.000000  -0.110873  0.000000   0.697587  0.000000 )
(   0.032858  0.000000  -0.110873  0.000000   0.697587  0.000000 )
   freq (    4) =    25.92202835 [THz] =   864.66566963 [cm-1]
(   0.000000  0.000000   0.000000  0.000000   0.707107  0.000000 )
(  -0.000000  0.000000   0.000000  0.000000  -0.707107  0.000000 )
   freq (    5) =    46.39556683 [THz] =  1547.58930552 [cm-1]
(  -0.612373  0.000000  -0.353553  0.000000   0.000000  0.000000 )
(   0.612373  0.000000   0.353553  0.000000  -0.000000  0.000000 )
   freq (    6) =    46.39556684 [THz] =  1547.58930602 [cm-1]
(  -0.353553  0.000000   0.612373  0.000000   0.000000  0.000000 )
(   0.353553  0.000000  -0.612373  0.000000   0.000000  0.000000 )
***************************************************************************
