Dynamical matrix file
File generated with the CellConstructor by Lorenzo Monacelli
1 2 0     1.8897259890000000     0.0000000000000000     0.0000000000000000     0.0000000000000000     0.0000000000000000     0.0000000000000000
Basis vectors
    2.4600000000000000     0.0000000000000000     0.0000000000000000
   -1.2300000000000000     2.1304224933097187     0.0000000000000000
    0.0000000000000000     0.0000000000000000    15.0000000000000000
	1  'C '  10947.3571678344233078
    1     1     0.0000000000000001    -0.0000000000000007     7.4999999999999982
    2     1     1.2299999999999998     0.7101408311032394     7.4999999999999982

     Dynamical Matrix in cartesian axes

     q = (     0.067750677507    -0.039115871896     0.000000000000 )

    1    1
     1.2145652926935251     0.0000000000000000       -0.0849301087913210     0.0000000000261781        0.0000000000000000     0.0000000000000000
    -0.0849301087913210    -0.0000000000261781        1.1164964508585067    -0.0000000000000000        0.0000000000000000     0.0000000000000000
     0.0000000000000000    -0.0000000000000000        0.0000000000000000    -0.0000000000000000        0.3267004023674042     0.0000000000000000
    1    2
    -0.9038405559824255     0.3951416124658744       -0.0255097677808103    -0.1157570176672388       -0.0000000000000000    -0.0000000000000000
    -0.0255097677808103    -0.1157570176672388       -0.9332966991096442     0.2614769218679769       -0.0000000000000000     0.0000000000000000
     0.0000000000000000     0.0000000000000000       -0.0000000000000000     0.0000000000000000       -0.3024858501693233     0.1117484357027945
    2    1
    -0.9038405559824255    -0.3951416124658744       -0.0255097677808103     0.1157570176672388        0.0000000000000000    -0.0000000000000000
    -0.0255097677808103     0.1157570176672388       -0.9332966991096442    -0.2614769218679769       -0.0000000000000000    -0.0000000000000000
    -0.0000000000000000     0.0000000000000000       -0.0000000000000000    -0.0000000000000000       -0.3024858501693233    -0.1117484357027945
    2    2
     1.2145652926935249    -0.0000000000000000       -0.0849301087913210    -0.0000000000261781       -0.0000000000000000     0.0000000000000000
    -0.0849301087913210     0.0000000000261781        1.1164964508585067     0.0000000000000000        0.0000000000000000    -0.0000000000000000
    -0.0000000000000000    -0.0000000000000000        0.0000000000000000     0.0000000000000000        0.3267004023674042     0.0000000000000000

     Dynamical Matrix in cartesian axes

     q = (    -0.067750677507     0.039115871896     0.000000000000 )

    1    1
     1.2145652926935251    -0.0000000000000000       -0.0849301087913210    -0.0000000000261781        0.0000000000000000    -0.0000000000000000
    -0.0849301087913210     0.0000000000261781        1.1164964508585067     0.0000000000000000        0.0000000000000000    -0.0000000000000000
     0.0000000000000000     0.0000000000000000        0.0000000000000000     0.0000000000000000        0.3267004023674042    -0.0000000000000000
    1    2
    -0.9038405559824255    -0.3951416124658744       -0.0255097677808103     0.1157570176672388       -0.0000000000000000     0.0000000000000000
    -0.0255097677808103     0.1157570176672388       -0.9332966991096442    -0.2614769218679769       -0.0000000000000000    -0.0000000000000000
     0.0000000000000000    -0.0000000000000000       -0.0000000000000000    -0.0000000000000000       -0.3024858501693233    -0.1117484357027945
    2    1
    -0.9038405559824255     0.3951416124658744       -0.0255097677808103    -0.1157570176672388        0.0000000000000000     0.0000000000000000
    -0.0255097677808103    -0.1157570176672388       -0.9332966991096442     0.2614769218679769       -0.0000000000000000     0.0000000000000000
    -0.0000000000000000    -0.0000000000000000       -0.0000000000000000     0.0000000000000000       -0.3024858501693233     0.1117484357027945
    2    2
     1.2145652926935249     0.0000000000000000       -0.0849301087913210     0.0000000000261781       -0.0000000000000000    -0.0000000000000000
    -0.0849301087913210    -0.0000000000261781        1.1164964508585067    -0.0000000000000000        0.0000000000000000     0.0000000000000000
    -0.0000000000000000     0.0000000000000000        0.0000000000000000    -0.0000000000000000        0.3267004023674042    -0.0000000000000000

     Dynamical Matrix in cartesian axes

     q = (    -0.067750677507    -0.039115871896     0.000000000000 )

    1    1
     1.2145652925208930     0.0000000000000000        0.0849301082991776     0.0000000000004829       -0.0000000000000000    -0.0000000000000000
     0.0849301082991775    -0.0000000000004829        1.1164964507425226     0.0000000000000000       -0.0000000000000000    -0.0000000000000000
    -0.0000000000000000     0.0000000000000000       -0.0000000000000000     0.0000000000000000        0.3267004023728233    -0.0000000000000000
    1    2
    -0.7941229348092893    -0.5851781001819448       -0.0874936360891393     0.0799706132484775       -0.0000000000000000     0.0000000000000000
    -0.0874936360891393     0.0799706132484776       -0.6930939861109376    -0.6775202103544481       -0.0000000000000000    -0.0000000000000000
     0.0000000000000000     0.0000000000000000        0.0000000000000000    -0.0000000000000000       -0.2480199031809028    -0.2060862199859143
    2    1
    -0.7941229348092893     0.5851781001819449       -0.0874936360891392    -0.0799706132484775        0.0000000000000000    -0.0000000000000000
    -0.0874936360891393    -0.0799706132484776       -0.6930939861109376     0.6775202103544481        0.0000000000000000     0.0000000000000000
    -0.0000000000000000    -0.0000000000000000       -0.0000000000000000     0.0000000000000000       -0.2480199031809028     0.2060862199859143
    2    2
     1.2145652925208927     0.0000000000000000        0.0849301082991776    -0.0000000000004829       -0.0000000000000000    -0.0000000000000000
     0.0849301082991775     0.0000000000004829        1.1164964507425226     0.0000000000000000       -0.0000000000000000     0.0000000000000000
    -0.0000000000000000     0.0000000000000000       -0.0000000000000000    -0.0000000000000000        0.3267004023728233     0.0000000000000000

     Dynamical Matrix in cartesian axes

     q = (     0.067750677507     0.039115871896     0.000000000000 )

    1    1
     1.2145652925208930    -0.0000000000000000        0.0849301082991776    -0.0000000000004829       -0.0000000000000000     0.0000000000000000
     0.0849301082991775     0.0000000000004829        1.1164964507425226    -0.0000000000000000       -0.0000000000000000     0.0000000000000000
    -0.0000000000000000    -0.0000000000000000       -0.0000000000000000    -0.0000000000000000        0.3267004023728233     0.0000000000000000
    1    2
    -0.7941229348092891     0.5851781001819448       -0.0874936360891393    -0.0799706132484776       -0.0000000000000000    -0.0000000000000000
    -0.0874936360891393    -0.0799706132484776       -0.6930939861109376     0.6775202103544481       -0.0000000000000000     0.0000000000000000
     0.0000000000000000    -0.0000000000000000        0.0000000000000000     0.0000000000000000       -0.2480199031809028     0.2060862199859143
    2    1
    -0.7941229348092891    -0.5851781001819449       -0.0874936360891392     0.0799706132484776        0.0000000000000000     0.0000000000000000
    -0.0874936360891393     0.0799706132484776       -0.6930939861109376    -0.6775202103544481        0.0000000000000000    -0.0000000000000000
    -0.0000000000000000     0.0000000000000000       -0.0000000000000000    -0.0000000000000000       -0.2480199031809028    -0.2060862199859143
    2    2
     1.2145652925208927    -0.0000000000000000        0.0849301082991776     0.0000000000004829       -0.0000000000000000     0.0000000000000000
     0.0849301082991775    -0.0000000000004829        1.1164964507425226    -0.0000000000000000       -0.0000000000000000    -0.0000000000000000
    -0.0000000000000000    -0.0000000000000000       -0.0000000000000000     0.0000000000000000        0.3267004023728233    -0.0000000000000000

     Dynamical Matrix in cartesian axes

     q = (    -0.000000000000    -0.078231743793     0.000000000000 )

    1    1
     1.0674620295578010     0.0000000000000000       -0.0000000002206302     0.0000000000252124        0.0000000000000000     0.0000000000000000
    -0.0000000002206302    -0.0000000000252124        1.2635997139942310     0.0000000000000000        0.0000000000000000     0.0000000000000000
     0.0000000000000000    -0.0000000000000000        0.0000000000000000    -0.0000000000000000        0.3267004023674042     0.0000000000000000
    1    2
    -0.9480247702706627    -0.1946445765512993        0.0000000002317767     0.0000000000091523       -0.0000000000000000    -0.0000000000000000
     0.0000000002317768     0.0000000000091523       -0.8891124848214068    -0.4619739577825538       -0.0000000000000000    -0.0000000000000000
    -0.0000000000000000     0.0000000000000000       -0.0000000000000000    -0.0000000000000000       -0.3024858501693231    -0.1117484357027947
    2    1
    -0.9480247702706628     0.1946445765512993        0.0000000002317767    -0.0000000000091523       -0.0000000000000000    -0.0000000000000000
     0.0000000002317768    -0.0000000000091523       -0.8891124848214068     0.4619739577825538       -0.0000000000000000     0.0000000000000000
    -0.0000000000000000     0.0000000000000000       -0.0000000000000000     0.0000000000000000       -0.3024858501693231     0.1117484357027947
    2    2
     1.0674620295578010     0.0000000000000000       -0.0000000002206302    -0.0000000000252124       -0.0000000000000000     0.0000000000000000
    -0.0000000002206302     0.0000000000252124        1.2635997139942310     0.0000000000000000        0.0000000000000000     0.0000000000000000
    -0.0000000000000000    -0.0000000000000000        0.0000000000000000    -0.0000000000000000        0.3267004023674042    -0.0000000000000000

     Dynamical Matrix in cartesian axes

     q = (     0.000000000000     0.078231743793     0.000000000000 )

    1    1
     1.0674620295578010    -0.0000000000000000       -0.0000000002206302    -0.0000000000252124        0.0000000000000000    -0.0000000000000000
    -0.0000000002206302     0.0000000000252124        1.2635997139942310    -0.0000000000000000        0.0000000000000000    -0.0000000000000000
     0.0000000000000000     0.0000000000000000        0.0000000000000000     0.0000000000000000        0.3267004023674042    -0.0000000000000000
    1    2
    -0.9480247702706627     0.1946445765512993        0.0000000002317767    -0.0000000000091523       -0.0000000000000000     0.0000000000000000
     0.0000000002317767    -0.0000000000091523       -0.8891124848214068     0.4619739577825538       -0.0000000000000000     0.0000000000000000
    -0.0000000000000000    -0.0000000000000000       -0.0000000000000000     0.0000000000000000       -0.3024858501693231     0.1117484357027947
    2    1
    -0.9480247702706628    -0.1946445765512993        0.0000000002317767     0.0000000000091523       -0.0000000000000000     0.0000000000000000
     0.0000000002317767     0.0000000000091523       -0.8891124848214068    -0.4619739577825538       -0.0000000000000000    -0.0000000000000000
    -0.0000000000000000    -0.0000000000000000       -0.0000000000000000    -0.0000000000000000       -0.3024858501693231    -0.1117484357027947
    2    2
     1.0674620295578010    -0.0000000000000000       -0.0000000002206302     0.0000000000252124       -0.0000000000000000    -0.0000000000000000
    -0.0000000002206302    -0.0000000000252124        1.2635997139942310    -0.0000000000000000        0.0000000000000000    -0.0000000000000000
    -0.0000000000000000     0.0000000000000000        0.0000000000000000     0.0000000000000000        0.3267004023674042     0.0000000000000000

     Diagonalizing the dynamical matrix

     q = (     0.067750677507    -0.039115871896     0.000000000000 )

***************************************************************************
   freq (    1) =     2.04564702 [THz] =    68.23543004 [cm-1]
(   0.000000  0.000000   0.000000  0.000000  -0.706689  0.024314 )
(   0.000000  0.000000   0.000000  0.000000  -0.671324 -0.222089 )
   freq (    2) =     9.92624015 [THz] =   331.10368399 [cm-1]
(   0.353553  0.000000   0.612372  0.000000   0.000000 -0.000000 )
(   0.346329  0.071107   0.599860  0.123161   0.000000  0.000000 )
   freq (    3) =    16.08293766 [THz] =   536.46897797 [cm-1]
(  -0.612372  0.000000   0.353553  0.000000   0.000000 -0.000000 )
(  -0.543398 -0.282344   0.313731  0.163012   0.000000  0.000000 )
   freq (    4) =    25.33373415 [THz] =   845.04229017 [cm-1]
(  -0.000000  0.000000   0.000000 -0.000000   0.619600 -0.340729 )
(  -0.000000 -0.000000   0.000000 -0.000000  -0.699283  0.104899 )
   freq (    5) =    44.85706258 [THz] =  1496.27033530 [cm-1]
(  -0.353553  0.000000  -0.612372 -0.000000   0.000000  0.000000 )
(   0.346329  0.071107   0.599860  0.123161  -0.000000 -0.000000 )
   freq (    6) =    47.32702502 [THz] =  1578.65940215 [cm-1]
(  -0.612372  0.000000   0.353553  0.000000  -0.000000 -0.000000 )
(   0.543398  0.282344  -0.313731 -0.163012   0.000000  0.000000 )
***************************************************************************
