Dynamical matrix file
File generated with the CellConstructor by Lorenzo Monacelli
1 2 0     1.8897259890000000     0.0000000000000000     0.0000000000000000     0.0000000000000000     0.0000000000000000     0.0000000000000000
Basis vectors
    2.4600000000000000     0.0000000000000000     0.0000000000000000
   -1.2300000000000000     2.1304224933097187     0.0000000000000000
    0.0000000000000000     0.0000000000000000    15.0000000000000000
	1  'C '  10947.3571678344233078
    1     1     0.0000000000000001    -0.0000000000000007     7.4999999999999982
    2     1     1.2299999999999998     0.7101408311032394     7.4999999999999982

     Dynamical Matrix in cartesian axes

     q = (    -0.203252032520     0.117347615689     0.000000000000 )

    1    1
     1.4490818769322860     0.0000000000000000       -0.2377293972688933     0.0000000000000000        0.0000000000000000     0.0000000000000000
    -0.2377293972688933    -0.0000000000000000        1.1745756141309247     0.0000000000000000        0.0000000000000000     0.0000000000000000
     0.0000000000000000    -0.0000000000000000        0.0000000000000000    -0.0000000000000000        0.2708558705641044    -0.0000000000000000
    1    2
    -0.1641278214248125    -0.0000000000000000       -0.3039355594887851     0.0000000000000000       -0.0000000000000000    -0.0000000000000000
    -0.3039355594887851     0.0000000000000000       -0.5150823758798568    -0.0000000000000000       -0.0000000000000000    -0.0000000000000000
    -0.0000000000000000     0.0000000000000000       -0.0000000000000000    -0.0000000000000000       -0.0788344573969118    -0.0000000000000000
    2    1
    -0.1641278214248125     0.0000000000000000       -0.3039355594887851    -0.0000000000000000       -0.0000000000000000    -0.0000000000000000
    -0.3039355594887851    -0.0000000000000000       -0.5150823758798568     0.0000000000000000       -0.0000000000000000     0.0000000000000000
    -0.0000000000000000     0.0000000000000000       -0.0000000000000000     0.0000000000000000       -0.0788344573969118     0.0000000000000000
    2    2
     1.4490818769322860    -0.0000000000000000       -0.2377293972688933    -0.0000000000000000       -0.0000000000000000     0.0000000000000000
    -0.2377293972688934     0.0000000000000000        1.1745756141309247     0.0000000000000000        0.0000000000000000    -0.0000000000000000
    -0.0000000000000000    -0.0000000000000000        0.0000000000000000     0.0000000000000000        0.2708558705641044    -0.0000000000000000

     Dynamical Matrix in cartesian axes

     q = (     0.203252032520     0.117347615689     0.000000000000 )

    1    1
     1.4490818766534408    -0.0000000000000000        0.2377293968707324     0.0000000000000000       -0.0000000000000000    -0.0000000000000000
     0.2377293968707324    -0.0000000000000000        1.1745756141036507    -0.0000000000000000        0.0000000000000000     0.0000000000000000
    -0.0000000000000000     0.0000000000000000        0.0000000000000000    -0.0000000000000000        0.2708558705835842    -0.0000000000000000
    1    2
     0.1641278225447823     0.0000000000000000       -0.3039355591188303    -0.0000000000000000       -0.0000000000000000     0.0000000000000000
    -0.3039355591188301    -0.0000000000000000        0.5150823762983492     0.0000000000000000        0.0000000000000000     0.0000000000000000
     0.0000000000000000    -0.0000000000000000        0.0000000000000000    -0.0000000000000000        0.0788344575328457     0.0000000000000000
    2    1
     0.1641278225447823    -0.0000000000000000       -0.3039355591188303     0.0000000000000000        0.0000000000000000     0.0000000000000000
    -0.3039355591188302     0.0000000000000000        0.5150823762983492    -0.0000000000000000        0.0000000000000000     0.0000000000000000
    -0.0000000000000000    -0.0000000000000000        0.0000000000000000    -0.0000000000000000        0.0788344575328457    -0.0000000000000000
    2    2
     1.4490818766534406    -0.0000000000000000        0.2377293968707324     0.0000000000000000        0.0000000000000000     0.0000000000000000
     0.2377293968707323    -0.0000000000000000        1.1745756141036507     0.0000000000000000        0.0000000000000000    -0.0000000000000000
     0.0000000000000000    -0.0000000000000000        0.0000000000000000     0.0000000000000000        0.2708558705835842     0.0000000000000000

     Dynamical Matrix in cartesian axes

     q = (     0.000000000000     0.234695231378     0.000000000000 )

    1    1
     1.0373224825700404     0.0000000000000000       -0.0000000000971858     0.0000000000000000       -0.0000000000000000     0.0000000000000000
    -0.0000000000971859    -0.0000000000000000        1.5863350084931707     0.0000000000000000       -0.0000000000000000     0.0000000000000000
    -0.0000000000000000    -0.0000000000000000       -0.0000000000000000    -0.0000000000000000        0.2708558705641044    -0.0000000000000000
    1    2
    -0.6905596528968201    -0.0000000000000000        0.0000000001271562     0.0000000000000000        0.0000000000000000     0.0000000000000000
     0.0000000001271561     0.0000000000000000        0.0113494555921508    -0.0000000000000000       -0.0000000000000000     0.0000000000000000
     0.0000000000000000     0.0000000000000000       -0.0000000000000000    -0.0000000000000000       -0.0788344573969118    -0.0000000000000000
    2    1
    -0.6905596528968200     0.0000000000000000        0.0000000001271562    -0.0000000000000000        0.0000000000000000    -0.0000000000000000
     0.0000000001271562    -0.0000000000000000        0.0113494555921508     0.0000000000000000       -0.0000000000000000     0.0000000000000000
     0.0000000000000000    -0.0000000000000000       -0.0000000000000000    -0.0000000000000000       -0.0788344573969118     0.0000000000000000
    2    2
     1.0373224825700404    -0.0000000000000000       -0.0000000000971858    -0.0000000000000000       -0.0000000000000000    -0.0000000000000000
    -0.0000000000971859     0.0000000000000000        1.5863350084931707    -0.0000000000000000       -0.0000000000000000    -0.0000000000000000
    -0.0000000000000000     0.0000000000000000       -0.0000000000000000     0.0000000000000000        0.2708558705641044     0.0000000000000000

     Diagonalizing the dynamical matrix

     q = (    -0.203252032520     0.117347615689     0.000000000000 )

***************************************************************************
   freq (    1) =    13.77829444 [THz] =   459.59436614 [cm-1]
(   0.000000  0.000000   0.000000 -0.000000  -0.707107  0.000000 )
(  -0.000000  0.000000  -0.000000 -0.000000  -0.707107  0.000000 )
   freq (    2) =    18.51556205 [THz] =   617.61258174 [cm-1]
(   0.353553  0.000000   0.612372  0.000000  -0.000000  0.000000 )
(   0.353553  0.000000   0.612372  0.000000   0.000000 -0.000000 )
   freq (    3) =    18.59355534 [THz] =   620.21415776 [cm-1]
(   0.000000  0.000000   0.000000  0.000000   0.707107 -0.000000 )
(   0.000000 -0.000000   0.000000  0.000000  -0.707107  0.000000 )
   freq (    4) =    39.46016690 [THz] =  1316.24929861 [cm-1]
(   0.612372  0.000000  -0.353553 -0.000000   0.000000  0.000000 )
(  -0.612372 -0.000000   0.353553  0.000000   0.000000 -0.000000 )
   freq (    5) =    39.74350240 [THz] =  1325.70035207 [cm-1]
(   0.612372  0.000000  -0.353553 -0.000000  -0.000000 -0.000000 )
(   0.612372  0.000000  -0.353553 -0.000000   0.000000  0.000000 )
   freq (    6) =    41.33116890 [THz] =  1378.65919849 [cm-1]
(  -0.353553  0.000000  -0.612372 -0.000000   0.000000  0.000000 )
(   0.353553  0.000000   0.612372  0.000000   0.000000 -0.000000 )
***************************************************************************
