Dynamical matrix file
File generated with the CellConstructor by Lorenzo Monacelli
1 2 0     1.8897259890000000     0.0000000000000000     0.0000000000000000     0.0000000000000000     0.0000000000000000     0.0000000000000000
Basis vectors
    2.4600000000000000     0.0000000000000000     0.0000000000000000
   -1.2300000000000000     2.1304224933097187     0.0000000000000000
    0.0000000000000000     0.0000000000000000    15.0000000000000000
	1  'C '  10947.3571678344233078
    1     1     0.0000000000000001    -0.0000000000000007     7.4999999999999982
    2     1     1.2299999999999998     0.7101408311032394     7.4999999999999982

     Dynamical Matrix in cartesian axes

     q = (     0.067750677507    -0.117347615689     0.000000000000 )

    1    1
     1.1579879426532786     0.0000000000000000       -0.1379556973793308     0.0136592871262522       -0.0000000000000000     0.0000000000000000
    -0.1379556973793309    -0.0136592871262522        1.3172854606916020    -0.0000000000000000       -0.0000000000000000    -0.0000000000000000
    -0.0000000000000000    -0.0000000000000000       -0.0000000000000000     0.0000000000000000        0.3025776058840174     0.0000000000000000
    1    2
    -0.7253899755804777     0.2026873757811954        0.0032334876467097    -0.1170216109692415        0.0000000000000000     0.0000000000000000
     0.0032334876467097    -0.1170216109692415       -0.7291236855074327    -0.2026873757849398       -0.0000000000000000    -0.0000000000000000
     0.0000000000000000    -0.0000000000000000       -0.0000000000000000    -0.0000000000000000       -0.2690774319014532     0.0000000000005896
    2    1
    -0.7253899755804777    -0.2026873757811954        0.0032334876467097     0.1170216109692415        0.0000000000000000     0.0000000000000000
     0.0032334876467097     0.1170216109692415       -0.7291236855074327     0.2026873757849398       -0.0000000000000000     0.0000000000000000
     0.0000000000000000    -0.0000000000000000       -0.0000000000000000     0.0000000000000000       -0.2690774319014532    -0.0000000000005896
    2    2
     1.1579879426532786    -0.0000000000000000       -0.1379556973793308    -0.0136592871262522        0.0000000000000000    -0.0000000000000000
    -0.1379556973793309     0.0136592871262522        1.3172854606916022     0.0000000000000000       -0.0000000000000000    -0.0000000000000000
     0.0000000000000000     0.0000000000000000       -0.0000000000000000     0.0000000000000000        0.3025776058840174     0.0000000000000000

     Dynamical Matrix in cartesian axes

     q = (    -0.067750677507     0.117347615689     0.000000000000 )

    1    1
     1.1579879426532786    -0.0000000000000000       -0.1379556973793308    -0.0136592871262522       -0.0000000000000000    -0.0000000000000000
    -0.1379556973793309     0.0136592871262522        1.3172854606916020     0.0000000000000000       -0.0000000000000000     0.0000000000000000
    -0.0000000000000000     0.0000000000000000       -0.0000000000000000    -0.0000000000000000        0.3025776058840174    -0.0000000000000000
    1    2
    -0.7253899755804777    -0.2026873757811954        0.0032334876467097     0.1170216109692415        0.0000000000000000    -0.0000000000000000
     0.0032334876467097     0.1170216109692415       -0.7291236855074327     0.2026873757849398       -0.0000000000000000     0.0000000000000000
     0.0000000000000000     0.0000000000000000       -0.0000000000000000     0.0000000000000000       -0.2690774319014532    -0.0000000000005896
    2    1
    -0.7253899755804777     0.2026873757811954        0.0032334876467097    -0.1170216109692415        0.0000000000000000    -0.0000000000000000
     0.0032334876467097    -0.1170216109692415       -0.7291236855074327    -0.2026873757849398       -0.0000000000000000    -0.0000000000000000
     0.0000000000000000     0.0000000000000000       -0.0000000000000000    -0.0000000000000000       -0.2690774319014532     0.0000000000005896
    2    2
     1.1579879426532786     0.0000000000000000       -0.1379556973793308     0.0136592871262522        0.0000000000000000     0.0000000000000000
    -0.1379556973793309    -0.0136592871262522        1.3172854606916022    -0.0000000000000000       -0.0000000000000000     0.0000000000000000
     0.0000000000000000    -0.0000000000000000       -0.0000000000000000    -0.0000000000000000        0.3025776058840174    -0.0000000000000000

     Dynamical Matrix in cartesian axes

     q = (    -0.067750677507    -0.117347615689     0.000000000000 )

    1    1
     1.1579879425486832     0.0000000000000000        0.1379556970232925    -0.0136592870341756       -0.0000000000000000    -0.0000000000000000
     0.1379556970232925     0.0136592870341756        1.3172854608386999    -0.0000000000000000        0.0000000000000000    -0.0000000000000000
    -0.0000000000000000     0.0000000000000000        0.0000000000000000     0.0000000000000000        0.3025776058838210    -0.0000000000000000
    1    2
    -0.5382273883849210    -0.5268624749777363       -0.1029604330439984     0.0557105200461257       -0.0000000000000000     0.0000000000000000
    -0.1029604330439984     0.0557105200461257       -0.1890294041569986    -0.7327833277862645       -0.0000000000000000     0.0000000000000000
    -0.0000000000000000    -0.0000000000000000       -0.0000000000000000    -0.0000000000000000       -0.1345387091034745    -0.2330278955863665
    2    1
    -0.5382273883849210     0.5268624749777363       -0.1029604330439984    -0.0557105200461257       -0.0000000000000000     0.0000000000000000
    -0.1029604330439984    -0.0557105200461257       -0.1890294041569986     0.7327833277862645       -0.0000000000000000     0.0000000000000000
    -0.0000000000000000    -0.0000000000000000       -0.0000000000000000    -0.0000000000000000       -0.1345387091034745     0.2330278955863665
    2    2
     1.1579879425486832    -0.0000000000000000        0.1379556970232925     0.0136592870341757        0.0000000000000000     0.0000000000000000
     0.1379556970232924    -0.0136592870341757        1.3172854608386999     0.0000000000000000        0.0000000000000000     0.0000000000000000
     0.0000000000000000    -0.0000000000000000        0.0000000000000000    -0.0000000000000000        0.3025776058838210     0.0000000000000000

     Dynamical Matrix in cartesian axes

     q = (     0.067750677507     0.117347615689     0.000000000000 )

    1    1
     1.1579879425486832    -0.0000000000000000        0.1379556970232925     0.0136592870341756       -0.0000000000000000     0.0000000000000000
     0.1379556970232925    -0.0136592870341756        1.3172854608386999     0.0000000000000000        0.0000000000000000     0.0000000000000000
    -0.0000000000000000    -0.0000000000000000        0.0000000000000000    -0.0000000000000000        0.3025776058838210     0.0000000000000000
    1    2
    -0.5382273883849210     0.5268624749777363       -0.1029604330439984    -0.0557105200461257       -0.0000000000000000    -0.0000000000000000
    -0.1029604330439984    -0.0557105200461257       -0.1890294041569986     0.7327833277862645       -0.0000000000000000    -0.0000000000000000
    -0.0000000000000000     0.0000000000000000       -0.0000000000000000     0.0000000000000000       -0.1345387091034745     0.2330278955863665
    2    1
    -0.5382273883849210    -0.5268624749777363       -0.1029604330439984     0.0557105200461257       -0.0000000000000000    -0.0000000000000000
    -0.1029604330439984     0.0557105200461257       -0.1890294041569986    -0.7327833277862645       -0.0000000000000000    -0.0000000000000000
    -0.0000000000000000     0.0000000000000000       -0.0000000000000000     0.0000000000000000       -0.1345387091034745    -0.2330278955863665
    2    2
     1.1579879425486832     0.0000000000000000        0.1379556970232925    -0.0136592870341757        0.0000000000000000    -0.0000000000000000
     0.1379556970232924     0.0136592870341757        1.3172854608386999    -0.0000000000000000        0.0000000000000000    -0.0000000000000000
     0.0000000000000000     0.0000000000000000        0.0000000000000000     0.0000000000000000        0.3025776058838210    -0.0000000000000000

     Dynamical Matrix in cartesian axes

     q = (     0.135501355014     0.000000000000     0.000000000000 )

    1    1
     1.3969342194851559    -0.0000000000000000       -0.0000000002895054    -0.0136592870341756        0.0000000000000000    -0.0000000000000000
    -0.0000000002895054     0.0136592870341756        1.0783391839022272    -0.0000000000000000        0.0000000000000000     0.0000000000000000
     0.0000000000000000     0.0000000000000000        0.0000000000000000    -0.0000000000000000        0.3025776058838210     0.0000000000000000
    1    2
    -0.3654952508108099     0.6330563889684077       -0.2026873791676508    -0.1170216048739762        0.0000000000000000     0.0000000000000000
    -0.2026873791676507    -0.1170216048739762       -0.3617615417246268     0.6265894137993362        0.0000000000000000     0.0000000000000000
     0.0000000000000000     0.0000000000000000       -0.0000000000000000     0.0000000000000000       -0.1345387091044961     0.2330278955857767
    2    1
    -0.3654952508108099    -0.6330563889684077       -0.2026873791676508     0.1170216048739762        0.0000000000000000    -0.0000000000000000
    -0.2026873791676507     0.1170216048739762       -0.3617615417246268    -0.6265894137993362       -0.0000000000000000    -0.0000000000000000
     0.0000000000000000    -0.0000000000000000        0.0000000000000000    -0.0000000000000000       -0.1345387091044961    -0.2330278955857767
    2    2
     1.3969342194851559    -0.0000000000000000       -0.0000000002895054     0.0136592870341757       -0.0000000000000000     0.0000000000000000
    -0.0000000002895054    -0.0136592870341756        1.0783391839022272     0.0000000000000000        0.0000000000000000    -0.0000000000000000
    -0.0000000000000000    -0.0000000000000000        0.0000000000000000     0.0000000000000000        0.3025776058838210     0.0000000000000000

     Dynamical Matrix in cartesian axes

     q = (    -0.135501355014     0.000000000000     0.000000000000 )

    1    1
     1.3969342194851559     0.0000000000000000       -0.0000000002895054     0.0136592870341756        0.0000000000000000     0.0000000000000000
    -0.0000000002895054    -0.0136592870341756        1.0783391839022272     0.0000000000000000        0.0000000000000000    -0.0000000000000000
     0.0000000000000000    -0.0000000000000000        0.0000000000000000     0.0000000000000000        0.3025776058838210    -0.0000000000000000
    1    2
    -0.3654952508108099    -0.6330563889684077       -0.2026873791676508     0.1170216048739762        0.0000000000000000    -0.0000000000000000
    -0.2026873791676507     0.1170216048739762       -0.3617615417246268    -0.6265894137993362        0.0000000000000000    -0.0000000000000000
     0.0000000000000000    -0.0000000000000000       -0.0000000000000000    -0.0000000000000000       -0.1345387091044961    -0.2330278955857767
    2    1
    -0.3654952508108099     0.6330563889684077       -0.2026873791676508    -0.1170216048739762        0.0000000000000000     0.0000000000000000
    -0.2026873791676507    -0.1170216048739762       -0.3617615417246268     0.6265894137993362       -0.0000000000000000     0.0000000000000000
     0.0000000000000000     0.0000000000000000        0.0000000000000000     0.0000000000000000       -0.1345387091044961     0.2330278955857767
    2    2
     1.3969342194851559     0.0000000000000000       -0.0000000002895054    -0.0136592870341757       -0.0000000000000000    -0.0000000000000000
    -0.0000000002895054     0.0136592870341756        1.0783391839022272    -0.0000000000000000        0.0000000000000000     0.0000000000000000
    -0.0000000000000000     0.0000000000000000        0.0000000000000000    -0.0000000000000000        0.3025776058838210    -0.0000000000000000

     Diagonalizing the dynamical matrix

     q = (     0.067750677507    -0.117347615689     0.000000000000 )

***************************************************************************
   freq (    1) =     5.75498455 [THz] =   191.96559390 [cm-1]
(   0.000000  0.000000  -0.000000  0.000000  -0.631530  0.318073 )
(   0.000000 -0.000000   0.000000  0.000000  -0.631530  0.318073 )
   freq (    2) =    17.81065907 [THz] =   594.09955284 [cm-1]
(  -0.608596  0.000000  -0.342625 -0.110539  -0.000000 -0.000000 )
(  -0.601020 -0.095729  -0.355747  0.055269  -0.000000  0.000000 )
   freq (    3) =    23.77320023 [THz] =   792.98848893 [cm-1]
(  -0.000000  0.000000   0.000000  0.000000   0.678656  0.198561 )
(  -0.000000 -0.000000   0.000000  0.000000  -0.678656 -0.198561 )
   freq (    4) =    24.85141287 [THz] =   828.95378607 [cm-1]
(  -0.365329  0.000000   0.552498  0.247550  -0.000000 -0.000000 )
(  -0.295812 -0.214384   0.592633  0.123775   0.000000  0.000000 )
   freq (    5) =    42.68719138 [THz] =  1423.89123320 [cm-1]
(  -0.605421  0.000000  -0.333394 -0.149379   0.000000 -0.000000 )
(   0.591438  0.129366   0.357613 -0.074690  -0.000000  0.000000 )
   freq (    6) =    46.23131771 [THz] =  1542.11054563 [cm-1]
(  -0.360015  0.000000   0.579199  0.186863  -0.000000  0.000000 )
(   0.321594  0.161828  -0.601382 -0.093431   0.000000 -0.000000 )
***************************************************************************
