Dynamical matrix file
File generated with the CellConstructor by Lorenzo Monacelli
1 2 0     1.8897259890000000     0.0000000000000000     0.0000000000000000     0.0000000000000000     0.0000000000000000     0.0000000000000000
Basis vectors
    2.4600000000000000     0.0000000000000000     0.0000000000000000
   -1.2300000000000000     2.1304224933097187     0.0000000000000000
    0.0000000000000000     0.0000000000000000    15.0000000000000000
	1  'C '  10947.3571678344233078
    1     1     0.0000000000000001    -0.0000000000000007     7.4999999999999982
    2     1     1.2299999999999998     0.7101408311032394     7.4999999999999982

     Dynamical Matrix in cartesian axes

     q = (     0.135501355014    -0.078231743793     0.000000000000 )

    1    1
     1.3790912738674130     0.0000000000000000       -0.1945906879238521     0.0000000000529201       -0.0000000000000000     0.0000000000000000
    -0.1945906879238525    -0.0000000000529201        1.1543973021098259    -0.0000000000000000        0.0000000000000000     0.0000000000000000
    -0.0000000000000000    -0.0000000000000000        0.0000000000000000    -0.0000000000000000        0.2933414836302811     0.0000000000000000
    1    2
    -0.4231034114614233     0.4257355691886320       -0.1887051840926983    -0.1551016907533992        0.0000000000000000    -0.0000000000000000
    -0.1887051840926983    -0.1551016907533992       -0.6410013895471240     0.2466395634298023       -0.0000000000000000     0.0000000000000000
     0.0000000000000000    -0.0000000000000000       -0.0000000000000000     0.0000000000000000       -0.1771002588953287     0.1458500615455804
    2    1
    -0.4231034114614233    -0.4257355691886320       -0.1887051840926983     0.1551016907533992        0.0000000000000000     0.0000000000000000
    -0.1887051840926983     0.1551016907533992       -0.6410013895471240    -0.2466395634298023       -0.0000000000000000    -0.0000000000000000
     0.0000000000000000     0.0000000000000000       -0.0000000000000000    -0.0000000000000000       -0.1771002588953287    -0.1458500615455804
    2    2
     1.3790912738674133     0.0000000000000000       -0.1945906879238521    -0.0000000000529201       -0.0000000000000000    -0.0000000000000000
    -0.1945906879238525     0.0000000000529201        1.1543973021098259     0.0000000000000000        0.0000000000000000     0.0000000000000000
    -0.0000000000000000     0.0000000000000000        0.0000000000000000    -0.0000000000000000        0.2933414836302811     0.0000000000000000

     Dynamical Matrix in cartesian axes

     q = (    -0.135501355014     0.078231743793     0.000000000000 )

    1    1
     1.3790912738674130    -0.0000000000000000       -0.1945906879238521    -0.0000000000529201       -0.0000000000000000    -0.0000000000000000
    -0.1945906879238525     0.0000000000529201        1.1543973021098259     0.0000000000000000        0.0000000000000000    -0.0000000000000000
    -0.0000000000000000     0.0000000000000000        0.0000000000000000     0.0000000000000000        0.2933414836302811    -0.0000000000000000
    1    2
    -0.4231034114614233    -0.4257355691886320       -0.1887051840926983     0.1551016907533992        0.0000000000000000     0.0000000000000000
    -0.1887051840926983     0.1551016907533992       -0.6410013895471240    -0.2466395634298022       -0.0000000000000000    -0.0000000000000000
     0.0000000000000000     0.0000000000000000       -0.0000000000000000    -0.0000000000000000       -0.1771002588953287    -0.1458500615455804
    2    1
    -0.4231034114614233     0.4257355691886320       -0.1887051840926983    -0.1551016907533992        0.0000000000000000    -0.0000000000000000
    -0.1887051840926983    -0.1551016907533992       -0.6410013895471240     0.2466395634298022       -0.0000000000000000     0.0000000000000000
     0.0000000000000000    -0.0000000000000000       -0.0000000000000000     0.0000000000000000       -0.1771002588953287     0.1458500615455804
    2    2
     1.3790912738674133    -0.0000000000000000       -0.1945906879238521     0.0000000000529201       -0.0000000000000000     0.0000000000000000
    -0.1945906879238525    -0.0000000000529201        1.1543973021098259    -0.0000000000000000        0.0000000000000000    -0.0000000000000000
    -0.0000000000000000    -0.0000000000000000        0.0000000000000000     0.0000000000000000        0.2933414836302811    -0.0000000000000000

     Dynamical Matrix in cartesian axes

     q = (    -0.135501355014    -0.078231743793     0.000000000000 )

    1    1
     1.3790912737328604     0.0000000000000000        0.1945906875136338     0.0000000000000767        0.0000000000000000    -0.0000000000000000
     0.1945906875136337    -0.0000000000000767        1.1543973020983544     0.0000000000000000        0.0000000000000000    -0.0000000000000000
     0.0000000000000000     0.0000000000000000        0.0000000000000000     0.0000000000000000        0.2933414836131693    -0.0000000000000000
    1    2
    -0.1571460772201814    -0.5792860973676783       -0.2286746012374045     0.0858726240550450       -0.0000000000000000     0.0000000000000000
    -0.2286746012374045     0.0858726240550450        0.1069046079416928    -0.6784432625963188       -0.0000000000000000     0.0000000000000000
    -0.0000000000000000     0.0000000000000000        0.0000000000000000    -0.0000000000000000       -0.0377597156539253    -0.2262983562466664
    2    1
    -0.1571460772201814     0.5792860973676783       -0.2286746012374045    -0.0858726240550450       -0.0000000000000000    -0.0000000000000000
    -0.2286746012374045    -0.0858726240550450        0.1069046079416928     0.6784432625963188        0.0000000000000000     0.0000000000000000
    -0.0000000000000000    -0.0000000000000000       -0.0000000000000000    -0.0000000000000000       -0.0377597156539253     0.2262983562466664
    2    2
     1.3790912737328604     0.0000000000000000        0.1945906875136337    -0.0000000000000767        0.0000000000000000    -0.0000000000000000
     0.1945906875136336     0.0000000000000767        1.1543973020983544    -0.0000000000000000        0.0000000000000000     0.0000000000000000
     0.0000000000000000     0.0000000000000000        0.0000000000000000    -0.0000000000000000        0.2933414836131693     0.0000000000000000

     Dynamical Matrix in cartesian axes

     q = (     0.135501355014     0.078231743793     0.000000000000 )

    1    1
     1.3790912737328604    -0.0000000000000000        0.1945906875136338    -0.0000000000000767        0.0000000000000000     0.0000000000000000
     0.1945906875136337     0.0000000000000767        1.1543973020983544    -0.0000000000000000        0.0000000000000000     0.0000000000000000
     0.0000000000000000    -0.0000000000000000        0.0000000000000000    -0.0000000000000000        0.2933414836131693     0.0000000000000000
    1    2
    -0.1571460772201814     0.5792860973676783       -0.2286746012374045    -0.0858726240550450       -0.0000000000000000    -0.0000000000000000
    -0.2286746012374044    -0.0858726240550450        0.1069046079416929     0.6784432625963188       -0.0000000000000000    -0.0000000000000000
    -0.0000000000000000    -0.0000000000000000        0.0000000000000000     0.0000000000000000       -0.0377597156539253     0.2262983562466664
    2    1
    -0.1571460772201814    -0.5792860973676783       -0.2286746012374045     0.0858726240550450       -0.0000000000000000     0.0000000000000000
    -0.2286746012374044     0.0858726240550450        0.1069046079416929    -0.6784432625963188        0.0000000000000000    -0.0000000000000000
    -0.0000000000000000     0.0000000000000000       -0.0000000000000000     0.0000000000000000       -0.0377597156539253    -0.2262983562466664
    2    2
     1.3790912737328604    -0.0000000000000000        0.1945906875136337     0.0000000000000767        0.0000000000000000     0.0000000000000000
     0.1945906875136336    -0.0000000000000767        1.1543973020983544     0.0000000000000000        0.0000000000000000    -0.0000000000000000
     0.0000000000000000    -0.0000000000000000        0.0000000000000000     0.0000000000000000        0.2933414836131693    -0.0000000000000000

     Dynamical Matrix in cartesian axes

     q = (    -0.000000000000    -0.156463487585     0.000000000000 )

    1    1
     1.0420503159672765     0.0000000000000000       -0.0000000001532096     0.0000000000527667       -0.0000000000000000     0.0000000000000000
    -0.0000000001532095    -0.0000000000527667        1.4914382600099629    -0.0000000000000000       -0.0000000000000000    -0.0000000000000000
    -0.0000000000000000    -0.0000000000000000       -0.0000000000000000     0.0000000000000000        0.2933414836302811     0.0000000000000000
    1    2
    -0.7499503782757944    -0.1570915605071491        0.0000000001813048     0.0000000000255314        0.0000000000000000     0.0000000000000000
     0.0000000001813048     0.0000000000255314       -0.3141544227327517    -0.5152835721112868       -0.0000000000000000    -0.0000000000000000
     0.0000000000000000    -0.0000000000000000       -0.0000000000000000     0.0000000000000000       -0.1771002588953285    -0.1458500615455806
    2    1
    -0.7499503782757944     0.1570915605071491        0.0000000001813048    -0.0000000000255314        0.0000000000000000     0.0000000000000000
     0.0000000001813048    -0.0000000000255314       -0.3141544227327517     0.5152835721112868       -0.0000000000000000    -0.0000000000000000
     0.0000000000000000    -0.0000000000000000       -0.0000000000000000     0.0000000000000000       -0.1771002588953285     0.1458500615455806
    2    2
     1.0420503159672765    -0.0000000000000000       -0.0000000001532096    -0.0000000000527667       -0.0000000000000000    -0.0000000000000000
    -0.0000000001532095     0.0000000000527667        1.4914382600099629     0.0000000000000000       -0.0000000000000000     0.0000000000000000
    -0.0000000000000000     0.0000000000000000       -0.0000000000000000    -0.0000000000000000        0.2933414836302811     0.0000000000000000

     Dynamical Matrix in cartesian axes

     q = (     0.000000000000     0.156463487585     0.000000000000 )

    1    1
     1.0420503159672765    -0.0000000000000000       -0.0000000001532096    -0.0000000000527667       -0.0000000000000000    -0.0000000000000000
    -0.0000000001532095     0.0000000000527667        1.4914382600099629     0.0000000000000000       -0.0000000000000000     0.0000000000000000
    -0.0000000000000000     0.0000000000000000       -0.0000000000000000    -0.0000000000000000        0.2933414836302811    -0.0000000000000000
    1    2
    -0.7499503782757944     0.1570915605071491        0.0000000001813049    -0.0000000000255314        0.0000000000000000    -0.0000000000000000
     0.0000000001813048    -0.0000000000255314       -0.3141544227327517     0.5152835721112868       -0.0000000000000000     0.0000000000000000
     0.0000000000000000     0.0000000000000000       -0.0000000000000000    -0.0000000000000000       -0.1771002588953285     0.1458500615455806
    2    1
    -0.7499503782757944    -0.1570915605071491        0.0000000001813049     0.0000000000255314        0.0000000000000000    -0.0000000000000000
     0.0000000001813048     0.0000000000255314       -0.3141544227327517    -0.5152835721112868       -0.0000000000000000     0.0000000000000000
     0.0000000000000000     0.0000000000000000       -0.0000000000000000    -0.0000000000000000       -0.1771002588953285    -0.1458500615455806
    2    2
     1.0420503159672765     0.0000000000000000       -0.0000000001532096     0.0000000000527667       -0.0000000000000000     0.0000000000000000
    -0.0000000001532095    -0.0000000000527667        1.4914382600099629    -0.0000000000000000       -0.0000000000000000    -0.0000000000000000
    -0.0000000000000000    -0.0000000000000000       -0.0000000000000000     0.0000000000000000        0.2933414836302811    -0.0000000000000000

     Diagonalizing the dynamical matrix

     q = (     0.135501355014    -0.078231743793     0.000000000000 )

***************************************************************************
   freq (    1) =     7.94914316 [THz] =   265.15483674 [cm-1]
(  -0.000000  0.000000  -0.000000  0.000000  -0.704036  0.065826 )
(  -0.000000  0.000000  -0.000000 -0.000000  -0.585309 -0.396753 )
   freq (    2) =    16.51339497 [THz] =   550.82748642 [cm-1]
(  -0.353553  0.000000  -0.612372 -0.000000   0.000000 -0.000000 )
(  -0.346043 -0.072485  -0.599364 -0.125548   0.000000  0.000000 )
   freq (    3) =    22.73397215 [THz] =   758.32357655 [cm-1]
(  -0.000000  0.000000  -0.000000  0.000000   0.698453 -0.110290 )
(  -0.000000 -0.000000  -0.000000  0.000000  -0.609266 -0.358881 )
   freq (    4) =    29.62868922 [THz] =   988.30654981 [cm-1]
(  -0.612372  0.000000   0.353553  0.000000  -0.000000  0.000000 )
(  -0.318774 -0.522861   0.184044  0.301874   0.000000  0.000000 )
   freq (    5) =    42.28176515 [THz] =  1410.36767161 [cm-1]
(   0.353553  0.000000   0.612372  0.000000   0.000000  0.000000 )
(  -0.346043 -0.072485  -0.599364 -0.125548   0.000000 -0.000000 )
   freq (    6) =    45.50991930 [THz] =  1518.04728826 [cm-1]
(  -0.612372  0.000000   0.353553  0.000000   0.000000  0.000000 )
(   0.318774  0.522861  -0.184044 -0.301874  -0.000000 -0.000000 )
***************************************************************************
