Dynamical matrix file
File generated with the CellConstructor by Lorenzo Monacelli
1 2 0     1.8897259890000000     0.0000000000000000     0.0000000000000000     0.0000000000000000     0.0000000000000000     0.0000000000000000
Basis vectors
    2.4600000000000000     0.0000000000000000     0.0000000000000000
   -1.2300000000000000     2.1304224933097187     0.0000000000000000
    0.0000000000000000     0.0000000000000000    15.0000000000000000
	1  'C '  10947.3571678344233078
    1     1     0.0000000000000001    -0.0000000000000007     7.4999999999999982
    2     1     1.2299999999999998     0.7101408311032394     7.4999999999999982

     Dynamical Matrix in cartesian axes

     q = (     0.000000000000     0.000000000000     0.000000000000 )

    1    1
     1.0910827163147849     0.0000000000000000        0.0000000000000001     0.0000000000000000        0.0000000000000000     0.0000000000000000
     0.0000000000000001     0.0000000000000000        1.0910827163147854     0.0000000000000000        0.0000000000000000     0.0000000000000000
     0.0000000000000000     0.0000000000000000        0.0000000000000000     0.0000000000000000        0.3416889333718792     0.0000000000000000
    1    2
    -1.0910827163147849     0.0000000000000000        0.0000000000000003     0.0000000000000000        0.0000000000000000     0.0000000000000000
     0.0000000000000002     0.0000000000000000       -1.0910827163147852     0.0000000000000000        0.0000000000000000     0.0000000000000000
     0.0000000000000000     0.0000000000000000        0.0000000000000000     0.0000000000000000       -0.3416889333718792     0.0000000000000000
    2    1
    -1.0910827163147849     0.0000000000000000        0.0000000000000003     0.0000000000000000        0.0000000000000000     0.0000000000000000
     0.0000000000000002     0.0000000000000000       -1.0910827163147852     0.0000000000000000        0.0000000000000000     0.0000000000000000
     0.0000000000000000     0.0000000000000000        0.0000000000000000     0.0000000000000000       -0.3416889333718792     0.0000000000000000
    2    2
     1.0910827163147849     0.0000000000000000       -0.0000000000000001     0.0000000000000000        0.0000000000000000     0.0000000000000000
    -0.0000000000000001     0.0000000000000000        1.0910827163147852     0.0000000000000000        0.0000000000000000     0.0000000000000000
     0.0000000000000000     0.0000000000000000        0.0000000000000000     0.0000000000000000        0.3416889333718792     0.0000000000000000

     Diagonalizing the dynamical matrix

     q = (     0.000000000000     0.000000000000     0.000000000000 )

***************************************************************************
   freq (    1) =    -0.00000081 [THz] =    -0.00002693 [cm-1]
(   0.594766  0.000000  -0.378021  0.000000   0.057907  0.000000 )
(   0.594766  0.000000  -0.378021  0.000000   0.057907  0.000000 )
   freq (    2) =     0.00000024 [THz] =     0.00000815 [cm-1]
(  -0.115584  0.000000  -0.075625  0.000000   0.693485  0.000000 )
(  -0.115584  0.000000  -0.075625  0.000000   0.693485  0.000000 )
   freq (    3) =     0.00000086 [THz] =     0.00002867 [cm-1]
(  -0.364546  0.000000  -0.592774  0.000000  -0.125402  0.000000 )
(  -0.364546  0.000000  -0.592774  0.000000  -0.125402  0.000000 )
   freq (    4) =    25.99268149 [THz] =   867.02240414 [cm-1]
(  -0.000000  0.000000   0.000000  0.000000   0.707107  0.000000 )
(  -0.000000  0.000000   0.000000  0.000000  -0.707107  0.000000 )
   freq (    5) =    46.44772707 [THz] =  1549.32918381 [cm-1]
(   0.707107  0.000000   0.000000  0.000000   0.000000  0.000000 )
(  -0.707107  0.000000   0.000000  0.000000   0.000000  0.000000 )
   freq (    6) =    46.44772707 [THz] =  1549.32918381 [cm-1]
(   0.000000  0.000000   0.707107  0.000000  -0.000000  0.000000 )
(   0.000000  0.000000  -0.707107  0.000000   0.000000  0.000000 )
***************************************************************************
