Dynamical matrix file
File generated with the CellConstructor by Lorenzo Monacelli
1 2 0     1.8897259890000000     0.0000000000000000     0.0000000000000000     0.0000000000000000     0.0000000000000000     0.0000000000000000
Basis vectors
    2.4600000000000000     0.0000000000000000     0.0000000000000000
   -1.2300000000000000     2.1304224933097187     0.0000000000000000
    0.0000000000000000     0.0000000000000000    15.0000000000000000
	1  'C '  10947.3571678344233078
    1     1     0.0000000000000001    -0.0000000000000007     7.4999999999999982
    2     1     1.2299999999999998     0.7101408311032394     7.4999999999999982

     Dynamical Matrix in cartesian axes

     q = (     0.067750677507     0.195579359482     0.000000000000 )

    1    1
     1.1181091916958175     0.0000000000000000        0.0598453365414491     0.0184823521817378        0.0000000000000000     0.0000000000000000
     0.0598453365414491    -0.0184823521817378        1.4671044814941114     0.0000000000000000        0.0000000000000000     0.0000000000000000
     0.0000000000000000     0.0000000000000000        0.0000000000000000     0.0000000000000000        0.2742366097580055     0.0000000000000000
    1    2
    -0.4437809283562285     0.3461909514423209       -0.0652073430862655    -0.0580211438764106        0.0000000000000000     0.0000000000000000
    -0.0652073430862654    -0.0580211438764106        0.1174760159202601     0.2592231142972182        0.0000000000000000     0.0000000000000000
     0.0000000000000000     0.0000000000000000        0.0000000000000000     0.0000000000000000       -0.0408270125568220     0.1207036234929156
    2    1
    -0.4437809283562285    -0.3461909514423209       -0.0652073430862655     0.0580211438764106        0.0000000000000000     0.0000000000000000
    -0.0652073430862654     0.0580211438764106        0.1174760159202601    -0.2592231142972182        0.0000000000000000     0.0000000000000000
     0.0000000000000000     0.0000000000000000        0.0000000000000000     0.0000000000000000       -0.0408270125568220    -0.1207036234929156
    2    2
     1.1181091916958175     0.0000000000000000        0.0598453365414491    -0.0184823521817378        0.0000000000000000     0.0000000000000000
     0.0598453365414491     0.0184823521817378        1.4671044814941114     0.0000000000000000        0.0000000000000000     0.0000000000000000
     0.0000000000000000     0.0000000000000000        0.0000000000000000     0.0000000000000000        0.2742366097580055     0.0000000000000000

     Dynamical Matrix in cartesian axes

     q = (    -0.067750677507    -0.195579359482     0.000000000000 )

    1    1
     1.1181091916958175     0.0000000000000000        0.0598453365414491    -0.0184823521817378        0.0000000000000000     0.0000000000000000
     0.0598453365414491     0.0184823521817378        1.4671044814941114     0.0000000000000000        0.0000000000000000     0.0000000000000000
     0.0000000000000000     0.0000000000000000        0.0000000000000000     0.0000000000000000        0.2742366097580055     0.0000000000000000
    1    2
    -0.4437809283562285    -0.3461909514423209       -0.0652073430862655     0.0580211438764106        0.0000000000000000     0.0000000000000000
    -0.0652073430862654     0.0580211438764106        0.1174760159202601    -0.2592231142972182        0.0000000000000000     0.0000000000000000
     0.0000000000000000     0.0000000000000000        0.0000000000000000     0.0000000000000000       -0.0408270125568220    -0.1207036234929156
    2    1
    -0.4437809283562285     0.3461909514423209       -0.0652073430862655    -0.0580211438764106        0.0000000000000000     0.0000000000000000
    -0.0652073430862654    -0.0580211438764106        0.1174760159202601     0.2592231142972182        0.0000000000000000     0.0000000000000000
     0.0000000000000000     0.0000000000000000        0.0000000000000000     0.0000000000000000       -0.0408270125568220     0.1207036234929156
    2    2
     1.1181091916958175     0.0000000000000000        0.0598453365414491     0.0184823521817378        0.0000000000000000     0.0000000000000000
     0.0598453365414491    -0.0184823521817378        1.4671044814941114     0.0000000000000000        0.0000000000000000     0.0000000000000000
     0.0000000000000000     0.0000000000000000        0.0000000000000000     0.0000000000000000        0.2742366097580055     0.0000000000000000

     Dynamical Matrix in cartesian axes

     q = (    -0.067750677507     0.195579359482     0.000000000000 )

    1    1
     1.1181091916958175     0.0000000000000000       -0.0598453365414491    -0.0184823521817378        0.0000000000000000     0.0000000000000000
    -0.0598453365414491     0.0184823521817378        1.4671044814941112     0.0000000000000000        0.0000000000000000     0.0000000000000000
     0.0000000000000000     0.0000000000000000        0.0000000000000000     0.0000000000000000        0.2742366097580055     0.0000000000000000
    1    2
    -0.5217006165320287    -0.2112300971532149       -0.0176441155014893     0.0854817870500330        0.0000000000000000     0.0000000000000000
    -0.0176441155014893     0.0854817870500329       -0.1657558010110955     0.2313487664406620        0.0000000000000000     0.0000000000000000
     0.0000000000000000     0.0000000000000000        0.0000000000000000     0.0000000000000000       -0.1249459112804733     0.0249945780705841
    2    1
    -0.5217006165320287     0.2112300971532149       -0.0176441155014893    -0.0854817870500330        0.0000000000000000     0.0000000000000000
    -0.0176441155014893    -0.0854817870500329       -0.1657558010110955    -0.2313487664406620        0.0000000000000000     0.0000000000000000
     0.0000000000000000     0.0000000000000000        0.0000000000000000     0.0000000000000000       -0.1249459112804733    -0.0249945780705841
    2    2
     1.1181091916958175     0.0000000000000000       -0.0598453365414491     0.0184823521817378        0.0000000000000000     0.0000000000000000
    -0.0598453365414491    -0.0184823521817378        1.4671044814941112     0.0000000000000000        0.0000000000000000     0.0000000000000000
     0.0000000000000000     0.0000000000000000        0.0000000000000000     0.0000000000000000        0.2742366097580055     0.0000000000000000

     Dynamical Matrix in cartesian axes

     q = (     0.067750677507    -0.195579359482     0.000000000000 )

    1    1
     1.1181091916958175     0.0000000000000000       -0.0598453365414491     0.0184823521817378        0.0000000000000000     0.0000000000000000
    -0.0598453365414491    -0.0184823521817378        1.4671044814941112     0.0000000000000000        0.0000000000000000     0.0000000000000000
     0.0000000000000000     0.0000000000000000        0.0000000000000000     0.0000000000000000        0.2742366097580055     0.0000000000000000
    1    2
    -0.5217006165320287     0.2112300971532148       -0.0176441155014893    -0.0854817870500330        0.0000000000000000     0.0000000000000000
    -0.0176441155014893    -0.0854817870500329       -0.1657558010110955    -0.2313487664406620        0.0000000000000000     0.0000000000000000
     0.0000000000000000     0.0000000000000000        0.0000000000000000     0.0000000000000000       -0.1249459112804733    -0.0249945780705841
    2    1
    -0.5217006165320287    -0.2112300971532148       -0.0176441155014893     0.0854817870500330        0.0000000000000000     0.0000000000000000
    -0.0176441155014893     0.0854817870500329       -0.1657558010110955     0.2313487664406620        0.0000000000000000     0.0000000000000000
     0.0000000000000000     0.0000000000000000        0.0000000000000000     0.0000000000000000       -0.1249459112804733     0.0249945780705841
    2    2
     1.1181091916958175     0.0000000000000000       -0.0598453365414491    -0.0184823521817378        0.0000000000000000     0.0000000000000000
    -0.0598453365414491     0.0184823521817378        1.4671044814941112     0.0000000000000000        0.0000000000000000     0.0000000000000000
     0.0000000000000000     0.0000000000000000        0.0000000000000000     0.0000000000000000        0.2742366097580055     0.0000000000000000

     Dynamical Matrix in cartesian axes

     q = (    -0.135501355014     0.156463487585     0.000000000000 )

    1    1
     1.3280280773016135     0.0000000000000000       -0.1810420616539416    -0.0184823521817378        0.0000000000000000     0.0000000000000000
    -0.1810420616539415     0.0184823521817378        1.2571855958883158     0.0000000000000000        0.0000000000000000     0.0000000000000000
     0.0000000000000000     0.0000000000000000        0.0000000000000000     0.0000000000000000        0.2742366097580055     0.0000000000000000
    1    2
    -0.2700222571429256    -0.1947334496884124       -0.1629506840439914     0.1489013760001564        0.0000000000000000     0.0000000000000000
    -0.1629506840439913     0.1489013760001563       -0.4174341604001988     0.1746147804009665        0.0000000000000000     0.0000000000000000
     0.0000000000000000     0.0000000000000000        0.0000000000000000     0.0000000000000000       -0.1249459112804734    -0.0249945780705839
    2    1
    -0.2700222571429256     0.1947334496884124       -0.1629506840439914    -0.1489013760001564        0.0000000000000000     0.0000000000000000
    -0.1629506840439913    -0.1489013760001563       -0.4174341604001988    -0.1746147804009665        0.0000000000000000     0.0000000000000000
     0.0000000000000000     0.0000000000000000        0.0000000000000000     0.0000000000000000       -0.1249459112804734     0.0249945780705839
    2    2
     1.3280280773016135     0.0000000000000000       -0.1810420616539416     0.0184823521817378        0.0000000000000000     0.0000000000000000
    -0.1810420616539415    -0.0184823521817378        1.2571855958883158     0.0000000000000000        0.0000000000000000     0.0000000000000000
     0.0000000000000000     0.0000000000000000        0.0000000000000000     0.0000000000000000        0.2742366097580055     0.0000000000000000

     Dynamical Matrix in cartesian axes

     q = (     0.203252032520     0.039115871896     0.000000000000 )

    1    1
     1.4316832407874618     0.0000000000000000        0.1211967251124924    -0.0184823521817378        0.0000000000000000     0.0000000000000000
     0.1211967251124924     0.0184823521817378        1.1535304324024676     0.0000000000000000        0.0000000000000000     0.0000000000000000
     0.0000000000000000     0.0000000000000000        0.0000000000000000     0.0000000000000000        0.2742366097580055     0.0000000000000000
    1    2
     0.0793094559448021     0.2307172820964380       -0.2756350581960625    -0.0086475821049351        0.0000000000000000     0.0000000000000000
    -0.2756350581960625    -0.0086475821049351        0.2469955094181460     0.3746967551166161        0.0000000000000000     0.0000000000000000
     0.0000000000000000     0.0000000000000000        0.0000000000000000     0.0000000000000000        0.0408270231090682     0.1207036199237042
    2    1
     0.0793094559448021    -0.2307172820964380       -0.2756350581960625     0.0086475821049351        0.0000000000000000     0.0000000000000000
    -0.2756350581960625     0.0086475821049351        0.2469955094181460    -0.3746967551166161        0.0000000000000000     0.0000000000000000
     0.0000000000000000     0.0000000000000000        0.0000000000000000     0.0000000000000000        0.0408270231090682    -0.1207036199237042
    2    2
     1.4316832407874618     0.0000000000000000        0.1211967251124924     0.0184823521817378        0.0000000000000000     0.0000000000000000
     0.1211967251124924    -0.0184823521817378        1.1535304324024676     0.0000000000000000        0.0000000000000000     0.0000000000000000
     0.0000000000000000     0.0000000000000000        0.0000000000000000     0.0000000000000000        0.2742366097580055     0.0000000000000000

     Dynamical Matrix in cartesian axes

     q = (    -0.203252032520    -0.039115871896     0.000000000000 )

    1    1
     1.4316832407874618     0.0000000000000000        0.1211967251124924     0.0184823521817378        0.0000000000000000     0.0000000000000000
     0.1211967251124924    -0.0184823521817378        1.1535304324024676     0.0000000000000000        0.0000000000000000     0.0000000000000000
     0.0000000000000000     0.0000000000000000        0.0000000000000000     0.0000000000000000        0.2742366097580055     0.0000000000000000
    1    2
     0.0793094559448021    -0.2307172820964380       -0.2756350581960625     0.0086475821049351        0.0000000000000000     0.0000000000000000
    -0.2756350581960625     0.0086475821049351        0.2469955094181460    -0.3746967551166161        0.0000000000000000     0.0000000000000000
     0.0000000000000000     0.0000000000000000        0.0000000000000000     0.0000000000000000        0.0408270231090682    -0.1207036199237042
    2    1
     0.0793094559448021     0.2307172820964380       -0.2756350581960625    -0.0086475821049351        0.0000000000000000     0.0000000000000000
    -0.2756350581960625    -0.0086475821049351        0.2469955094181460     0.3746967551166161        0.0000000000000000     0.0000000000000000
     0.0000000000000000     0.0000000000000000        0.0000000000000000     0.0000000000000000        0.0408270231090682     0.1207036199237042
    2    2
     1.4316832407874618     0.0000000000000000        0.1211967251124924    -0.0184823521817378        0.0000000000000000     0.0000000000000000
     0.1211967251124924     0.0184823521817378        1.1535304324024676     0.0000000000000000        0.0000000000000000     0.0000000000000000
     0.0000000000000000     0.0000000000000000        0.0000000000000000     0.0000000000000000        0.2742366097580055     0.0000000000000000

     Dynamical Matrix in cartesian axes

     q = (     0.135501355014    -0.156463487585     0.000000000000 )

    1    1
     1.3280280773016135     0.0000000000000000       -0.1810420616539416     0.0184823521817378        0.0000000000000000     0.0000000000000000
    -0.1810420616539415    -0.0184823521817378        1.2571855958883158     0.0000000000000000        0.0000000000000000     0.0000000000000000
     0.0000000000000000     0.0000000000000000        0.0000000000000000     0.0000000000000000        0.2742366097580055     0.0000000000000000
    1    2
    -0.2700222571429256     0.1947334496884124       -0.1629506840439914    -0.1489013760001564        0.0000000000000000     0.0000000000000000
    -0.1629506840439913    -0.1489013760001563       -0.4174341604001988    -0.1746147804009665        0.0000000000000000     0.0000000000000000
     0.0000000000000000     0.0000000000000000        0.0000000000000000     0.0000000000000000       -0.1249459112804734     0.0249945780705839
    2    1
    -0.2700222571429256    -0.1947334496884124       -0.1629506840439914     0.1489013760001564        0.0000000000000000     0.0000000000000000
    -0.1629506840439913     0.1489013760001563       -0.4174341604001988     0.1746147804009665        0.0000000000000000     0.0000000000000000
     0.0000000000000000     0.0000000000000000        0.0000000000000000     0.0000000000000000       -0.1249459112804734    -0.0249945780705839
    2    2
     1.3280280773016135     0.0000000000000000       -0.1810420616539416    -0.0184823521817378        0.0000000000000000     0.0000000000000000
    -0.1810420616539415     0.0184823521817378        1.2571855958883158     0.0000000000000000        0.0000000000000000     0.0000000000000000
     0.0000000000000000     0.0000000000000000        0.0000000000000000     0.0000000000000000        0.2742366097580055     0.0000000000000000

     Dynamical Matrix in cartesian axes

     q = (    -0.135501355014    -0.156463487585     0.000000000000 )

    1    1
     1.3280280773016135     0.0000000000000000        0.1810420616539415    -0.0184823521817378        0.0000000000000000     0.0000000000000000
     0.1810420616539417     0.0184823521817378        1.2571855958883156     0.0000000000000000        0.0000000000000000     0.0000000000000000
     0.0000000000000000     0.0000000000000000        0.0000000000000000     0.0000000000000000        0.2742366097580055     0.0000000000000000
    1    2
    -0.0336329665215822    -0.3312128610773861       -0.2104277201821672     0.0666687316819526        0.0000000000000000     0.0000000000000000
    -0.2104277201821672     0.0666687316819526        0.3599379318845307    -0.2742011761356680        0.0000000000000000     0.0000000000000000
     0.0000000000000000     0.0000000000000000        0.0000000000000000     0.0000000000000000        0.0408270231090682    -0.1207036199237042
    2    1
    -0.0336329665215822     0.3312128610773861       -0.2104277201821672    -0.0666687316819526        0.0000000000000000     0.0000000000000000
    -0.2104277201821672    -0.0666687316819526        0.3599379318845307     0.2742011761356680        0.0000000000000000     0.0000000000000000
     0.0000000000000000     0.0000000000000000        0.0000000000000000     0.0000000000000000        0.0408270231090682     0.1207036199237042
    2    2
     1.3280280773016135     0.0000000000000000        0.1810420616539415     0.0184823521817378        0.0000000000000000     0.0000000000000000
     0.1810420616539417    -0.0184823521817378        1.2571855958883156     0.0000000000000000        0.0000000000000000     0.0000000000000000
     0.0000000000000000     0.0000000000000000        0.0000000000000000     0.0000000000000000        0.2742366097580055     0.0000000000000000

     Dynamical Matrix in cartesian axes

     q = (     0.203252032520    -0.039115871896     0.000000000000 )

    1    1
     1.4316832407874618     0.0000000000000000       -0.1211967251124925    -0.0184823521817378        0.0000000000000000     0.0000000000000000
    -0.1211967251124924     0.0184823521817378        1.1535304324024676     0.0000000000000000        0.0000000000000000     0.0000000000000000
     0.0000000000000000     0.0000000000000000        0.0000000000000000     0.0000000000000000        0.2742366097580055     0.0000000000000000
    1    2
    -0.0793094357748558     0.2307172890298901       -0.2756350574400659     0.0086476062017179        0.0000000000000000     0.0000000000000000
    -0.2756350574400659     0.0086476062017178       -0.2469954766611135     0.3746967767096486        0.0000000000000000     0.0000000000000000
     0.0000000000000000     0.0000000000000000        0.0000000000000000     0.0000000000000000       -0.0408270125568221     0.1207036234929156
    2    1
    -0.0793094357748558    -0.2307172890298901       -0.2756350574400659    -0.0086476062017179        0.0000000000000000     0.0000000000000000
    -0.2756350574400659    -0.0086476062017178       -0.2469954766611135    -0.3746967767096486        0.0000000000000000     0.0000000000000000
     0.0000000000000000     0.0000000000000000        0.0000000000000000     0.0000000000000000       -0.0408270125568221    -0.1207036234929156
    2    2
     1.4316832407874618     0.0000000000000000       -0.1211967251124925     0.0184823521817378        0.0000000000000000     0.0000000000000000
    -0.1211967251124924    -0.0184823521817378        1.1535304324024676     0.0000000000000000        0.0000000000000000     0.0000000000000000
     0.0000000000000000     0.0000000000000000        0.0000000000000000     0.0000000000000000        0.2742366097580055     0.0000000000000000

     Dynamical Matrix in cartesian axes

     q = (    -0.203252032520     0.039115871896     0.000000000000 )

    1    1
     1.4316832407874618     0.0000000000000000       -0.1211967251124925     0.0184823521817378        0.0000000000000000     0.0000000000000000
    -0.1211967251124924    -0.0184823521817378        1.1535304324024676     0.0000000000000000        0.0000000000000000     0.0000000000000000
     0.0000000000000000     0.0000000000000000        0.0000000000000000     0.0000000000000000        0.2742366097580055     0.0000000000000000
    1    2
    -0.0793094357748558    -0.2307172890298901       -0.2756350574400659    -0.0086476062017179        0.0000000000000000     0.0000000000000000
    -0.2756350574400659    -0.0086476062017178       -0.2469954766611135    -0.3746967767096486        0.0000000000000000     0.0000000000000000
     0.0000000000000000     0.0000000000000000        0.0000000000000000     0.0000000000000000       -0.0408270125568221    -0.1207036234929156
    2    1
    -0.0793094357748558     0.2307172890298901       -0.2756350574400659     0.0086476062017179        0.0000000000000000     0.0000000000000000
    -0.2756350574400659     0.0086476062017178       -0.2469954766611135     0.3746967767096486        0.0000000000000000     0.0000000000000000
     0.0000000000000000     0.0000000000000000        0.0000000000000000     0.0000000000000000       -0.0408270125568221     0.1207036234929156
    2    2
     1.4316832407874618     0.0000000000000000       -0.1211967251124925    -0.0184823521817378        0.0000000000000000     0.0000000000000000
    -0.1211967251124924     0.0184823521817378        1.1535304324024676     0.0000000000000000        0.0000000000000000     0.0000000000000000
     0.0000000000000000     0.0000000000000000        0.0000000000000000     0.0000000000000000        0.2742366097580055     0.0000000000000000

     Dynamical Matrix in cartesian axes

     q = (     0.135501355014     0.156463487585     0.000000000000 )

    1    1
     1.3280280773016135     0.0000000000000000        0.1810420616539415     0.0184823521817378        0.0000000000000000     0.0000000000000000
     0.1810420616539417    -0.0184823521817378        1.2571855958883156     0.0000000000000000        0.0000000000000000     0.0000000000000000
     0.0000000000000000     0.0000000000000000        0.0000000000000000     0.0000000000000000        0.2742366097580055     0.0000000000000000
    1    2
    -0.0336329665215822     0.3312128610773861       -0.2104277201821672    -0.0666687316819526        0.0000000000000000     0.0000000000000000
    -0.2104277201821672    -0.0666687316819526        0.3599379318845307     0.2742011761356680        0.0000000000000000     0.0000000000000000
     0.0000000000000000     0.0000000000000000        0.0000000000000000     0.0000000000000000        0.0408270231090682     0.1207036199237042
    2    1
    -0.0336329665215822    -0.3312128610773861       -0.2104277201821672     0.0666687316819526        0.0000000000000000     0.0000000000000000
    -0.2104277201821672     0.0666687316819526        0.3599379318845307    -0.2742011761356680        0.0000000000000000     0.0000000000000000
     0.0000000000000000     0.0000000000000000        0.0000000000000000     0.0000000000000000        0.0408270231090682    -0.1207036199237042
    2    2
     1.3280280773016135     0.0000000000000000        0.1810420616539415    -0.0184823521817378        0.0000000000000000     0.0000000000000000
     0.1810420616539417     0.0184823521817378        1.2571855958883156     0.0000000000000000        0.0000000000000000     0.0000000000000000
     0.0000000000000000     0.0000000000000000        0.0000000000000000     0.0000000000000000        0.2742366097580055     0.0000000000000000

     Diagonalizing the dynamical matrix

     q = (     0.067750677507     0.195579359482     0.000000000000 )

***************************************************************************
   freq (    1) =    12.04775635 [THz] =   401.86983710 [cm-1]
(   0.000000  0.000000  -0.000000 -0.000000   0.655151 -0.266040 )
(   0.000000  0.000000  -0.000000  0.000000   0.461930  0.535369 )
   freq (    2) =    19.92731744 [THz] =   664.70366615 [cm-1]
(   0.000000  0.000000  -0.000000 -0.000000   0.642212 -0.295911 )
(   0.000000  0.000000  -0.000000 -0.000000  -0.486081 -0.513541 )
   freq (    3) =    23.04822357 [THz] =   768.80587416 [cm-1]
(   0.697964  0.000000  -0.067307  0.091189  -0.000000  0.000000 )
(   0.537825  0.444858   0.006256 -0.113166   0.000000  0.000000 )
   freq (    4) =    34.13348644 [THz] =  1138.57038921 [cm-1]
(  -0.173822  0.000000  -0.011413  0.685314  -0.000000  0.000000 )
(  -0.074166  0.157205  -0.624671 -0.282085   0.000000  0.000000 )
   freq (    5) =    40.93403656 [THz] =  1365.41229132 [cm-1]
(   0.663401  0.000000  -0.082823  0.230303   0.000000  0.000000 )
(  -0.524648 -0.406012  -0.075449  0.232823   0.000000 -0.000000 )
   freq (    6) =    41.71111037 [THz] =  1391.33267991 [cm-1]
(  -0.206229  0.000000  -0.484601  0.471839   0.000000  0.000000 )
(   0.195037  0.067015   0.304976  0.603705   0.000000 -0.000000 )
***************************************************************************
