Dynamical matrix file
File generated with the CellConstructor by Lorenzo Monacelli
1 2 0     1.8897259890000000     0.0000000000000000     0.0000000000000000     0.0000000000000000     0.0000000000000000     0.0000000000000000
Basis vectors
    2.4600000000000000     0.0000000000000000     0.0000000000000000
   -1.2300000000000000     2.1304224933097187     0.0000000000000000
    0.0000000000000000     0.0000000000000000    15.0000000000000000
	1  'C '  10947.3571678344233078
    1     1     0.0000000000000001    -0.0000000000000007     7.4999999999999982
    2     1     1.2299999999999998     0.7101408311032394     7.4999999999999982

     Dynamical Matrix in cartesian axes

     q = (     0.067750677507    -0.117347615689     0.000000000000 )

    1    1
     1.1619360223621094     0.0000000000000000       -0.1396304513425408     0.0148339801457263        0.0000000000000000     0.0000000000000000
    -0.1396304513425410    -0.0148339801457263        1.3231673797014798    -0.0000000000000000        0.0000000000000000     0.0000000000000000
     0.0000000000000000     0.0000000000000000        0.0000000000000000     0.0000000000000000        0.3063973090648213     0.0000000000000000
    1    2
    -0.7264474124463060     0.2082976729905343        0.0021708379720816    -0.1202607175726579       -0.0000000000000000     0.0000000000000000
     0.0021708379720816    -0.1202607175726579       -0.7289540802214027    -0.2082976729905353       -0.0000000000000000     0.0000000000000000
    -0.0000000000000000     0.0000000000000000       -0.0000000000000000     0.0000000000000000       -0.2704489320644299    -0.0000000000000002
    2    1
    -0.7264474124463060    -0.2082976729905343        0.0021708379720816     0.1202607175726579        0.0000000000000000     0.0000000000000000
     0.0021708379720816     0.1202607175726579       -0.7289540802214027     0.2082976729905353        0.0000000000000000     0.0000000000000000
     0.0000000000000000     0.0000000000000000        0.0000000000000000     0.0000000000000000       -0.2704489320644299     0.0000000000000002
    2    2
     1.1619360223621094     0.0000000000000000       -0.1396304513425408    -0.0148339801457263        0.0000000000000000     0.0000000000000000
    -0.1396304513425410     0.0148339801457263        1.3231673797014798     0.0000000000000000        0.0000000000000000     0.0000000000000000
     0.0000000000000000     0.0000000000000000        0.0000000000000000     0.0000000000000000        0.3063973090648213     0.0000000000000000

     Dynamical Matrix in cartesian axes

     q = (    -0.067750677507     0.117347615689     0.000000000000 )

    1    1
     1.1619360223621094     0.0000000000000000       -0.1396304513425408    -0.0148339801457263        0.0000000000000000     0.0000000000000000
    -0.1396304513425410     0.0148339801457263        1.3231673797014798     0.0000000000000000        0.0000000000000000     0.0000000000000000
     0.0000000000000000     0.0000000000000000        0.0000000000000000     0.0000000000000000        0.3063973090648213     0.0000000000000000
    1    2
    -0.7264474124463060    -0.2082976729905343        0.0021708379720816     0.1202607175726579       -0.0000000000000000     0.0000000000000000
     0.0021708379720816     0.1202607175726579       -0.7289540802214027     0.2082976729905353       -0.0000000000000000     0.0000000000000000
    -0.0000000000000000     0.0000000000000000       -0.0000000000000000     0.0000000000000000       -0.2704489320644299     0.0000000000000002
    2    1
    -0.7264474124463060     0.2082976729905343        0.0021708379720816    -0.1202607175726579        0.0000000000000000     0.0000000000000000
     0.0021708379720816    -0.1202607175726579       -0.7289540802214027    -0.2082976729905353        0.0000000000000000     0.0000000000000000
     0.0000000000000000     0.0000000000000000        0.0000000000000000     0.0000000000000000       -0.2704489320644299    -0.0000000000000002
    2    2
     1.1619360223621094     0.0000000000000000       -0.1396304513425408     0.0148339801457263        0.0000000000000000     0.0000000000000000
    -0.1396304513425410    -0.0148339801457263        1.3231673797014798    -0.0000000000000000        0.0000000000000000     0.0000000000000000
     0.0000000000000000     0.0000000000000000        0.0000000000000000     0.0000000000000000        0.3063973090648213     0.0000000000000000

     Dynamical Matrix in cartesian axes

     q = (    -0.067750677507    -0.117347615689     0.000000000000 )

    1    1
     1.1619360223621094     0.0000000000000000        0.1396304513425410    -0.0148339801457263        0.0000000000000000     0.0000000000000000
     0.1396304513425409     0.0148339801457263        1.3231673797014798     0.0000000000000000        0.0000000000000000     0.0000000000000000
     0.0000000000000000     0.0000000000000000        0.0000000000000000     0.0000000000000000        0.3063973090648213     0.0000000000000000
    1    2
    -0.5436147672839375    -0.5249730930381437       -0.1052342571787775     0.0582503548883827        0.0000000000000000    -0.0000000000000000
    -0.1052342571787776     0.0582503548883827       -0.1840859423202648    -0.7354415935237570        0.0000000000000000    -0.0000000000000000
    -0.0000000000000000     0.0000000000000000        0.0000000000000000    -0.0000000000000000       -0.1352244592069539    -0.2342156495347343
    2    1
    -0.5436147672839375     0.5249730930381437       -0.1052342571787775    -0.0582503548883827       -0.0000000000000000    -0.0000000000000000
    -0.1052342571787776    -0.0582503548883827       -0.1840859423202648     0.7354415935237570       -0.0000000000000000    -0.0000000000000000
     0.0000000000000000     0.0000000000000000       -0.0000000000000000    -0.0000000000000000       -0.1352244592069539     0.2342156495347343
    2    2
     1.1619360223621094     0.0000000000000000        0.1396304513425410     0.0148339801457263        0.0000000000000000     0.0000000000000000
     0.1396304513425409    -0.0148339801457263        1.3231673797014798     0.0000000000000000        0.0000000000000000     0.0000000000000000
     0.0000000000000000     0.0000000000000000        0.0000000000000000     0.0000000000000000        0.3063973090648213     0.0000000000000000

     Dynamical Matrix in cartesian axes

     q = (     0.067750677507     0.117347615689     0.000000000000 )

    1    1
     1.1619360223621094     0.0000000000000000        0.1396304513425410     0.0148339801457263        0.0000000000000000     0.0000000000000000
     0.1396304513425409    -0.0148339801457263        1.3231673797014798     0.0000000000000000        0.0000000000000000     0.0000000000000000
     0.0000000000000000     0.0000000000000000        0.0000000000000000     0.0000000000000000        0.3063973090648213     0.0000000000000000
    1    2
    -0.5436147672839375     0.5249730930381437       -0.1052342571787775    -0.0582503548883827        0.0000000000000000     0.0000000000000000
    -0.1052342571787776    -0.0582503548883827       -0.1840859423202648     0.7354415935237570        0.0000000000000000     0.0000000000000000
    -0.0000000000000000    -0.0000000000000000        0.0000000000000000     0.0000000000000000       -0.1352244592069539     0.2342156495347343
    2    1
    -0.5436147672839375    -0.5249730930381437       -0.1052342571787775     0.0582503548883827       -0.0000000000000000     0.0000000000000000
    -0.1052342571787776     0.0582503548883827       -0.1840859423202648    -0.7354415935237570       -0.0000000000000000     0.0000000000000000
     0.0000000000000000    -0.0000000000000000       -0.0000000000000000     0.0000000000000000       -0.1352244592069539    -0.2342156495347343
    2    2
     1.1619360223621094     0.0000000000000000        0.1396304513425410    -0.0148339801457263        0.0000000000000000     0.0000000000000000
     0.1396304513425409     0.0148339801457263        1.3231673797014798     0.0000000000000000        0.0000000000000000     0.0000000000000000
     0.0000000000000000     0.0000000000000000        0.0000000000000000     0.0000000000000000        0.3063973090648213     0.0000000000000000

     Dynamical Matrix in cartesian axes

     q = (     0.135501355014     0.000000000000     0.000000000000 )

    1    1
     1.4037830583711641     0.0000000000000000        0.0000000000000000    -0.0148339801457263        0.0000000000000000     0.0000000000000000
     0.0000000000000000     0.0148339801457263        1.0813203436924250    -0.0000000000000000        0.0000000000000000     0.0000000000000000
     0.0000000000000000     0.0000000000000000        0.0000000000000000     0.0000000000000000        0.3063973090648213     0.0000000000000000
    1    2
    -0.3651036886263895     0.6323781812895548       -0.2082976764950434    -0.1202607115026707        0.0000000000000000    -0.0000000000000000
    -0.2082976764950434    -0.1202607115026707       -0.3625970209778135     0.6280365052723453        0.0000000000000000    -0.0000000000000000
     0.0000000000000000    -0.0000000000000000        0.0000000000000000     0.0000000000000000       -0.1352244592069540     0.2342156495347343
    2    1
    -0.3651036886263895    -0.6323781812895548       -0.2082976764950434     0.1202607115026707        0.0000000000000000    -0.0000000000000000
    -0.2082976764950434     0.1202607115026707       -0.3625970209778135    -0.6280365052723453       -0.0000000000000000    -0.0000000000000000
    -0.0000000000000000    -0.0000000000000000       -0.0000000000000000     0.0000000000000000       -0.1352244592069540    -0.2342156495347343
    2    2
     1.4037830583711641     0.0000000000000000        0.0000000000000000     0.0148339801457263        0.0000000000000000     0.0000000000000000
     0.0000000000000000    -0.0148339801457263        1.0813203436924250     0.0000000000000000        0.0000000000000000     0.0000000000000000
     0.0000000000000000     0.0000000000000000        0.0000000000000000     0.0000000000000000        0.3063973090648213     0.0000000000000000

     Dynamical Matrix in cartesian axes

     q = (    -0.135501355014     0.000000000000     0.000000000000 )

    1    1
     1.4037830583711641     0.0000000000000000        0.0000000000000000     0.0148339801457263        0.0000000000000000     0.0000000000000000
     0.0000000000000000    -0.0148339801457263        1.0813203436924250     0.0000000000000000        0.0000000000000000     0.0000000000000000
     0.0000000000000000     0.0000000000000000        0.0000000000000000     0.0000000000000000        0.3063973090648213     0.0000000000000000
    1    2
    -0.3651036886263895    -0.6323781812895549       -0.2082976764950435     0.1202607115026707        0.0000000000000000     0.0000000000000000
    -0.2082976764950434     0.1202607115026707       -0.3625970209778134    -0.6280365052723453        0.0000000000000000     0.0000000000000000
     0.0000000000000000     0.0000000000000000        0.0000000000000000    -0.0000000000000000       -0.1352244592069540    -0.2342156495347343
    2    1
    -0.3651036886263895     0.6323781812895549       -0.2082976764950435    -0.1202607115026707        0.0000000000000000     0.0000000000000000
    -0.2082976764950434    -0.1202607115026707       -0.3625970209778134     0.6280365052723453       -0.0000000000000000     0.0000000000000000
    -0.0000000000000000     0.0000000000000000       -0.0000000000000000    -0.0000000000000000       -0.1352244592069540     0.2342156495347343
    2    2
     1.4037830583711641     0.0000000000000000        0.0000000000000000    -0.0148339801457263        0.0000000000000000     0.0000000000000000
     0.0000000000000000     0.0148339801457263        1.0813203436924250    -0.0000000000000000        0.0000000000000000     0.0000000000000000
     0.0000000000000000     0.0000000000000000        0.0000000000000000     0.0000000000000000        0.3063973090648213     0.0000000000000000

     Diagonalizing the dynamical matrix

     q = (     0.067750677507    -0.117347615689     0.000000000000 )

***************************************************************************
   freq (    1) =     5.96156488 [THz] =   198.85637091 [cm-1]
(   0.000000  0.000000   0.000000  0.000000  -0.707032 -0.010284 )
(   0.000000 -0.000000   0.000000  0.000000  -0.707032 -0.010284 )
   freq (    2) =    17.79161135 [THz] =   593.46418932 [cm-1]
(  -0.608392  0.000000  -0.342034 -0.113453   0.000000  0.000000 )
(  -0.600406 -0.098253  -0.355866  0.056726  -0.000000 -0.000000 )
   freq (    3) =    23.88089858 [THz] =   796.58091861 [cm-1]
(   0.000000  0.000000  -0.000000 -0.000000   0.705621  0.045819 )
(   0.000000  0.000000  -0.000000 -0.000000  -0.705621 -0.045819 )
   freq (    4) =    24.96231454 [THz] =   832.65306706 [cm-1]
(  -0.365892  0.000000   0.549701  0.252887   0.000000  0.000000 )
(  -0.293109 -0.219007   0.591722  0.126444  -0.000000 -0.000000 )
   freq (    5) =    42.76466420 [THz] =  1426.47544805 [cm-1]
(  -0.605081  0.000000  -0.332404 -0.152921   0.000000 -0.000000 )
(   0.590411  0.132433   0.357814 -0.076460  -0.000000  0.000000 )
   freq (    6) =    46.31743792 [THz] =  1544.98320610 [cm-1]
(  -0.360359  0.000000   0.577454  0.191542  -0.000000  0.000000 )
(   0.319910  0.165880  -0.600807 -0.095771   0.000000 -0.000000 )
***************************************************************************
