Dynamical matrix file
File generated with the CellConstructor by Lorenzo Monacelli
1 2 0     1.8897259890000000     0.0000000000000000     0.0000000000000000     0.0000000000000000     0.0000000000000000     0.0000000000000000
Basis vectors
    2.4600000000000000     0.0000000000000000     0.0000000000000000
   -1.2300000000000000     2.1304224933097187     0.0000000000000000
    0.0000000000000000     0.0000000000000000    15.0000000000000000
	1  'C '  10947.3571678344233078
    1     1     0.0000000000000001    -0.0000000000000007     7.4999999999999982
    2     1     1.2299999999999998     0.7101408311032394     7.4999999999999982

     Dynamical Matrix in cartesian axes

     q = (     0.135501355014    -0.078231743793     0.000000000000 )

    1    1
     1.3874208465302973     0.0000000000000000       -0.1962449930242709     0.0000000000000000        0.0000000000000000     0.0000000000000000
    -0.1962449930242709     0.0000000000000000        1.1608166474309396     0.0000000000000000        0.0000000000000000     0.0000000000000000
     0.0000000000000000     0.0000000000000000        0.0000000000000000     0.0000000000000000        0.2982759698099735     0.0000000000000000
    1    2
    -0.4184192078942136     0.4290679998199566       -0.1953687371383631    -0.1584145584954901        0.0000000000000000     0.0000000000000000
    -0.1953687371383631    -0.1584145584954901       -0.6440115938503561     0.2461466238381028        0.0000000000000000     0.0000000000000000
     0.0000000000000000     0.0000000000000000        0.0000000000000000     0.0000000000000000       -0.1780849012005701     0.1471174571814712
    2    1
    -0.4184192078942136    -0.4290679998199566       -0.1953687371383631     0.1584145584954901        0.0000000000000000     0.0000000000000000
    -0.1953687371383631     0.1584145584954901       -0.6440115938503561    -0.2461466238381028        0.0000000000000000     0.0000000000000000
     0.0000000000000000     0.0000000000000000        0.0000000000000000     0.0000000000000000       -0.1780849012005701    -0.1471174571814712
    2    2
     1.3874208465302973     0.0000000000000000       -0.1962449930242709     0.0000000000000000        0.0000000000000000     0.0000000000000000
    -0.1962449930242709     0.0000000000000000        1.1608166474309396     0.0000000000000000        0.0000000000000000     0.0000000000000000
     0.0000000000000000     0.0000000000000000        0.0000000000000000     0.0000000000000000        0.2982759698099735     0.0000000000000000

     Dynamical Matrix in cartesian axes

     q = (    -0.135501355014     0.078231743793     0.000000000000 )

    1    1
     1.3874208465302973     0.0000000000000000       -0.1962449930242709     0.0000000000000000        0.0000000000000000     0.0000000000000000
    -0.1962449930242709     0.0000000000000000        1.1608166474309396     0.0000000000000000        0.0000000000000000     0.0000000000000000
     0.0000000000000000     0.0000000000000000        0.0000000000000000     0.0000000000000000        0.2982759698099735     0.0000000000000000
    1    2
    -0.4184192078942136    -0.4290679998199566       -0.1953687371383631     0.1584145584954901        0.0000000000000000     0.0000000000000000
    -0.1953687371383631     0.1584145584954901       -0.6440115938503561    -0.2461466238381028        0.0000000000000000     0.0000000000000000
     0.0000000000000000     0.0000000000000000        0.0000000000000000     0.0000000000000000       -0.1780849012005701    -0.1471174571814712
    2    1
    -0.4184192078942136     0.4290679998199566       -0.1953687371383631    -0.1584145584954901        0.0000000000000000     0.0000000000000000
    -0.1953687371383631    -0.1584145584954901       -0.6440115938503561     0.2461466238381028        0.0000000000000000     0.0000000000000000
     0.0000000000000000     0.0000000000000000        0.0000000000000000     0.0000000000000000       -0.1780849012005701     0.1471174571814712
    2    2
     1.3874208465302973     0.0000000000000000       -0.1962449930242709     0.0000000000000000        0.0000000000000000     0.0000000000000000
    -0.1962449930242709     0.0000000000000000        1.1608166474309396     0.0000000000000000        0.0000000000000000     0.0000000000000000
     0.0000000000000000     0.0000000000000000        0.0000000000000000     0.0000000000000000        0.2982759698099735     0.0000000000000000

     Dynamical Matrix in cartesian axes

     q = (    -0.135501355014    -0.078231743793     0.000000000000 )

    1    1
     1.3874208465302973     0.0000000000000000        0.1962449930242712     0.0000000000000000        0.0000000000000000     0.0000000000000000
     0.1962449930242711     0.0000000000000000        1.1608166474309392     0.0000000000000000        0.0000000000000000     0.0000000000000000
     0.0000000000000000     0.0000000000000000        0.0000000000000000     0.0000000000000000        0.2982759698099735     0.0000000000000000
    1    2
    -0.1623741502254043    -0.5768956728411969       -0.2348754058001812     0.0899869965303882        0.0000000000000000     0.0000000000000000
    -0.2348754058001812     0.0899869965303881        0.1088366073041102    -0.6808037061819681        0.0000000000000000     0.0000000000000000
     0.0000000000000000     0.0000000000000000        0.0000000000000000     0.0000000000000000       -0.0383649913833196    -0.2277847792968544
    2    1
    -0.1623741502254043     0.5768956728411969       -0.2348754058001812    -0.0899869965303882        0.0000000000000000     0.0000000000000000
    -0.2348754058001812    -0.0899869965303881        0.1088366073041102     0.6808037061819681        0.0000000000000000     0.0000000000000000
     0.0000000000000000     0.0000000000000000        0.0000000000000000     0.0000000000000000       -0.0383649913833196     0.2277847792968544
    2    2
     1.3874208465302973     0.0000000000000000        0.1962449930242712     0.0000000000000000        0.0000000000000000     0.0000000000000000
     0.1962449930242711     0.0000000000000000        1.1608166474309392     0.0000000000000000        0.0000000000000000     0.0000000000000000
     0.0000000000000000     0.0000000000000000        0.0000000000000000     0.0000000000000000        0.2982759698099735     0.0000000000000000

     Dynamical Matrix in cartesian axes

     q = (     0.135501355014     0.078231743793     0.000000000000 )

    1    1
     1.3874208465302973     0.0000000000000000        0.1962449930242712     0.0000000000000000        0.0000000000000000     0.0000000000000000
     0.1962449930242711     0.0000000000000000        1.1608166474309392     0.0000000000000000        0.0000000000000000     0.0000000000000000
     0.0000000000000000     0.0000000000000000        0.0000000000000000     0.0000000000000000        0.2982759698099735     0.0000000000000000
    1    2
    -0.1623741502254043     0.5768956728411969       -0.2348754058001812    -0.0899869965303882        0.0000000000000000     0.0000000000000000
    -0.2348754058001812    -0.0899869965303881        0.1088366073041102     0.6808037061819681        0.0000000000000000     0.0000000000000000
     0.0000000000000000     0.0000000000000000        0.0000000000000000     0.0000000000000000       -0.0383649913833196     0.2277847792968544
    2    1
    -0.1623741502254043    -0.5768956728411969       -0.2348754058001812     0.0899869965303882        0.0000000000000000     0.0000000000000000
    -0.2348754058001812     0.0899869965303881        0.1088366073041102    -0.6808037061819681        0.0000000000000000     0.0000000000000000
     0.0000000000000000     0.0000000000000000        0.0000000000000000     0.0000000000000000       -0.0383649913833196    -0.2277847792968544
    2    2
     1.3874208465302973     0.0000000000000000        0.1962449930242712     0.0000000000000000        0.0000000000000000     0.0000000000000000
     0.1962449930242711     0.0000000000000000        1.1608166474309392     0.0000000000000000        0.0000000000000000     0.0000000000000000
     0.0000000000000000     0.0000000000000000        0.0000000000000000     0.0000000000000000        0.2982759698099735     0.0000000000000000

     Dynamical Matrix in cartesian axes

     q = (    -0.000000000000    -0.156463487585     0.000000000000 )

    1    1
     1.0475145478812600     0.0000000000000000        0.0000000000000000     0.0000000000000000        0.0000000000000000     0.0000000000000000
     0.0000000000000001     0.0000000000000000        1.5007229460799769     0.0000000000000000        0.0000000000000000     0.0000000000000000
     0.0000000000000000     0.0000000000000000        0.0000000000000000     0.0000000000000000        0.2982759698099735     0.0000000000000000
    1    2
    -0.7568077868284269    -0.1546859358471769        0.0000000000000000     0.0000000000000000        0.0000000000000000     0.0000000000000000
     0.0000000000000000     0.0000000000000000       -0.3056230149161417    -0.5205286878108841        0.0000000000000000     0.0000000000000000
     0.0000000000000000     0.0000000000000000        0.0000000000000000     0.0000000000000000       -0.1780849012005699    -0.1471174571814715
    2    1
    -0.7568077868284269     0.1546859358471769        0.0000000000000000    -0.0000000000000000        0.0000000000000000     0.0000000000000000
     0.0000000000000000    -0.0000000000000000       -0.3056230149161417     0.5205286878108841        0.0000000000000000     0.0000000000000000
     0.0000000000000000     0.0000000000000000        0.0000000000000000     0.0000000000000000       -0.1780849012005699     0.1471174571814715
    2    2
     1.0475145478812600     0.0000000000000000        0.0000000000000000     0.0000000000000000        0.0000000000000000     0.0000000000000000
     0.0000000000000001     0.0000000000000000        1.5007229460799769     0.0000000000000000        0.0000000000000000     0.0000000000000000
     0.0000000000000000     0.0000000000000000        0.0000000000000000     0.0000000000000000        0.2982759698099735     0.0000000000000000

     Dynamical Matrix in cartesian axes

     q = (     0.000000000000     0.156463487585     0.000000000000 )

    1    1
     1.0475145478812600     0.0000000000000000        0.0000000000000000     0.0000000000000000        0.0000000000000000     0.0000000000000000
     0.0000000000000001     0.0000000000000000        1.5007229460799769     0.0000000000000000        0.0000000000000000     0.0000000000000000
     0.0000000000000000     0.0000000000000000        0.0000000000000000     0.0000000000000000        0.2982759698099735     0.0000000000000000
    1    2
    -0.7568077868284269     0.1546859358471769        0.0000000000000000    -0.0000000000000000        0.0000000000000000     0.0000000000000000
     0.0000000000000000    -0.0000000000000000       -0.3056230149161417     0.5205286878108841        0.0000000000000000     0.0000000000000000
     0.0000000000000000     0.0000000000000000        0.0000000000000000     0.0000000000000000       -0.1780849012005699     0.1471174571814715
    2    1
    -0.7568077868284269    -0.1546859358471769        0.0000000000000000     0.0000000000000000        0.0000000000000000     0.0000000000000000
     0.0000000000000000     0.0000000000000000       -0.3056230149161417    -0.5205286878108841        0.0000000000000000     0.0000000000000000
     0.0000000000000000     0.0000000000000000        0.0000000000000000     0.0000000000000000       -0.1780849012005699    -0.1471174571814715
    2    2
     1.0475145478812600     0.0000000000000000        0.0000000000000000     0.0000000000000000        0.0000000000000000     0.0000000000000000
     0.0000000000000001     0.0000000000000000        1.5007229460799769     0.0000000000000000        0.0000000000000000     0.0000000000000000
     0.0000000000000000     0.0000000000000000        0.0000000000000000     0.0000000000000000        0.2982759698099735     0.0000000000000000

     Diagonalizing the dynamical matrix

     q = (     0.135501355014    -0.078231743793     0.000000000000 )

***************************************************************************
   freq (    1) =     8.15592309 [THz] =   272.05227166 [cm-1]
(   0.000000  0.000000   0.000000  0.000000   0.677075 -0.203885 )
(   0.000000  0.000000   0.000000  0.000000   0.651846  0.274037 )
   freq (    2) =    16.49052509 [THz] =   550.06462941 [cm-1]
(  -0.353553  0.000000  -0.612372  0.000000   0.000000 -0.000000 )
(  -0.346392 -0.070800  -0.599968 -0.122629   0.000000  0.000000 )
   freq (    3) =    22.87488176 [THz] =   763.02381444 [cm-1]
(  -0.000000  0.000000  -0.000000  0.000000   0.630492 -0.320125 )
(  -0.000000 -0.000000  -0.000000 -0.000000  -0.689965 -0.154753 )
   freq (    4) =    29.78119260 [THz] =   993.39351435 [cm-1]
(   0.612372  0.000000  -0.353553 -0.000000   0.000000 -0.000000 )
(   0.310055  0.528077  -0.179010 -0.304886  -0.000000 -0.000000 )
   freq (    5) =    42.41823727 [THz] =  1414.91989089 [cm-1]
(   0.353553  0.000000   0.612372  0.000000   0.000000  0.000000 )
(  -0.346392 -0.070800  -0.599968 -0.122629   0.000000 -0.000000 )
   freq (    6) =    45.61196226 [THz] =  1521.45107453 [cm-1]
(  -0.612372  0.000000   0.353553  0.000000   0.000000  0.000000 )
(   0.310055  0.528077  -0.179010 -0.304886   0.000000 -0.000000 )
***************************************************************************
