Dynamical matrix file
File generated with the CellConstructor by Lorenzo Monacelli
1 2 0     1.8897259890000000     0.0000000000000000     0.0000000000000000     0.0000000000000000     0.0000000000000000     0.0000000000000000
Basis vectors
    2.4600000000000000     0.0000000000000000     0.0000000000000000
   -1.2300000000000000     2.1304224933097187     0.0000000000000000
    0.0000000000000000     0.0000000000000000    15.0000000000000000
	1  'C '  10947.3571678344233078
    1     1     0.0000000000000001    -0.0000000000000007     7.4999999999999982
    2     1     1.2299999999999998     0.7101408311032394     7.4999999999999982

     Dynamical Matrix in cartesian axes

     q = (    -0.203252032520     0.117347615689     0.000000000000 )

    1    1
     1.4595415821250697     0.0000000000000000       -0.2398009511483637     0.0000000000000000        0.0000000000000000     0.0000000000000000
    -0.2398009511483638     0.0000000000000000        1.1826432947301977     0.0000000000000000        0.0000000000000000     0.0000000000000000
     0.0000000000000000     0.0000000000000000        0.0000000000000000     0.0000000000000000        0.2757902506483501     0.0000000000000000
    1    2
    -0.1553007959405112    -0.0000000045256090       -0.3131522678385439    -0.0000000091255470       -0.0000000000000000    -0.0000000000000000
    -0.3131522678385439    -0.0000000091255470       -0.5168978882083615    -0.0000000150628830       -0.0000000000000000     0.0000000000000000
    -0.0000000000000000     0.0000000000000000       -0.0000000000000000     0.0000000000000000       -0.0798673373875778    -0.0000000023274081
    2    1
    -0.1553007959405112     0.0000000045256090       -0.3131522678385439     0.0000000091255470        0.0000000000000000    -0.0000000000000000
    -0.3131522678385439     0.0000000091255470       -0.5168978882083615     0.0000000150628830        0.0000000000000000     0.0000000000000000
     0.0000000000000000     0.0000000000000000        0.0000000000000000     0.0000000000000000       -0.0798673373875778     0.0000000023274081
    2    2
     1.4595415821250697     0.0000000000000000       -0.2398009511483637     0.0000000000000000        0.0000000000000000     0.0000000000000000
    -0.2398009511483638     0.0000000000000000        1.1826432947301977     0.0000000000000000        0.0000000000000000     0.0000000000000000
    -0.0000000000000000     0.0000000000000000       -0.0000000000000000     0.0000000000000000        0.2757902506483501     0.0000000000000000

     Dynamical Matrix in cartesian axes

     q = (     0.203252032520     0.117347615689     0.000000000000 )

    1    1
     1.4595415821250697     0.0000000000000000        0.2398009511483636     0.0000000000000000        0.0000000000000000     0.0000000000000000
     0.2398009511483635     0.0000000000000000        1.1826432947301981     0.0000000000000000        0.0000000000000000     0.0000000000000000
     0.0000000000000000     0.0000000000000000        0.0000000000000000     0.0000000000000000        0.2757902506483501     0.0000000000000000
    1    2
     0.1553007959405110    -0.0000000090512182       -0.3131522678385435     0.0000000182510945       -0.0000000000000000     0.0000000000000000
    -0.3131522678385434     0.0000000182510945        0.5168978882083608    -0.0000000301257669       -0.0000000000000000    -0.0000000000000000
    -0.0000000000000000     0.0000000000000000       -0.0000000000000000     0.0000000000000000        0.0798673373875777    -0.0000000046548164
    2    1
     0.1553007959405110     0.0000000090512182       -0.3131522678385435    -0.0000000182510945        0.0000000000000000     0.0000000000000000
    -0.3131522678385434    -0.0000000182510945        0.5168978882083608     0.0000000301257669        0.0000000000000000    -0.0000000000000000
     0.0000000000000000     0.0000000000000000        0.0000000000000000     0.0000000000000000        0.0798673373875777     0.0000000046548164
    2    2
     1.4595415821250697     0.0000000000000000        0.2398009511483636     0.0000000000000000        0.0000000000000000     0.0000000000000000
     0.2398009511483635     0.0000000000000000        1.1826432947301981     0.0000000000000000        0.0000000000000000     0.0000000000000000
    -0.0000000000000000     0.0000000000000000       -0.0000000000000000     0.0000000000000000        0.2757902506483501     0.0000000000000000

     Dynamical Matrix in cartesian axes

     q = (     0.000000000000     0.234695231378     0.000000000000 )

    1    1
     1.0441941510327617     0.0000000000000000        0.0000000000000001     0.0000000000000000        0.0000000000000000     0.0000000000000000
     0.0000000000000001     0.0000000000000000        1.5979907258225063     0.0000000000000000        0.0000000000000000     0.0000000000000000
     0.0000000000000000     0.0000000000000000        0.0000000000000000     0.0000000000000000        0.2757902506483501     0.0000000000000000
    1    2
    -0.6976964343422863     0.0000000203315213        0.0000000000000000     0.0000000000000000        0.0000000000000000    -0.0000000000000000
     0.0000000000000000     0.0000000000000000        0.0254977501934139    -0.0000000007430281       -0.0000000000000000    -0.0000000000000000
    -0.0000000000000000     0.0000000000000000       -0.0000000000000000    -0.0000000000000000       -0.0798673373875778     0.0000000023274083
    2    1
    -0.6976964343422863    -0.0000000203315213        0.0000000000000000    -0.0000000000000000       -0.0000000000000000    -0.0000000000000000
     0.0000000000000000    -0.0000000000000000        0.0254977501934139     0.0000000007430281        0.0000000000000000    -0.0000000000000000
     0.0000000000000000     0.0000000000000000        0.0000000000000000    -0.0000000000000000       -0.0798673373875778    -0.0000000023274083
    2    2
     1.0441941510327617     0.0000000000000000        0.0000000000000001     0.0000000000000000        0.0000000000000000     0.0000000000000000
     0.0000000000000001     0.0000000000000000        1.5979907258225063     0.0000000000000000        0.0000000000000000     0.0000000000000000
    -0.0000000000000000     0.0000000000000000       -0.0000000000000000     0.0000000000000000        0.2757902506483501     0.0000000000000000

     Diagonalizing the dynamical matrix

     q = (    -0.203252032520     0.117347615689     0.000000000000 )

***************************************************************************
   freq (    1) =    13.91756459 [THz] =   464.23991762 [cm-1]
(   0.000000  0.000000   0.000000 -0.000000   0.707107 -0.000000 )
(   0.000000 -0.000000   0.000000  0.000000   0.707107 -0.000000 )
   freq (    2) =    18.50848278 [THz] =   617.37644279 [cm-1]
(   0.353553  0.000000   0.612372 -0.000000   0.000000 -0.000000 )
(   0.353553 -0.000000   0.612372 -0.000000  -0.000000  0.000000 )
   freq (    3) =    18.75152832 [THz] =   625.48356818 [cm-1]
(  -0.000000  0.000000  -0.000000 -0.000000   0.707107 -0.000000 )
(  -0.000000  0.000000  -0.000000  0.000000  -0.707107  0.000000 )
   freq (    4) =    39.42892964 [THz] =  1315.20733598 [cm-1]
(  -0.612372  0.000000   0.353553  0.000000  -0.000000  0.000000 )
(   0.612372 -0.000000  -0.353553  0.000000   0.000000 -0.000000 )
   freq (    5) =    40.06316316 [THz] =  1336.36308581 [cm-1]
(   0.612372  0.000000  -0.353553  0.000000   0.000000  0.000000 )
(   0.612372 -0.000000  -0.353553  0.000000  -0.000000 -0.000000 )
   freq (    6) =    41.49837268 [THz] =  1384.23651537 [cm-1]
(  -0.353553  0.000000  -0.612372  0.000000   0.000000 -0.000000 )
(   0.353553 -0.000000   0.612372 -0.000000  -0.000000  0.000000 )
***************************************************************************
