Dynamical matrix file
File generated with the CellConstructor by Lorenzo Monacelli
1 2 0     1.8897259890000000     0.0000000000000000     0.0000000000000000     0.0000000000000000     0.0000000000000000     0.0000000000000000
Basis vectors
    2.4600000000000000     0.0000000000000000     0.0000000000000000
   -1.2300000000000000     2.1304224933097187     0.0000000000000000
    0.0000000000000000     0.0000000000000000    15.0000000000000000
	1  'C '  10947.3571678344233078
    1     1     0.0000000000000001    -0.0000000000000007     7.4999999999999982
    2     1     1.2299999999999998     0.7101408311032394     7.4999999999999982

     Dynamical Matrix in cartesian axes

     q = (     0.067750677507    -0.039115871896     0.000000000000 )

    1    1
     1.2206303185748442     0.0000000000000000       -0.0877115661265699     0.0000000000000000        0.0000000000000000     0.0000000000000000
    -0.0877115661265699     0.0000000000000000        1.1193497259464071     0.0000000000000000       -0.0000000000000000     0.0000000000000000
     0.0000000000000000     0.0000000000000000       -0.0000000000000000     0.0000000000000000        0.3293650469312581     0.0000000000000000
    1    2
    -0.9067432037492849     0.3989257762211973       -0.0250605513192108    -0.1190607873420625        0.0000000000000000     0.0000000000000000
    -0.0250605513192108    -0.1190607873420625       -0.9356806358496589     0.2614462209774603        0.0000000000000000     0.0000000000000000
     0.0000000000000000     0.0000000000000000        0.0000000000000000     0.0000000000000000       -0.3039559415894766     0.1118731503931894
    2    1
    -0.9067432037492849    -0.3989257762211973       -0.0250605513192108     0.1190607873420625        0.0000000000000000     0.0000000000000000
    -0.0250605513192108     0.1190607873420625       -0.9356806358496589    -0.2614462209774603        0.0000000000000000     0.0000000000000000
     0.0000000000000000     0.0000000000000000        0.0000000000000000     0.0000000000000000       -0.3039559415894766    -0.1118731503931894
    2    2
     1.2206303185748442     0.0000000000000000       -0.0877115661265699     0.0000000000000000        0.0000000000000000     0.0000000000000000
    -0.0877115661265699     0.0000000000000000        1.1193497259464071     0.0000000000000000        0.0000000000000000     0.0000000000000000
     0.0000000000000000     0.0000000000000000        0.0000000000000000     0.0000000000000000        0.3293650469312581     0.0000000000000000

     Dynamical Matrix in cartesian axes

     q = (    -0.067750677507     0.039115871896     0.000000000000 )

    1    1
     1.2206303185748442     0.0000000000000000       -0.0877115661265699     0.0000000000000000        0.0000000000000000     0.0000000000000000
    -0.0877115661265699     0.0000000000000000        1.1193497259464071     0.0000000000000000       -0.0000000000000000     0.0000000000000000
     0.0000000000000000     0.0000000000000000       -0.0000000000000000     0.0000000000000000        0.3293650469312581     0.0000000000000000
    1    2
    -0.9067432037492849    -0.3989257762211973       -0.0250605513192108     0.1190607873420625        0.0000000000000000     0.0000000000000000
    -0.0250605513192107     0.1190607873420625       -0.9356806358496589    -0.2614462209774603        0.0000000000000000     0.0000000000000000
     0.0000000000000000     0.0000000000000000        0.0000000000000000     0.0000000000000000       -0.3039559415894766    -0.1118731503931894
    2    1
    -0.9067432037492849     0.3989257762211973       -0.0250605513192108    -0.1190607873420625        0.0000000000000000     0.0000000000000000
    -0.0250605513192107    -0.1190607873420625       -0.9356806358496589     0.2614462209774603        0.0000000000000000     0.0000000000000000
     0.0000000000000000     0.0000000000000000        0.0000000000000000     0.0000000000000000       -0.3039559415894766     0.1118731503931894
    2    2
     1.2206303185748442     0.0000000000000000       -0.0877115661265699     0.0000000000000000        0.0000000000000000     0.0000000000000000
    -0.0877115661265699     0.0000000000000000        1.1193497259464071     0.0000000000000000        0.0000000000000000     0.0000000000000000
     0.0000000000000000     0.0000000000000000        0.0000000000000000     0.0000000000000000        0.3293650469312581     0.0000000000000000

     Dynamical Matrix in cartesian axes

     q = (    -0.067750677507    -0.039115871896     0.000000000000 )

    1    1
     1.2206303185748442     0.0000000000000000        0.0877115661265696     0.0000000000000000        0.0000000000000000     0.0000000000000000
     0.0877115661265696     0.0000000000000000        1.1193497259464074     0.0000000000000000        0.0000000000000000     0.0000000000000000
     0.0000000000000000     0.0000000000000000        0.0000000000000000     0.0000000000000000        0.3293650469312581     0.0000000000000000
    1    2
    -0.7988514412358776    -0.5857997843244426       -0.0905793931404160     0.0812334651067440        0.0000000000000000     0.0000000000000000
    -0.0905793931404160     0.0812334651067440       -0.6942593672105735    -0.6796001102176122        0.0000000000000000     0.0000000000000000
     0.0000000000000000     0.0000000000000000        0.0000000000000000     0.0000000000000000       -0.2488629549958109    -0.2072969991032082
    2    1
    -0.7988514412358776     0.5857997843244426       -0.0905793931404160    -0.0812334651067440        0.0000000000000000     0.0000000000000000
    -0.0905793931404160    -0.0812334651067440       -0.6942593672105735     0.6796001102176122        0.0000000000000000     0.0000000000000000
     0.0000000000000000     0.0000000000000000        0.0000000000000000     0.0000000000000000       -0.2488629549958109     0.2072969991032082
    2    2
     1.2206303185748442     0.0000000000000000        0.0877115661265696     0.0000000000000000        0.0000000000000000     0.0000000000000000
     0.0877115661265696     0.0000000000000000        1.1193497259464074     0.0000000000000000        0.0000000000000000     0.0000000000000000
     0.0000000000000000     0.0000000000000000        0.0000000000000000     0.0000000000000000        0.3293650469312581     0.0000000000000000

     Dynamical Matrix in cartesian axes

     q = (     0.067750677507     0.039115871896     0.000000000000 )

    1    1
     1.2206303185748442     0.0000000000000000        0.0877115661265696     0.0000000000000000        0.0000000000000000     0.0000000000000000
     0.0877115661265696     0.0000000000000000        1.1193497259464074     0.0000000000000000        0.0000000000000000     0.0000000000000000
     0.0000000000000000     0.0000000000000000        0.0000000000000000     0.0000000000000000        0.3293650469312581     0.0000000000000000
    1    2
    -0.7988514412358776     0.5857997843244426       -0.0905793931404160    -0.0812334651067440        0.0000000000000000     0.0000000000000000
    -0.0905793931404160    -0.0812334651067440       -0.6942593672105735     0.6796001102176122        0.0000000000000000     0.0000000000000000
     0.0000000000000000     0.0000000000000000        0.0000000000000000     0.0000000000000000       -0.2488629549958109     0.2072969991032082
    2    1
    -0.7988514412358776    -0.5857997843244426       -0.0905793931404160     0.0812334651067440        0.0000000000000000     0.0000000000000000
    -0.0905793931404160     0.0812334651067440       -0.6942593672105735    -0.6796001102176122        0.0000000000000000     0.0000000000000000
     0.0000000000000000     0.0000000000000000        0.0000000000000000     0.0000000000000000       -0.2488629549958109    -0.2072969991032082
    2    2
     1.2206303185748442     0.0000000000000000        0.0877115661265696     0.0000000000000000        0.0000000000000000     0.0000000000000000
     0.0877115661265696     0.0000000000000000        1.1193497259464074     0.0000000000000000        0.0000000000000000     0.0000000000000000
     0.0000000000000000     0.0000000000000000        0.0000000000000000     0.0000000000000000        0.3293650469312581     0.0000000000000000

     Dynamical Matrix in cartesian axes

     q = (    -0.000000000000    -0.078231743793     0.000000000000 )

    1    1
     1.0687094296321882     0.0000000000000000       -0.0000000000000000     0.0000000000000000        0.0000000000000000     0.0000000000000000
     0.0000000000000000     0.0000000000000000        1.2712706148890636     0.0000000000000000        0.0000000000000000     0.0000000000000000
     0.0000000000000000     0.0000000000000000        0.0000000000000000     0.0000000000000000        0.3293650469312581     0.0000000000000000
    1    2
    -0.9501493518998451    -0.1927064433555924        0.0000000000000000     0.0000000000000000        0.0000000000000000     0.0000000000000000
     0.0000000000000000     0.0000000000000000       -0.8922744876990981    -0.4676655538430668        0.0000000000000000     0.0000000000000000
     0.0000000000000000     0.0000000000000000        0.0000000000000000     0.0000000000000000       -0.3039559415894766    -0.1118731503931896
    2    1
    -0.9501493518998451     0.1927064433555924        0.0000000000000000     0.0000000000000000        0.0000000000000000     0.0000000000000000
     0.0000000000000000     0.0000000000000000       -0.8922744876990981     0.4676655538430668        0.0000000000000000     0.0000000000000000
     0.0000000000000000     0.0000000000000000        0.0000000000000000     0.0000000000000000       -0.3039559415894766     0.1118731503931896
    2    2
     1.0687094296321882     0.0000000000000000       -0.0000000000000000     0.0000000000000000        0.0000000000000000     0.0000000000000000
     0.0000000000000000     0.0000000000000000        1.2712706148890636     0.0000000000000000        0.0000000000000000     0.0000000000000000
     0.0000000000000000     0.0000000000000000        0.0000000000000000     0.0000000000000000        0.3293650469312581     0.0000000000000000

     Dynamical Matrix in cartesian axes

     q = (     0.000000000000     0.078231743793     0.000000000000 )

    1    1
     1.0687094296321882     0.0000000000000000       -0.0000000000000000     0.0000000000000000        0.0000000000000000     0.0000000000000000
     0.0000000000000000     0.0000000000000000        1.2712706148890636     0.0000000000000000        0.0000000000000000     0.0000000000000000
     0.0000000000000000     0.0000000000000000        0.0000000000000000     0.0000000000000000        0.3293650469312581     0.0000000000000000
    1    2
    -0.9501493518998451     0.1927064433555924        0.0000000000000000     0.0000000000000000        0.0000000000000000     0.0000000000000000
     0.0000000000000000     0.0000000000000000       -0.8922744876990981     0.4676655538430668        0.0000000000000000     0.0000000000000000
     0.0000000000000000     0.0000000000000000        0.0000000000000000     0.0000000000000000       -0.3039559415894766     0.1118731503931896
    2    1
    -0.9501493518998451    -0.1927064433555924        0.0000000000000000     0.0000000000000000        0.0000000000000000     0.0000000000000000
     0.0000000000000000     0.0000000000000000       -0.8922744876990981    -0.4676655538430668        0.0000000000000000     0.0000000000000000
     0.0000000000000000     0.0000000000000000        0.0000000000000000     0.0000000000000000       -0.3039559415894766    -0.1118731503931896
    2    2
     1.0687094296321882     0.0000000000000000       -0.0000000000000000     0.0000000000000000        0.0000000000000000     0.0000000000000000
     0.0000000000000000     0.0000000000000000        1.2712706148890636     0.0000000000000000        0.0000000000000000     0.0000000000000000
     0.0000000000000000     0.0000000000000000        0.0000000000000000     0.0000000000000000        0.3293650469312581     0.0000000000000000

     Diagonalizing the dynamical matrix

     q = (     0.067750677507    -0.039115871896     0.000000000000 )

***************************************************************************
   freq (    1) =     2.32653400 [THz] =    77.60480984 [cm-1]
(  -0.000000  0.000000  -0.000000  0.000000   0.683455 -0.181352 )
(  -0.000000 -0.000000  -0.000000 -0.000000   0.704031  0.065878 )
   freq (    2) =     9.90396664 [THz] =   330.36072000 [cm-1]
(   0.353553  0.000000   0.612372  0.000000   0.000000 -0.000000 )
(   0.346499  0.070276   0.600153  0.121721   0.000000  0.000000 )
   freq (    3) =    16.15146912 [THz] =   538.75494127 [cm-1]
(  -0.612372  0.000000   0.353553  0.000000   0.000000 -0.000000 )
(  -0.542388 -0.284280   0.313148  0.164129   0.000000  0.000000 )
   freq (    4) =    25.41335836 [THz] =   847.69826751 [cm-1]
(  -0.000000  0.000000   0.000000  0.000000   0.705289  0.050670 )
(  -0.000000 -0.000000   0.000000  0.000000  -0.644379 -0.291162 )
   freq (    5) =    44.88946679 [THz] =  1497.35122306 [cm-1]
(   0.353553  0.000000   0.612372  0.000000   0.000000  0.000000 )
(  -0.346499 -0.070276  -0.600153 -0.121721  -0.000000 -0.000000 )
   freq (    6) =    47.46373197 [THz] =  1583.21945458 [cm-1]
(  -0.612372  0.000000   0.353553  0.000000   0.000000  0.000000 )
(   0.542388  0.284280  -0.313148 -0.164129  -0.000000 -0.000000 )
***************************************************************************
