Dynamical matrix file
File generated with the CellConstructor by Lorenzo Monacelli
1 2 0     1.8897259890000000     0.0000000000000000     0.0000000000000000     0.0000000000000000     0.0000000000000000     0.0000000000000000
Basis vectors
    2.4600000000000000     0.0000000000000000     0.0000000000000000
   -1.2300000000000000     2.1304224933097187     0.0000000000000000
    0.0000000000000000     0.0000000000000000    15.0000000000000000
	1  'C '  10947.3571678344233078
    1     1     0.0000000000000001    -0.0000000000000007     7.4999999999999982
    2     1     1.2299999999999998     0.7101408311032394     7.4999999999999982

     Dynamical Matrix in cartesian axes

     q = (    -0.271002710027     0.000000000000     0.000000000000 )

    1    1
     1.2529617943432738     0.0000000000000000       -0.0000000000000001     0.0621258386882627        0.0000000000000000     0.0000000000000000
    -0.0000000000000002    -0.0621258386882627        1.2529617943432740     0.0000000000000000        0.0000000000000000     0.0000000000000000
     0.0000000000000000     0.0000000000000000        0.0000000000000000     0.0000000000000000        0.2590065888312231     0.0000000000000000
    1    2
    -0.0748830620411482     0.1297012506243084       -0.1297012506243084    -0.0748830620411482        0.0000000000000000     0.0000000000000000
    -0.1297012506243084    -0.0748830620411482        0.0748830620411483    -0.1297012506243084        0.0000000000000000     0.0000000000000000
     0.0000000000000000     0.0000000000000000        0.0000000000000000     0.0000000000000000        0.0000000000000000    -0.0000000000000000
    2    1
    -0.0748830620411482    -0.1297012506243084       -0.1297012506243084     0.0748830620411482        0.0000000000000000     0.0000000000000000
    -0.1297012506243084     0.0748830620411482        0.0748830620411483     0.1297012506243084        0.0000000000000000     0.0000000000000000
     0.0000000000000000     0.0000000000000000        0.0000000000000000     0.0000000000000000        0.0000000000000000     0.0000000000000000
    2    2
     1.2529617943432738     0.0000000000000000       -0.0000000000000001    -0.0621258386882627        0.0000000000000000     0.0000000000000000
    -0.0000000000000002     0.0621258386882627        1.2529617943432740     0.0000000000000000        0.0000000000000000     0.0000000000000000
     0.0000000000000000     0.0000000000000000        0.0000000000000000     0.0000000000000000        0.2590065888312231     0.0000000000000000

     Dynamical Matrix in cartesian axes

     q = (     0.271002710027     0.000000000000     0.000000000000 )

    1    1
     1.2529617943432738     0.0000000000000000       -0.0000000000000001    -0.0621258386882627        0.0000000000000000     0.0000000000000000
    -0.0000000000000002     0.0621258386882627        1.2529617943432740     0.0000000000000000        0.0000000000000000     0.0000000000000000
     0.0000000000000000     0.0000000000000000        0.0000000000000000     0.0000000000000000        0.2590065888312231     0.0000000000000000
    1    2
    -0.0748830620411482    -0.1297012506243084       -0.1297012506243084     0.0748830620411483        0.0000000000000000     0.0000000000000000
    -0.1297012506243084     0.0748830620411482        0.0748830620411483     0.1297012506243084        0.0000000000000000     0.0000000000000000
     0.0000000000000000     0.0000000000000000        0.0000000000000000     0.0000000000000000        0.0000000000000000     0.0000000000000000
    2    1
    -0.0748830620411482     0.1297012506243084       -0.1297012506243084    -0.0748830620411483        0.0000000000000000     0.0000000000000000
    -0.1297012506243084    -0.0748830620411482        0.0748830620411483    -0.1297012506243084        0.0000000000000000     0.0000000000000000
     0.0000000000000000     0.0000000000000000        0.0000000000000000     0.0000000000000000        0.0000000000000000    -0.0000000000000000
    2    2
     1.2529617943432738     0.0000000000000000       -0.0000000000000001     0.0621258386882627        0.0000000000000000     0.0000000000000000
    -0.0000000000000002    -0.0621258386882627        1.2529617943432740     0.0000000000000000        0.0000000000000000     0.0000000000000000
     0.0000000000000000     0.0000000000000000        0.0000000000000000     0.0000000000000000        0.2590065888312231     0.0000000000000000

     Diagonalizing the dynamical matrix

     q = (    -0.271002710027     0.000000000000     0.000000000000 )

***************************************************************************
   freq (    1) =    16.00206524 [THz] =   533.77136497 [cm-1]
(  -0.000000  0.000000  -0.000000 -0.000000  -0.998193 -0.060095 )
(   0.000000 -0.000000   0.000000  0.000000   0.000000  0.000000 )
   freq (    2) =    16.00206524 [THz] =   533.77136497 [cm-1]
(   0.000000  0.000000   0.000000  0.000000  -0.000000 -0.000000 )
(  -0.000000  0.000000  -0.000000 -0.000000  -0.447052 -0.894508 )
   freq (    3) =    29.68475675 [THz] =   990.17676104 [cm-1]
(  -0.500000  0.000000   0.000000 -0.500000   0.000000  0.000000 )
(  -0.250000 -0.433013  -0.433013  0.250000  -0.000000 -0.000000 )
   freq (    4) =    36.05769638 [THz] =  1202.75511472 [cm-1]
(  -0.518429  0.000000  -0.000000  0.518429  -0.000000 -0.000000 )
(  -0.439421  0.195298  -0.195298 -0.439421   0.000000  0.000000 )
   freq (    5) =    36.05769638 [THz] =  1202.75511472 [cm-1]
(   0.480866  0.000000   0.000000 -0.480866  -0.000000 -0.000000 )
(  -0.473746  0.210554  -0.210554 -0.473746   0.000000  0.000000 )
   freq (    6) =    38.38551878 [THz] =  1280.40290093 [cm-1]
(   0.500000  0.000000  -0.000000  0.500000  -0.000000 -0.000000 )
(  -0.250000 -0.433013  -0.433013  0.250000  -0.000000 -0.000000 )
***************************************************************************
