Dynamical matrix file
File generated with the CellConstructor by Lorenzo Monacelli
1 2 0     1.8897259890000000     0.0000000000000000     0.0000000000000000     0.0000000000000000     0.0000000000000000     0.0000000000000000
Basis vectors
    2.4600000000000000     0.0000000000000000     0.0000000000000000
   -1.2300000000000000     2.1304224933097187     0.0000000000000000
    0.0000000000000000     0.0000000000000000    15.0000000000000000
	1  'C '  10947.3571678344233078
    1     1     0.0000000000000001    -0.0000000000000007     7.4999999999999982
    2     1     1.2299999999999998     0.7101408311032394     7.4999999999999982

     Dynamical Matrix in cartesian axes

     q = (     0.067750677507     0.195579359482     0.000000000000 )

    1    1
     1.0876004260343506    -0.0000000000000000        0.0594734351673201     0.0183965906371632        0.0000000000000000    -0.0000000000000000
     0.0594734351673202    -0.0183965906371632        1.4257648986472973    -0.0000000000000000       -0.0000000000000000    -0.0000000000000000
     0.0000000000000000     0.0000000000000000       -0.0000000000000000     0.0000000000000000        0.2687270762455706     0.0000000000000000
    1    2
    -0.4227810070809480     0.3334428763758615       -0.0612114204549527    -0.0503502999646308       -0.0000000000000000    -0.0000000000000000
    -0.0612114204549527    -0.0503502999646308        0.0998029274089490     0.2554256074567151       -0.0000000000000000     0.0000000000000000
    -0.0000000000000000     0.0000000000000000       -0.0000000000000000    -0.0000000000000000       -0.0402007150518743     0.1198266573923992
    2    1
    -0.4227810070809479    -0.3334428763758615       -0.0612114204549527     0.0503502999646308       -0.0000000000000000    -0.0000000000000000
    -0.0612114204549527     0.0503502999646308        0.0998029274089490    -0.2554256074567151       -0.0000000000000000     0.0000000000000000
    -0.0000000000000000     0.0000000000000000       -0.0000000000000000    -0.0000000000000000       -0.0402007150518743    -0.1198266573923992
    2    2
     1.0876004260343506     0.0000000000000000        0.0594734351673201    -0.0183965906371632        0.0000000000000000    -0.0000000000000000
     0.0594734351673202     0.0183965906371632        1.4257648986472975    -0.0000000000000000       -0.0000000000000000    -0.0000000000000000
     0.0000000000000000     0.0000000000000000       -0.0000000000000000     0.0000000000000000        0.2687270762455706     0.0000000000000000

     Dynamical Matrix in cartesian axes

     q = (    -0.067750677507    -0.195579359482     0.000000000000 )

    1    1
     1.0876004260343506     0.0000000000000000        0.0594734351673201    -0.0183965906371632        0.0000000000000000     0.0000000000000000
     0.0594734351673202     0.0183965906371632        1.4257648986472973     0.0000000000000000       -0.0000000000000000     0.0000000000000000
     0.0000000000000000    -0.0000000000000000       -0.0000000000000000    -0.0000000000000000        0.2687270762455706    -0.0000000000000000
    1    2
    -0.4227810070809480    -0.3334428763758615       -0.0612114204549527     0.0503502999646308       -0.0000000000000000     0.0000000000000000
    -0.0612114204549527     0.0503502999646308        0.0998029274089490    -0.2554256074567151       -0.0000000000000000    -0.0000000000000000
    -0.0000000000000000    -0.0000000000000000       -0.0000000000000000     0.0000000000000000       -0.0402007150518743    -0.1198266573923992
    2    1
    -0.4227810070809479     0.3334428763758615       -0.0612114204549527    -0.0503502999646308       -0.0000000000000000     0.0000000000000000
    -0.0612114204549527    -0.0503502999646308        0.0998029274089490     0.2554256074567151       -0.0000000000000000    -0.0000000000000000
    -0.0000000000000000    -0.0000000000000000       -0.0000000000000000     0.0000000000000000       -0.0402007150518743     0.1198266573923992
    2    2
     1.0876004260343506    -0.0000000000000000        0.0594734351673201     0.0183965906371632        0.0000000000000000     0.0000000000000000
     0.0594734351673202    -0.0183965906371632        1.4257648986472975     0.0000000000000000       -0.0000000000000000     0.0000000000000000
     0.0000000000000000    -0.0000000000000000       -0.0000000000000000    -0.0000000000000000        0.2687270762455706    -0.0000000000000000

     Dynamical Matrix in cartesian axes

     q = (    -0.067750677507     0.195579359482     0.000000000000 )

    1    1
     1.0876004260983021     0.0000000000000000       -0.0594734356436483    -0.0183965907066297        0.0000000000000000    -0.0000000000000000
    -0.0594734356436483     0.0183965907066297        1.4257648985503226     0.0000000000000000       -0.0000000000000000    -0.0000000000000000
     0.0000000000000000     0.0000000000000000       -0.0000000000000000     0.0000000000000000        0.2687270762654481    -0.0000000000000000
    1    2
    -0.5001604988033628    -0.1994176699197970       -0.0129989306278960     0.0781857948794660       -0.0000000000000000     0.0000000000000000
    -0.0129989306278960     0.0781857948794659       -0.1713036077885627     0.2141446690622317        0.0000000000000000    -0.0000000000000000
     0.0000000000000000    -0.0000000000000000       -0.0000000000000000    -0.0000000000000000       -0.1238732875814855     0.0250984844954845
    2    1
    -0.5001604988033628     0.1994176699197970       -0.0129989306278960    -0.0781857948794660        0.0000000000000000     0.0000000000000000
    -0.0129989306278960    -0.0781857948794659       -0.1713036077885627    -0.2141446690622317       -0.0000000000000000     0.0000000000000000
    -0.0000000000000000    -0.0000000000000000        0.0000000000000000     0.0000000000000000       -0.1238732875814855    -0.0250984844954845
    2    2
     1.0876004260983021    -0.0000000000000000       -0.0594734356436483     0.0183965907066297       -0.0000000000000000    -0.0000000000000000
    -0.0594734356436483    -0.0183965907066297        1.4257648985503226    -0.0000000000000000        0.0000000000000000     0.0000000000000000
    -0.0000000000000000     0.0000000000000000        0.0000000000000000    -0.0000000000000000        0.2687270762654481     0.0000000000000000

     Dynamical Matrix in cartesian axes

     q = (     0.067750677507    -0.195579359482     0.000000000000 )

    1    1
     1.0876004260983021    -0.0000000000000000       -0.0594734356436483     0.0183965907066297        0.0000000000000000     0.0000000000000000
    -0.0594734356436483    -0.0183965907066297        1.4257648985503226    -0.0000000000000000       -0.0000000000000000     0.0000000000000000
     0.0000000000000000    -0.0000000000000000       -0.0000000000000000    -0.0000000000000000        0.2687270762654481     0.0000000000000000
    1    2
    -0.5001604988033628     0.1994176699197970       -0.0129989306278960    -0.0781857948794660       -0.0000000000000000    -0.0000000000000000
    -0.0129989306278960    -0.0781857948794659       -0.1713036077885627    -0.2141446690622317        0.0000000000000000     0.0000000000000000
     0.0000000000000000     0.0000000000000000       -0.0000000000000000     0.0000000000000000       -0.1238732875814855    -0.0250984844954845
    2    1
    -0.5001604988033628    -0.1994176699197970       -0.0129989306278960     0.0781857948794660        0.0000000000000000    -0.0000000000000000
    -0.0129989306278960     0.0781857948794659       -0.1713036077885627     0.2141446690622317       -0.0000000000000000    -0.0000000000000000
    -0.0000000000000000     0.0000000000000000        0.0000000000000000    -0.0000000000000000       -0.1238732875814855     0.0250984844954845
    2    2
     1.0876004260983021     0.0000000000000000       -0.0594734356436483    -0.0183965907066297       -0.0000000000000000     0.0000000000000000
    -0.0594734356436483     0.0183965907066297        1.4257648985503226     0.0000000000000000        0.0000000000000000    -0.0000000000000000
    -0.0000000000000000    -0.0000000000000000        0.0000000000000000     0.0000000000000000        0.2687270762654481    -0.0000000000000000

     Dynamical Matrix in cartesian axes

     q = (    -0.135501355014     0.156463487585     0.000000000000 )

    1    1
     1.2897182743198623     0.0000000000000000       -0.1761662297241103    -0.0183965907070811        0.0000000000000000     0.0000000000000000
    -0.1761662297241101     0.0183965907070811        1.2236470503270696     0.0000000000000000       -0.0000000000000000     0.0000000000000000
     0.0000000000000000    -0.0000000000000000       -0.0000000000000000    -0.0000000000000000        0.2687270762652104    -0.0000000000000000
    1    2
    -0.2647752346881827    -0.1784649688988050       -0.1488986762263146     0.1399848483642705       -0.0000000000000000    -0.0000000000000000
    -0.1488986762263146     0.1399848483642705       -0.4066888719002508     0.1637379697548743        0.0000000000000000    -0.0000000000000000
     0.0000000000000000     0.0000000000000000        0.0000000000000000    -0.0000000000000000       -0.1238732875777514    -0.0250984844986879
    2    1
    -0.2647752346881827     0.1784649688988050       -0.1488986762263146    -0.1399848483642705        0.0000000000000000    -0.0000000000000000
    -0.1488986762263146    -0.1399848483642705       -0.4066888719002508    -0.1637379697548743        0.0000000000000000     0.0000000000000000
    -0.0000000000000000     0.0000000000000000        0.0000000000000000     0.0000000000000000       -0.1238732875777514     0.0250984844986879
    2    2
     1.2897182743198623    -0.0000000000000000       -0.1761662297241103     0.0183965907070811        0.0000000000000000    -0.0000000000000000
    -0.1761662297241101    -0.0183965907070811        1.2236470503270693    -0.0000000000000000       -0.0000000000000000     0.0000000000000000
     0.0000000000000000     0.0000000000000000       -0.0000000000000000    -0.0000000000000000        0.2687270762652104     0.0000000000000000

     Dynamical Matrix in cartesian axes

     q = (     0.203252032520     0.039115871896     0.000000000000 )

    1    1
     1.3927292858394331     0.0000000000000000        0.1166927936094423    -0.0183965906248923        0.0000000000000000     0.0000000000000000
     0.1166927936094423     0.0183965906248923        1.1206360383559273    -0.0000000000000000       -0.0000000000000000     0.0000000000000000
     0.0000000000000000    -0.0000000000000000       -0.0000000000000000    -0.0000000000000000        0.2687270762657787    -0.0000000000000000
    1    2
     0.0838537236072180     0.2313252787850520       -0.2568911920415806    -0.0086072942888261        0.0000000000000000    -0.0000000000000000
    -0.2568911920415806    -0.0086072942888261        0.2391244116327755     0.3575431763855131        0.0000000000000000    -0.0000000000000000
     0.0000000000000000    -0.0000000000000000       -0.0000000000000000    -0.0000000000000000        0.0402007258136508     0.1198266538491186
    2    1
     0.0838537236072180    -0.2313252787850520       -0.2568911920415806     0.0086072942888261        0.0000000000000000     0.0000000000000000
    -0.2568911920415806     0.0086072942888261        0.2391244116327755    -0.3575431763855131       -0.0000000000000000     0.0000000000000000
     0.0000000000000000     0.0000000000000000        0.0000000000000000     0.0000000000000000        0.0402007258136508    -0.1198266538491186
    2    2
     1.3927292858394331     0.0000000000000000        0.1166927936094423     0.0183965906248923        0.0000000000000000     0.0000000000000000
     0.1166927936094423    -0.0183965906248923        1.1206360383559273     0.0000000000000000       -0.0000000000000000    -0.0000000000000000
     0.0000000000000000    -0.0000000000000000       -0.0000000000000000     0.0000000000000000        0.2687270762657787     0.0000000000000000

     Dynamical Matrix in cartesian axes

     q = (    -0.203252032520    -0.039115871896     0.000000000000 )

    1    1
     1.3927292858394331    -0.0000000000000000        0.1166927936094423     0.0183965906248923        0.0000000000000000    -0.0000000000000000
     0.1166927936094423    -0.0183965906248923        1.1206360383559273     0.0000000000000000       -0.0000000000000000    -0.0000000000000000
     0.0000000000000000     0.0000000000000000       -0.0000000000000000     0.0000000000000000        0.2687270762657787     0.0000000000000000
    1    2
     0.0838537236072180    -0.2313252787850520       -0.2568911920415806     0.0086072942888261        0.0000000000000000     0.0000000000000000
    -0.2568911920415806     0.0086072942888261        0.2391244116327755    -0.3575431763855131        0.0000000000000000     0.0000000000000000
     0.0000000000000000     0.0000000000000000       -0.0000000000000000     0.0000000000000000        0.0402007258136508    -0.1198266538491186
    2    1
     0.0838537236072180     0.2313252787850520       -0.2568911920415806    -0.0086072942888261        0.0000000000000000    -0.0000000000000000
    -0.2568911920415806    -0.0086072942888261        0.2391244116327755     0.3575431763855131       -0.0000000000000000    -0.0000000000000000
     0.0000000000000000    -0.0000000000000000        0.0000000000000000    -0.0000000000000000        0.0402007258136508     0.1198266538491186
    2    2
     1.3927292858394331    -0.0000000000000000        0.1166927936094423    -0.0183965906248923        0.0000000000000000    -0.0000000000000000
     0.1166927936094423     0.0183965906248923        1.1206360383559273    -0.0000000000000000       -0.0000000000000000     0.0000000000000000
     0.0000000000000000     0.0000000000000000       -0.0000000000000000    -0.0000000000000000        0.2687270762657787    -0.0000000000000000

     Dynamical Matrix in cartesian axes

     q = (     0.135501355014    -0.156463487585     0.000000000000 )

    1    1
     1.2897182743198623    -0.0000000000000000       -0.1761662297241103     0.0183965907070811        0.0000000000000000    -0.0000000000000000
    -0.1761662297241101    -0.0183965907070811        1.2236470503270696    -0.0000000000000000       -0.0000000000000000    -0.0000000000000000
     0.0000000000000000     0.0000000000000000       -0.0000000000000000     0.0000000000000000        0.2687270762652104     0.0000000000000000
    1    2
    -0.2647752346881827     0.1784649688988050       -0.1488986762263146    -0.1399848483642705       -0.0000000000000000     0.0000000000000000
    -0.1488986762263146    -0.1399848483642705       -0.4066888719002508    -0.1637379697548743        0.0000000000000000     0.0000000000000000
     0.0000000000000000    -0.0000000000000000        0.0000000000000000     0.0000000000000000       -0.1238732875777514     0.0250984844986879
    2    1
    -0.2647752346881827    -0.1784649688988050       -0.1488986762263146     0.1399848483642705        0.0000000000000000     0.0000000000000000
    -0.1488986762263146     0.1399848483642705       -0.4066888719002508     0.1637379697548743        0.0000000000000000    -0.0000000000000000
    -0.0000000000000000    -0.0000000000000000        0.0000000000000000    -0.0000000000000000       -0.1238732875777514    -0.0250984844986879
    2    2
     1.2897182743198623     0.0000000000000000       -0.1761662297241103    -0.0183965907070811        0.0000000000000000     0.0000000000000000
    -0.1761662297241101     0.0183965907070811        1.2236470503270693     0.0000000000000000       -0.0000000000000000    -0.0000000000000000
     0.0000000000000000    -0.0000000000000000       -0.0000000000000000     0.0000000000000000        0.2687270762652104    -0.0000000000000000

     Dynamical Matrix in cartesian axes

     q = (    -0.135501355014    -0.156463487585     0.000000000000 )

    1    1
     1.2897182739308717    -0.0000000000000000        0.1761662290623023    -0.0183965906244408       -0.0000000000000000     0.0000000000000000
     0.1761662290623024     0.0183965906244408        1.2236470502661818    -0.0000000000000000       -0.0000000000000000     0.0000000000000000
    -0.0000000000000000    -0.0000000000000000       -0.0000000000000000    -0.0000000000000000        0.2687270762660164    -0.0000000000000000
    1    2
    -0.0221675586889558    -0.3185345664726210       -0.1956797761678561     0.0589576000133907        0.0000000000000000     0.0000000000000000
    -0.1956797761678560     0.0589576000133907        0.3451456939319921    -0.2703338887002197       -0.0000000000000000     0.0000000000000000
     0.0000000000000000     0.0000000000000000       -0.0000000000000000     0.0000000000000000        0.0402007258182923    -0.1198266538507506
    2    1
    -0.0221675586889558     0.3185345664726210       -0.1956797761678560    -0.0589576000133907        0.0000000000000000    -0.0000000000000000
    -0.1956797761678560    -0.0589576000133907        0.3451456939319921     0.2703338887002197       -0.0000000000000000    -0.0000000000000000
     0.0000000000000000    -0.0000000000000000       -0.0000000000000000    -0.0000000000000000        0.0402007258182923     0.1198266538507506
    2    2
     1.2897182739308717    -0.0000000000000000        0.1761662290623023     0.0183965906244408       -0.0000000000000000    -0.0000000000000000
     0.1761662290623024    -0.0183965906244408        1.2236470502661818     0.0000000000000000       -0.0000000000000000    -0.0000000000000000
    -0.0000000000000000     0.0000000000000000       -0.0000000000000000     0.0000000000000000        0.2687270762660165     0.0000000000000000

     Dynamical Matrix in cartesian axes

     q = (     0.203252032520    -0.039115871896     0.000000000000 )

    1    1
     1.3927292861990708    -0.0000000000000000       -0.1166927943845111    -0.0183965906367117       -0.0000000000000000    -0.0000000000000000
    -0.1166927943845111     0.0183965906367117        1.1206360384842711    -0.0000000000000000       -0.0000000000000000     0.0000000000000000
    -0.0000000000000000     0.0000000000000000       -0.0000000000000000    -0.0000000000000000        0.2687270762458084     0.0000000000000000
    1    2
    -0.0838537013305658     0.2313252858294742       -0.2568911916669767     0.0086073184292215        0.0000000000000000     0.0000000000000000
    -0.2568911916669767     0.0086073184292214       -0.2391243783444764     0.3575431980053774        0.0000000000000000    -0.0000000000000000
     0.0000000000000000     0.0000000000000000        0.0000000000000000    -0.0000000000000000       -0.0402007150565159     0.1198266573940312
    2    1
    -0.0838537013305658    -0.2313252858294742       -0.2568911916669766    -0.0086073184292215        0.0000000000000000    -0.0000000000000000
    -0.2568911916669767    -0.0086073184292214       -0.2391243783444764    -0.3575431980053774        0.0000000000000000     0.0000000000000000
     0.0000000000000000    -0.0000000000000000        0.0000000000000000     0.0000000000000000       -0.0402007150565159    -0.1198266573940312
    2    2
     1.3927292861990708    -0.0000000000000000       -0.1166927943845111     0.0183965906367117       -0.0000000000000000     0.0000000000000000
    -0.1166927943845111    -0.0183965906367117        1.1206360384842711     0.0000000000000000       -0.0000000000000000    -0.0000000000000000
    -0.0000000000000000    -0.0000000000000000       -0.0000000000000000     0.0000000000000000        0.2687270762458084     0.0000000000000000

     Dynamical Matrix in cartesian axes

     q = (    -0.203252032520     0.039115871896     0.000000000000 )

    1    1
     1.3927292861990708     0.0000000000000000       -0.1166927943845111     0.0183965906367117       -0.0000000000000000     0.0000000000000000
    -0.1166927943845111    -0.0183965906367117        1.1206360384842711     0.0000000000000000       -0.0000000000000000    -0.0000000000000000
    -0.0000000000000000    -0.0000000000000000       -0.0000000000000000     0.0000000000000000        0.2687270762458084    -0.0000000000000000
    1    2
    -0.0838537013305658    -0.2313252858294742       -0.2568911916669767    -0.0086073184292215        0.0000000000000000    -0.0000000000000000
    -0.2568911916669767    -0.0086073184292214       -0.2391243783444764    -0.3575431980053774        0.0000000000000000     0.0000000000000000
     0.0000000000000000    -0.0000000000000000        0.0000000000000000     0.0000000000000000       -0.0402007150565159    -0.1198266573940312
    2    1
    -0.0838537013305658     0.2313252858294742       -0.2568911916669766     0.0086073184292215        0.0000000000000000     0.0000000000000000
    -0.2568911916669767     0.0086073184292214       -0.2391243783444764     0.3575431980053774        0.0000000000000000    -0.0000000000000000
     0.0000000000000000     0.0000000000000000        0.0000000000000000    -0.0000000000000000       -0.0402007150565159     0.1198266573940312
    2    2
     1.3927292861990708     0.0000000000000000       -0.1166927943845111    -0.0183965906367117       -0.0000000000000000    -0.0000000000000000
    -0.1166927943845111     0.0183965906367117        1.1206360384842711    -0.0000000000000000       -0.0000000000000000     0.0000000000000000
    -0.0000000000000000     0.0000000000000000       -0.0000000000000000    -0.0000000000000000        0.2687270762458084    -0.0000000000000000

     Dynamical Matrix in cartesian axes

     q = (     0.135501355014     0.156463487585     0.000000000000 )

    1    1
     1.2897182739308717     0.0000000000000000        0.1761662290623023     0.0183965906244408       -0.0000000000000000    -0.0000000000000000
     0.1761662290623024    -0.0183965906244408        1.2236470502661818     0.0000000000000000       -0.0000000000000000    -0.0000000000000000
    -0.0000000000000000     0.0000000000000000       -0.0000000000000000     0.0000000000000000        0.2687270762660164     0.0000000000000000
    1    2
    -0.0221675586889558     0.3185345664726209       -0.1956797761678561    -0.0589576000133907        0.0000000000000000    -0.0000000000000000
    -0.1956797761678560    -0.0589576000133907        0.3451456939319921     0.2703338887002197       -0.0000000000000000    -0.0000000000000000
     0.0000000000000000    -0.0000000000000000       -0.0000000000000000    -0.0000000000000000        0.0402007258182923     0.1198266538507506
    2    1
    -0.0221675586889558    -0.3185345664726209       -0.1956797761678560     0.0589576000133907        0.0000000000000000     0.0000000000000000
    -0.1956797761678560     0.0589576000133907        0.3451456939319921    -0.2703338887002197       -0.0000000000000000     0.0000000000000000
     0.0000000000000000     0.0000000000000000       -0.0000000000000000     0.0000000000000000        0.0402007258182923    -0.1198266538507506
    2    2
     1.2897182739308717     0.0000000000000000        0.1761662290623023    -0.0183965906244408       -0.0000000000000000     0.0000000000000000
     0.1761662290623024     0.0183965906244408        1.2236470502661818    -0.0000000000000000       -0.0000000000000000     0.0000000000000000
    -0.0000000000000000    -0.0000000000000000       -0.0000000000000000    -0.0000000000000000        0.2687270762660165    -0.0000000000000000

     Diagonalizing the dynamical matrix

     q = (     0.067750677507     0.195579359482     0.000000000000 )

***************************************************************************
   freq (    1) =    11.86257820 [THz] =   395.69295982 [cm-1]
(   0.000000  0.000000   0.000000 -0.000000   0.703219  0.074050 )
(   0.000000  0.000000   0.000000  0.000000   0.153467  0.690252 )
   freq (    2) =    19.76440447 [THz] =   659.26947521 [cm-1]
(   0.000000  0.000000   0.000000 -0.000000   0.706226  0.035290 )
(   0.000000  0.000000   0.000000 -0.000000  -0.191171 -0.680774 )
   freq (    3) =    22.95936494 [THz] =   765.84186982 [cm-1]
(   0.698639  0.000000  -0.066676  0.086362  -0.000000  0.000000 )
(   0.536418  0.447607   0.004136 -0.109027   0.000000  0.000000 )
   freq (    4) =    33.68068891 [THz] =  1123.46669131 [cm-1]
(   0.169167  0.000000   0.022514 -0.686204   0.000000  0.000000 )
(   0.070217 -0.153906   0.633645  0.264343  -0.000000  0.000000 )
   freq (    5) =    40.18799929 [THz] =  1340.52717030 [cm-1]
(  -0.647893  0.000000   0.130888 -0.251203  -0.000000 -0.000000 )
(   0.506686  0.403775   0.054191 -0.278025  -0.000000  0.000000 )
   freq (    6) =    41.14688010 [THz] =  1372.51198655 [cm-1]
(  -0.252035  0.000000  -0.506183  0.424567   0.000000  0.000000 )
(   0.231564  0.099496   0.297463  0.589910   0.000000 -0.000000 )
***************************************************************************
