Dynamical matrix file
File generated with the CellConstructor by Lorenzo Monacelli
1 2 0     1.8897259890000000     0.0000000000000000     0.0000000000000000     0.0000000000000000     0.0000000000000000     0.0000000000000000
Basis vectors
    2.4600000000000000     0.0000000000000000     0.0000000000000000
   -1.2300000000000000     2.1304224933097187     0.0000000000000000
    0.0000000000000000     0.0000000000000000    15.0000000000000000
	1  'C '  10947.3571678344233078
    1     1     0.0000000000000001    -0.0000000000000007     7.4999999999999982
    2     1     1.2299999999999998     0.7101408311032394     7.4999999999999982

     Dynamical Matrix in cartesian axes

     q = (     0.067750677507    -0.039115871896     0.000000000000 )

    1    1
     1.1920131538168843    -0.0000000000000000       -0.0881446614261100    -0.0000000000188463        0.0000000000000000     0.0000000000000000
    -0.0881446614261100     0.0000000000188463        1.0902324664581762    -0.0000000000000000       -0.0000000000000000     0.0000000000000000
     0.0000000000000000    -0.0000000000000000       -0.0000000000000000    -0.0000000000000000        0.3255687676674230     0.0000000000000000
    1    2
    -0.8871341102576478     0.3878849007254351       -0.0197823157261263    -0.1124341499789012       -0.0000000000000000     0.0000000000000000
    -0.0197823157261262    -0.1124341499789012       -0.9099767616107030     0.2580571270215793        0.0000000000000000    -0.0000000000000000
    -0.0000000000000000     0.0000000000000000        0.0000000000000000    -0.0000000000000000       -0.3012988728800454     0.1110144393732403
    2    1
    -0.8871341102576479    -0.3878849007254351       -0.0197823157261263     0.1124341499789012       -0.0000000000000000    -0.0000000000000000
    -0.0197823157261262     0.1124341499789012       -0.9099767616107030    -0.2580571270215793        0.0000000000000000     0.0000000000000000
    -0.0000000000000000    -0.0000000000000000        0.0000000000000000     0.0000000000000000       -0.3012988728800454    -0.1110144393732403
    2    2
     1.1920131538168843    -0.0000000000000000       -0.0881446614261100     0.0000000000188463        0.0000000000000000     0.0000000000000000
    -0.0881446614261100    -0.0000000000188463        1.0902324664581760     0.0000000000000000       -0.0000000000000000     0.0000000000000000
     0.0000000000000000    -0.0000000000000000       -0.0000000000000000    -0.0000000000000000        0.3255687676674230    -0.0000000000000000

     Dynamical Matrix in cartesian axes

     q = (    -0.067750677507     0.039115871896     0.000000000000 )

    1    1
     1.1920131538168843     0.0000000000000000       -0.0881446614261100     0.0000000000188463        0.0000000000000000    -0.0000000000000000
    -0.0881446614261100    -0.0000000000188463        1.0902324664581762     0.0000000000000000       -0.0000000000000000    -0.0000000000000000
     0.0000000000000000     0.0000000000000000       -0.0000000000000000     0.0000000000000000        0.3255687676674230    -0.0000000000000000
    1    2
    -0.8871341102576478    -0.3878849007254350       -0.0197823157261263     0.1124341499789012       -0.0000000000000000    -0.0000000000000000
    -0.0197823157261262     0.1124341499789012       -0.9099767616107028    -0.2580571270215793        0.0000000000000000     0.0000000000000000
    -0.0000000000000000    -0.0000000000000000        0.0000000000000000     0.0000000000000000       -0.3012988728800454    -0.1110144393732403
    2    1
    -0.8871341102576479     0.3878849007254350       -0.0197823157261263    -0.1124341499789012       -0.0000000000000000     0.0000000000000000
    -0.0197823157261262    -0.1124341499789012       -0.9099767616107028     0.2580571270215793        0.0000000000000000    -0.0000000000000000
    -0.0000000000000000     0.0000000000000000        0.0000000000000000    -0.0000000000000000       -0.3012988728800454     0.1110144393732403
    2    2
     1.1920131538168843     0.0000000000000000       -0.0881446614261100    -0.0000000000188463        0.0000000000000000    -0.0000000000000000
    -0.0881446614261100     0.0000000000188463        1.0902324664581760     0.0000000000000000       -0.0000000000000000    -0.0000000000000000
     0.0000000000000000     0.0000000000000000       -0.0000000000000000     0.0000000000000000        0.3255687676674230     0.0000000000000000

     Dynamical Matrix in cartesian axes

     q = (    -0.067750677507    -0.039115871896     0.000000000000 )

    1    1
     1.1920131537420551     0.0000000000000000        0.0881446608170011     0.0000000000006151        0.0000000000000000     0.0000000000000000
     0.0881446608170011    -0.0000000000006151        1.0902324664416367     0.0000000000000000       -0.0000000000000000    -0.0000000000000000
     0.0000000000000000    -0.0000000000000000       -0.0000000000000000     0.0000000000000000        0.3255687676860074     0.0000000000000000
    1    2
    -0.7794852153111390    -0.5743382496686174       -0.0874796741742797     0.0733490605247341        0.0000000000000000    -0.0000000000000000
    -0.0874796741742796     0.0733490605247341       -0.6784723884446042    -0.6590344493444361        0.0000000000000000     0.0000000000000000
    -0.0000000000000000    -0.0000000000000000        0.0000000000000000     0.0000000000000000       -0.2467907550553177    -0.2054252656964295
    2    1
    -0.7794852153111390     0.5743382496686174       -0.0874796741742797    -0.0733490605247341       -0.0000000000000000     0.0000000000000000
    -0.0874796741742796    -0.0733490605247341       -0.6784723884446042     0.6590344493444361        0.0000000000000000    -0.0000000000000000
     0.0000000000000000     0.0000000000000000        0.0000000000000000    -0.0000000000000000       -0.2467907550553177     0.2054252656964295
    2    2
     1.1920131537420551    -0.0000000000000000        0.0881446608170011    -0.0000000000006151       -0.0000000000000000     0.0000000000000000
     0.0881446608170011     0.0000000000006151        1.0902324664416367     0.0000000000000000       -0.0000000000000000    -0.0000000000000000
    -0.0000000000000000    -0.0000000000000000       -0.0000000000000000     0.0000000000000000        0.3255687676860074     0.0000000000000000

     Dynamical Matrix in cartesian axes

     q = (     0.067750677507     0.039115871896     0.000000000000 )

    1    1
     1.1920131537420551    -0.0000000000000000        0.0881446608170011    -0.0000000000006151        0.0000000000000000    -0.0000000000000000
     0.0881446608170011     0.0000000000006151        1.0902324664416367    -0.0000000000000000       -0.0000000000000000     0.0000000000000000
     0.0000000000000000     0.0000000000000000       -0.0000000000000000    -0.0000000000000000        0.3255687676860074    -0.0000000000000000
    1    2
    -0.7794852153111390     0.5743382496686174       -0.0874796741742797    -0.0733490605247341        0.0000000000000000     0.0000000000000000
    -0.0874796741742796    -0.0733490605247341       -0.6784723884446042     0.6590344493444362        0.0000000000000000    -0.0000000000000000
    -0.0000000000000000     0.0000000000000000        0.0000000000000000    -0.0000000000000000       -0.2467907550553177     0.2054252656964295
    2    1
    -0.7794852153111390    -0.5743382496686174       -0.0874796741742797     0.0733490605247341       -0.0000000000000000    -0.0000000000000000
    -0.0874796741742796     0.0733490605247341       -0.6784723884446042    -0.6590344493444362        0.0000000000000000     0.0000000000000000
     0.0000000000000000    -0.0000000000000000        0.0000000000000000     0.0000000000000000       -0.2467907550553177    -0.2054252656964295
    2    2
     1.1920131537420551     0.0000000000000000        0.0881446608170011     0.0000000000006151       -0.0000000000000000    -0.0000000000000000
     0.0881446608170011    -0.0000000000006151        1.0902324664416367    -0.0000000000000000       -0.0000000000000000     0.0000000000000000
    -0.0000000000000000     0.0000000000000000       -0.0000000000000000    -0.0000000000000000        0.3255687676860074    -0.0000000000000000

     Dynamical Matrix in cartesian axes

     q = (    -0.000000000000    -0.078231743793     0.000000000000 )

    1    1
     1.0393421222948633     0.0000000000000000       -0.0000000002796117    -0.0000000000200765        0.0000000000000000    -0.0000000000000000
    -0.0000000002796116     0.0000000000200765        1.2429034979801969     0.0000000000000000       -0.0000000000000000    -0.0000000000000000
     0.0000000000000000     0.0000000000000000       -0.0000000000000000     0.0000000000000000        0.3255687676674230     0.0000000000000000
    1    2
    -0.9213980867369486    -0.1931432403129060        0.0000000003163176    -0.0000000000821593       -0.0000000000000000    -0.0000000000000000
     0.0000000003163176    -0.0000000000821593       -0.8757127851314018    -0.4527987874341100        0.0000000000000000     0.0000000000000000
    -0.0000000000000000     0.0000000000000000        0.0000000000000000     0.0000000000000000       -0.3012988728800453    -0.1110144393732406
    2    1
    -0.9213980867369485     0.1931432403129060        0.0000000003163176     0.0000000000821593       -0.0000000000000000    -0.0000000000000000
     0.0000000003163176     0.0000000000821593       -0.8757127851314018     0.4527987874341100        0.0000000000000000    -0.0000000000000000
    -0.0000000000000000     0.0000000000000000        0.0000000000000000    -0.0000000000000000       -0.3012988728800453     0.1110144393732406
    2    2
     1.0393421222948633     0.0000000000000000       -0.0000000002796117     0.0000000000200766        0.0000000000000000     0.0000000000000000
    -0.0000000002796117    -0.0000000000200766        1.2429034979801969     0.0000000000000000       -0.0000000000000000     0.0000000000000000
     0.0000000000000000    -0.0000000000000000       -0.0000000000000000    -0.0000000000000000        0.3255687676674230    -0.0000000000000000

     Dynamical Matrix in cartesian axes

     q = (     0.000000000000     0.078231743793     0.000000000000 )

    1    1
     1.0393421222948633    -0.0000000000000000       -0.0000000002796117     0.0000000000200765        0.0000000000000000     0.0000000000000000
    -0.0000000002796116    -0.0000000000200765        1.2429034979801969    -0.0000000000000000       -0.0000000000000000     0.0000000000000000
     0.0000000000000000    -0.0000000000000000       -0.0000000000000000    -0.0000000000000000        0.3255687676674230    -0.0000000000000000
    1    2
    -0.9213980867369486     0.1931432403129060        0.0000000003163176     0.0000000000821593       -0.0000000000000000     0.0000000000000000
     0.0000000003163176     0.0000000000821593       -0.8757127851314018     0.4527987874341100        0.0000000000000000    -0.0000000000000000
    -0.0000000000000000    -0.0000000000000000        0.0000000000000000    -0.0000000000000000       -0.3012988728800453     0.1110144393732406
    2    1
    -0.9213980867369485    -0.1931432403129060        0.0000000003163176    -0.0000000000821593       -0.0000000000000000     0.0000000000000000
     0.0000000003163176    -0.0000000000821593       -0.8757127851314018    -0.4527987874341100        0.0000000000000000     0.0000000000000000
    -0.0000000000000000    -0.0000000000000000        0.0000000000000000     0.0000000000000000       -0.3012988728800453    -0.1110144393732406
    2    2
     1.0393421222948633    -0.0000000000000000       -0.0000000002796117    -0.0000000000200766        0.0000000000000000    -0.0000000000000000
    -0.0000000002796117     0.0000000000200766        1.2429034979801969    -0.0000000000000000       -0.0000000000000000    -0.0000000000000000
     0.0000000000000000     0.0000000000000000       -0.0000000000000000     0.0000000000000000        0.3255687676674230     0.0000000000000000

     Diagonalizing the dynamical matrix

     q = (     0.067750677507    -0.039115871896     0.000000000000 )

***************************************************************************
   freq (    1) =     2.10190955 [THz] =    70.11214566 [cm-1]
(   0.000000  0.000000   0.000000  0.000000   0.359880 -0.608676 )
(   0.000000  0.000000   0.000000  0.000000   0.548126 -0.446719 )
   freq (    2) =     9.83903811 [THz] =   328.19493754 [cm-1]
(   0.353553  0.000000   0.612372  0.000000  -0.000000  0.000000 )
(   0.346033  0.072535   0.599346  0.125635  -0.000000  0.000000 )
   freq (    3) =    15.94162710 [THz] =   531.75536594 [cm-1]
(  -0.612372  0.000000   0.353553  0.000000   0.000000  0.000000 )
(  -0.543960 -0.281261   0.314055  0.162386  -0.000000  0.000000 )
   freq (    4) =    25.28491961 [THz] =   843.41401245 [cm-1]
(   0.000000  0.000000  -0.000000  0.000000  -0.148869 -0.691258 )
(   0.000000  0.000000  -0.000000  0.000000  -0.099301  0.700099 )
   freq (    5) =    44.25243848 [THz] =  1476.10224888 [cm-1]
(   0.353553  0.000000   0.612372  0.000000  -0.000000 -0.000000 )
(  -0.346033 -0.072535  -0.599346 -0.125635  -0.000000 -0.000000 )
   freq (    6) =    46.94092247 [THz] =  1565.78040899 [cm-1]
(  -0.612372  0.000000   0.353553  0.000000   0.000000 -0.000000 )
(   0.543960  0.281261  -0.314055 -0.162386  -0.000000 -0.000000 )
***************************************************************************
