Dynamical matrix file
File generated with the CellConstructor by Lorenzo Monacelli
1 2 0     1.8897259890000000     0.0000000000000000     0.0000000000000000     0.0000000000000000     0.0000000000000000     0.0000000000000000
Basis vectors
    2.4600000000000000     0.0000000000000000     0.0000000000000000
   -1.2300000000000000     2.1304224933097187     0.0000000000000000
    0.0000000000000000     0.0000000000000000    15.0000000000000000
	1  'C '  10947.3571678344233078
    1     1     0.0000000000000001    -0.0000000000000007     7.4999999999999982
    2     1     1.2299999999999998     0.7101408311032394     7.4999999999999982

     Dynamical Matrix in cartesian axes

     q = (     0.135501355014    -0.078231743793     0.000000000000 )

    1    1
     1.3472022784969047     0.0000000000000000       -0.1888371889902329     0.0000000000896869        0.0000000000000000     0.0000000000000000
    -0.1888371889902329    -0.0000000000896869        1.1291518752890122    -0.0000000000000000       -0.0000000000000000    -0.0000000000000000
     0.0000000000000000    -0.0000000000000000       -0.0000000000000000     0.0000000000000000        0.2931063439571965    -0.0000000000000000
    1    2
    -0.4147543963624033     0.4128178681942907       -0.1823166341694572    -0.1478860208958101       -0.0000000000000000     0.0000000000000000
    -0.1823166341694572    -0.1478860208958101       -0.6252755126820190     0.2420538003306729        0.0000000000000000    -0.0000000000000000
     0.0000000000000000    -0.0000000000000000        0.0000000000000000    -0.0000000000000000       -0.1763675655435603     0.1460053421585314
    2    1
    -0.4147543963624033    -0.4128178681942907       -0.1823166341694572     0.1478860208958101        0.0000000000000000     0.0000000000000000
    -0.1823166341694572     0.1478860208958101       -0.6252755126820190    -0.2420538003306729        0.0000000000000000     0.0000000000000000
    -0.0000000000000000    -0.0000000000000000        0.0000000000000000     0.0000000000000000       -0.1763675655435603    -0.1460053421585314
    2    2
     1.3472022784969047    -0.0000000000000000       -0.1888371889902329    -0.0000000000896869        0.0000000000000000     0.0000000000000000
    -0.1888371889902329     0.0000000000896869        1.1291518752890122     0.0000000000000000       -0.0000000000000000     0.0000000000000000
     0.0000000000000000    -0.0000000000000000       -0.0000000000000000    -0.0000000000000000        0.2931063439571965     0.0000000000000000

     Dynamical Matrix in cartesian axes

     q = (    -0.135501355014     0.078231743793     0.000000000000 )

    1    1
     1.3472022784969047    -0.0000000000000000       -0.1888371889902329    -0.0000000000896869        0.0000000000000000    -0.0000000000000000
    -0.1888371889902329     0.0000000000896869        1.1291518752890122     0.0000000000000000       -0.0000000000000000     0.0000000000000000
     0.0000000000000000     0.0000000000000000       -0.0000000000000000    -0.0000000000000000        0.2931063439571965     0.0000000000000000
    1    2
    -0.4147543963624033    -0.4128178681942908       -0.1823166341694572     0.1478860208958101       -0.0000000000000000    -0.0000000000000000
    -0.1823166341694572     0.1478860208958101       -0.6252755126820190    -0.2420538003306729        0.0000000000000000     0.0000000000000000
     0.0000000000000000     0.0000000000000000        0.0000000000000000     0.0000000000000000       -0.1763675655435603    -0.1460053421585314
    2    1
    -0.4147543963624033     0.4128178681942908       -0.1823166341694572    -0.1478860208958101        0.0000000000000000    -0.0000000000000000
    -0.1823166341694572    -0.1478860208958101       -0.6252755126820190     0.2420538003306729        0.0000000000000000    -0.0000000000000000
    -0.0000000000000000     0.0000000000000000        0.0000000000000000    -0.0000000000000000       -0.1763675655435603     0.1460053421585314
    2    2
     1.3472022784969047     0.0000000000000000       -0.1888371889902329     0.0000000000896869        0.0000000000000000    -0.0000000000000000
    -0.1888371889902329    -0.0000000000896869        1.1291518752890122    -0.0000000000000000       -0.0000000000000000    -0.0000000000000000
     0.0000000000000000     0.0000000000000000       -0.0000000000000000     0.0000000000000000        0.2931063439571965    -0.0000000000000000

     Dynamical Matrix in cartesian axes

     q = (    -0.135501355014    -0.078231743793     0.000000000000 )

    1    1
     1.3472022781219744     0.0000000000000000        0.1888371882565956     0.0000000000003182        0.0000000000000000     0.0000000000000000
     0.1888371882565955    -0.0000000000003182        1.1291518751788407     0.0000000000000000       -0.0000000000000000    -0.0000000000000000
     0.0000000000000000    -0.0000000000000000       -0.0000000000000000     0.0000000000000000        0.2931063439519361    -0.0000000000000000
    1    2
    -0.1501335272774140    -0.5655967878409489       -0.2192313724880132     0.0839478126639764        0.0000000000000000    -0.0000000000000000
    -0.2192313724880132     0.0839478126639763        0.1030130565675175    -0.6625313723205812       -0.0000000000000000     0.0000000000000000
     0.0000000000000000    -0.0000000000000000       -0.0000000000000000     0.0000000000000000       -0.0382605391665858    -0.2257414655320348
    2    1
    -0.1501335272774140     0.5655967878409489       -0.2192313724880132    -0.0839478126639764        0.0000000000000000     0.0000000000000000
    -0.2192313724880132    -0.0839478126639763        0.1030130565675175     0.6625313723205812       -0.0000000000000000    -0.0000000000000000
     0.0000000000000000     0.0000000000000000       -0.0000000000000000    -0.0000000000000000       -0.0382605391665858     0.2257414655320348
    2    2
     1.3472022781219744    -0.0000000000000000        0.1888371882565957    -0.0000000000003182        0.0000000000000000    -0.0000000000000000
     0.1888371882565956     0.0000000000003182        1.1291518751788405     0.0000000000000000       -0.0000000000000000    -0.0000000000000000
     0.0000000000000000     0.0000000000000000       -0.0000000000000000     0.0000000000000000        0.2931063439519361     0.0000000000000000

     Dynamical Matrix in cartesian axes

     q = (     0.135501355014     0.078231743793     0.000000000000 )

    1    1
     1.3472022781219744    -0.0000000000000000        0.1888371882565956    -0.0000000000003182        0.0000000000000000    -0.0000000000000000
     0.1888371882565955     0.0000000000003182        1.1291518751788407    -0.0000000000000000       -0.0000000000000000     0.0000000000000000
     0.0000000000000000     0.0000000000000000       -0.0000000000000000    -0.0000000000000000        0.2931063439519361     0.0000000000000000
    1    2
    -0.1501335272774140     0.5655967878409489       -0.2192313724880132    -0.0839478126639764        0.0000000000000000     0.0000000000000000
    -0.2192313724880132    -0.0839478126639763        0.1030130565675175     0.6625313723205812       -0.0000000000000000    -0.0000000000000000
     0.0000000000000000     0.0000000000000000       -0.0000000000000000    -0.0000000000000000       -0.0382605391665858     0.2257414655320348
    2    1
    -0.1501335272774140    -0.5655967878409489       -0.2192313724880132     0.0839478126639764        0.0000000000000000    -0.0000000000000000
    -0.2192313724880132     0.0839478126639763        0.1030130565675175    -0.6625313723205812       -0.0000000000000000     0.0000000000000000
     0.0000000000000000    -0.0000000000000000       -0.0000000000000000     0.0000000000000000       -0.0382605391665858    -0.2257414655320348
    2    2
     1.3472022781219744     0.0000000000000000        0.1888371882565957     0.0000000000003182        0.0000000000000000     0.0000000000000000
     0.1888371882565956    -0.0000000000003182        1.1291518751788405    -0.0000000000000000       -0.0000000000000000     0.0000000000000000
     0.0000000000000000    -0.0000000000000000       -0.0000000000000000    -0.0000000000000000        0.2931063439519361    -0.0000000000000000

     Dynamical Matrix in cartesian axes

     q = (    -0.000000000000    -0.156463487585     0.000000000000 )

    1    1
     1.0201266732462002     0.0000000000000000       -0.0000000002557876     0.0000000000890505        0.0000000000000000     0.0000000000000000
    -0.0000000002557875    -0.0000000000890505        1.4562274805397166     0.0000000000000000        0.0000000000000000    -0.0000000000000000
     0.0000000000000000    -0.0000000000000000        0.0000000000000000     0.0000000000000000        0.2931063439571965     0.0000000000000000
    1    2
    -0.7305360703253386    -0.1566717663362104        0.0000000003002502     0.0000000000339601        0.0000000000000000     0.0000000000000000
     0.0000000003002502     0.0000000000339601       -0.3094938387190829    -0.4981999021887546        0.0000000000000000     0.0000000000000000
    -0.0000000000000000     0.0000000000000000        0.0000000000000000     0.0000000000000000       -0.1763675655435601    -0.1460053421585316
    2    1
    -0.7305360703253386     0.1566717663362104        0.0000000003002502    -0.0000000000339601       -0.0000000000000000    -0.0000000000000000
     0.0000000003002502    -0.0000000000339601       -0.3094938387190829     0.4981999021887547        0.0000000000000000    -0.0000000000000000
     0.0000000000000000    -0.0000000000000000        0.0000000000000000    -0.0000000000000000       -0.1763675655435601     0.1460053421585316
    2    2
     1.0201266732462002    -0.0000000000000000       -0.0000000002557876    -0.0000000000890505        0.0000000000000000    -0.0000000000000000
    -0.0000000002557875     0.0000000000890505        1.4562274805397166     0.0000000000000000        0.0000000000000000     0.0000000000000000
     0.0000000000000000     0.0000000000000000        0.0000000000000000    -0.0000000000000000        0.2931063439571965     0.0000000000000000

     Dynamical Matrix in cartesian axes

     q = (     0.000000000000     0.156463487585     0.000000000000 )

    1    1
     1.0201266732462002    -0.0000000000000000       -0.0000000002557876    -0.0000000000890505        0.0000000000000000    -0.0000000000000000
    -0.0000000002557875     0.0000000000890505        1.4562274805397166    -0.0000000000000000        0.0000000000000000     0.0000000000000000
     0.0000000000000000     0.0000000000000000        0.0000000000000000    -0.0000000000000000        0.2931063439571965    -0.0000000000000000
    1    2
    -0.7305360703253386     0.1566717663362104        0.0000000003002502    -0.0000000000339601        0.0000000000000000    -0.0000000000000000
     0.0000000003002502    -0.0000000000339601       -0.3094938387190829     0.4981999021887546        0.0000000000000000    -0.0000000000000000
    -0.0000000000000000    -0.0000000000000000        0.0000000000000000    -0.0000000000000000       -0.1763675655435601     0.1460053421585316
    2    1
    -0.7305360703253386    -0.1566717663362104        0.0000000003002502     0.0000000000339601       -0.0000000000000000     0.0000000000000000
     0.0000000003002502     0.0000000000339601       -0.3094938387190829    -0.4981999021887547        0.0000000000000000     0.0000000000000000
     0.0000000000000000     0.0000000000000000        0.0000000000000000     0.0000000000000000       -0.1763675655435601    -0.1460053421585316
    2    2
     1.0201266732462002     0.0000000000000000       -0.0000000002557876     0.0000000000890505        0.0000000000000000     0.0000000000000000
    -0.0000000002557875    -0.0000000000890505        1.4562274805397166    -0.0000000000000000        0.0000000000000000    -0.0000000000000000
     0.0000000000000000    -0.0000000000000000        0.0000000000000000     0.0000000000000000        0.2931063439571965    -0.0000000000000000

     Diagonalizing the dynamical matrix

     q = (     0.135501355014    -0.078231743793     0.000000000000 )

***************************************************************************
   freq (    1) =     7.96349394 [THz] =   265.63352693 [cm-1]
(   0.000000  0.000000   0.000000  0.000000   0.136360  0.693834 )
(   0.000000 -0.000000   0.000000  0.000000  -0.337411  0.621413 )
   freq (    2) =    16.42803417 [THz] =   547.98015710 [cm-1]
(  -0.353553  0.000000  -0.612372 -0.000000   0.000000  0.000000 )
(  -0.345693 -0.074138  -0.598758 -0.128410  -0.000000  0.000000 )
   freq (    3) =    22.71871895 [THz] =   757.81478469 [cm-1]
(   0.000000  0.000000   0.000000 -0.000000  -0.071569 -0.703476 )
(   0.000000  0.000000   0.000000 -0.000000  -0.393468  0.587523 )
   freq (    4) =    29.32315304 [THz] =   978.11496125 [cm-1]
(  -0.612372  0.000000   0.353553  0.000000   0.000000 -0.000000 )
(  -0.323143 -0.520172   0.186567  0.300321  -0.000000  0.000000 )
   freq (    5) =    41.79964213 [THz] =  1394.28578127 [cm-1]
(   0.353553  0.000000   0.612372  0.000000  -0.000000 -0.000000 )
(  -0.345693 -0.074138  -0.598758 -0.128410  -0.000000  0.000000 )
   freq (    6) =    44.93932144 [THz] =  1499.01419498 [cm-1]
(  -0.612372  0.000000   0.353553  0.000000  -0.000000 -0.000000 )
(   0.323143  0.520172  -0.186567 -0.300321  -0.000000  0.000000 )
***************************************************************************
