Dynamical matrix file
File generated with the CellConstructor by Lorenzo Monacelli
1 2 0     1.8897259890000000     0.0000000000000000     0.0000000000000000     0.0000000000000000     0.0000000000000000     0.0000000000000000
Basis vectors
    2.4600000000000000     0.0000000000000000     0.0000000000000000
   -1.2300000000000000     2.1304224933097187     0.0000000000000000
    0.0000000000000000     0.0000000000000000    15.0000000000000000
	1  'C '  10947.3571678344233078
    1     1     0.0000000000000001    -0.0000000000000007     7.4999999999999982
    2     1     1.2299999999999998     0.7101408311032394     7.4999999999999982

     Dynamical Matrix in cartesian axes

     q = (    -0.203252032520     0.117347615689     0.000000000000 )

    1    1
     1.4145463483010670    -0.0000000000000000       -0.2314922085338705    -0.0000000000000000        0.0000000000000000    -0.0000000000000000
    -0.2314922085338706     0.0000000000000000        1.1472421710798115    -0.0000000000000000       -0.0000000000000000    -0.0000000000000000
     0.0000000000000000     0.0000000000000000       -0.0000000000000000     0.0000000000000000        0.2697185682460437    -0.0000000000000000
    1    2
    -0.1620172999408118    -0.0000000000000000       -0.2921594891605482     0.0000000000000000        0.0000000000000000     0.0000000000000000
    -0.2921594891605481     0.0000000000000000       -0.4993740200804274    -0.0000000000000000        0.0000000000000000    -0.0000000000000000
    -0.0000000000000000    -0.0000000000000000        0.0000000000000000     0.0000000000000000       -0.0782914900626169    -0.0000000000000000
    2    1
    -0.1620172999408118     0.0000000000000000       -0.2921594891605481    -0.0000000000000000       -0.0000000000000000     0.0000000000000000
    -0.2921594891605481    -0.0000000000000000       -0.4993740200804274     0.0000000000000000        0.0000000000000000    -0.0000000000000000
     0.0000000000000000    -0.0000000000000000        0.0000000000000000     0.0000000000000000       -0.0782914900626169     0.0000000000000000
    2    2
     1.4145463483010670     0.0000000000000000       -0.2314922085338705     0.0000000000000000        0.0000000000000000     0.0000000000000000
    -0.2314922085338706    -0.0000000000000000        1.1472421710798115     0.0000000000000000       -0.0000000000000000    -0.0000000000000000
     0.0000000000000000    -0.0000000000000000       -0.0000000000000000     0.0000000000000000        0.2697185682460437     0.0000000000000000

     Dynamical Matrix in cartesian axes

     q = (     0.203252032520     0.117347615689     0.000000000000 )

    1    1
     1.4145463481769032     0.0000000000000000        0.2314922079343374    -0.0000000000000000        0.0000000000000000     0.0000000000000000
     0.2314922079343373     0.0000000000000000        1.1472421710459402     0.0000000000000000       -0.0000000000000000     0.0000000000000000
     0.0000000000000000    -0.0000000000000000       -0.0000000000000000    -0.0000000000000000        0.2697185682496363     0.0000000000000000
    1    2
     0.1620173020943272     0.0000000000000000       -0.2921594884964716    -0.0000000000000000        0.0000000000000000    -0.0000000000000000
    -0.2921594884964716    -0.0000000000000000        0.4993740207540516     0.0000000000000000       -0.0000000000000000     0.0000000000000000
     0.0000000000000000    -0.0000000000000000       -0.0000000000000000     0.0000000000000000        0.0782914902847666     0.0000000000000000
    2    1
     0.1620173020943272    -0.0000000000000000       -0.2921594884964716     0.0000000000000000        0.0000000000000000     0.0000000000000000
    -0.2921594884964716     0.0000000000000000        0.4993740207540516    -0.0000000000000000       -0.0000000000000000    -0.0000000000000000
     0.0000000000000000     0.0000000000000000       -0.0000000000000000    -0.0000000000000000        0.0782914902847666    -0.0000000000000000
    2    2
     1.4145463481769032     0.0000000000000000        0.2314922079343374    -0.0000000000000000        0.0000000000000000     0.0000000000000000
     0.2314922079343373     0.0000000000000000        1.1472421710459402    -0.0000000000000000       -0.0000000000000000    -0.0000000000000000
     0.0000000000000000    -0.0000000000000000       -0.0000000000000000     0.0000000000000000        0.2697185682496363     0.0000000000000000

     Dynamical Matrix in cartesian axes

     q = (     0.000000000000     0.234695231378     0.000000000000 )

    1    1
     1.0135900820166288     0.0000000000000000       -0.0000000002625109    -0.0000000000000000       -0.0000000000000000     0.0000000000000000
    -0.0000000002625109     0.0000000000000000        1.5481984373642492    -0.0000000000000000        0.0000000000000000     0.0000000000000000
    -0.0000000000000000    -0.0000000000000000        0.0000000000000000    -0.0000000000000000        0.2697185682460437     0.0000000000000000
    1    2
    -0.6680523796152427    -0.0000000000000000        0.0000000003090875     0.0000000000000000       -0.0000000000000000     0.0000000000000000
     0.0000000003090875     0.0000000000000000        0.0066610595940033    -0.0000000000000000       -0.0000000000000000    -0.0000000000000000
     0.0000000000000000     0.0000000000000000       -0.0000000000000000    -0.0000000000000000       -0.0782914900626169    -0.0000000000000000
    2    1
    -0.6680523796152427     0.0000000000000000        0.0000000003090875    -0.0000000000000000        0.0000000000000000    -0.0000000000000000
     0.0000000003090875    -0.0000000000000000        0.0066610595940033     0.0000000000000000       -0.0000000000000000     0.0000000000000000
    -0.0000000000000000    -0.0000000000000000       -0.0000000000000000     0.0000000000000000       -0.0782914900626169     0.0000000000000000
    2    2
     1.0135900820166288     0.0000000000000000       -0.0000000002625109    -0.0000000000000000        0.0000000000000000    -0.0000000000000000
    -0.0000000002625109    -0.0000000000000000        1.5481984373642494    -0.0000000000000000        0.0000000000000000    -0.0000000000000000
     0.0000000000000000     0.0000000000000000        0.0000000000000000     0.0000000000000000        0.2697185682460437    -0.0000000000000000

     Diagonalizing the dynamical matrix

     q = (    -0.203252032520     0.117347615689     0.000000000000 )

***************************************************************************
   freq (    1) =    13.75695498 [THz] =   458.88255828 [cm-1]
(   0.000000  0.000000   0.000000 -0.000000   0.707107 -0.000000 )
(   0.000000  0.000000   0.000000 -0.000000   0.707107 -0.000000 )
   freq (    2) =    18.48282499 [THz] =   616.52059111 [cm-1]
(   0.353553  0.000000   0.612372  0.000000   0.000000 -0.000000 )
(   0.353553  0.000000   0.612372  0.000000  -0.000000  0.000000 )
   freq (    3) =    18.54883033 [THz] =   618.72229221 [cm-1]
(  -0.000000  0.000000  -0.000000 -0.000000   0.707107 -0.000000 )
(  -0.000000  0.000000  -0.000000 -0.000000  -0.707107  0.000000 )
   freq (    4) =    39.03890794 [THz] =  1302.19761423 [cm-1]
(  -0.612372  0.000000   0.353553 -0.000000  -0.000000 -0.000000 )
(   0.612372  0.000000  -0.353553 -0.000000   0.000000  0.000000 )
   freq (    5) =    39.20723411 [THz] =  1307.81237010 [cm-1]
(   0.612372  0.000000  -0.353553 -0.000000  -0.000000 -0.000000 )
(   0.612372  0.000000  -0.353553 -0.000000   0.000000  0.000000 )
   freq (    6) =    40.77438910 [THz] =  1360.08702631 [cm-1]
(  -0.353553  0.000000  -0.612372 -0.000000   0.000000 -0.000000 )
(   0.353553  0.000000   0.612372  0.000000  -0.000000  0.000000 )
***************************************************************************
