Dynamical matrix file
File generated with the CellConstructor by Lorenzo Monacelli
1 2 0     1.8897259890000000     0.0000000000000000     0.0000000000000000     0.0000000000000000     0.0000000000000000     0.0000000000000000
Basis vectors
    2.4600000000000000     0.0000000000000000     0.0000000000000000
   -1.2300000000000000     2.1304224933097187     0.0000000000000000
    0.0000000000000000     0.0000000000000000    15.0000000000000000
	1  'C '  10947.3571678344233078
    1     1     0.0000000000000001    -0.0000000000000007     7.4999999999999982
    2     1     1.2299999999999998     0.7101408311032394     7.4999999999999982

     Dynamical Matrix in cartesian axes

     q = (    -0.271002710027     0.000000000000     0.000000000000 )

    1    1
     1.2209754492232063    -0.0000000000000000       -0.0000000002625735     0.0586864113764063        0.0000000000000000     0.0000000000000000
    -0.0000000002625735    -0.0586864113764063        1.2209754495264005     0.0000000000000000       -0.0000000000000000    -0.0000000000000000
     0.0000000000000000    -0.0000000000000000       -0.0000000000000000     0.0000000000000000        0.2522383235659761     0.0000000000000000
    1    2
    -0.0684455237441958     0.1185511083948900       -0.1185511079074766    -0.0684455244225880        0.0000000000000000     0.0000000000000000
    -0.1185511079074766    -0.0684455244225880        0.0684455245381637    -0.1185511083948900        0.0000000000000000     0.0000000000000000
     0.0000000000000000     0.0000000000000000       -0.0000000000000000     0.0000000000000000        0.0000000001008518     0.0000000000000000
    2    1
    -0.0684455237441958    -0.1185511083948900       -0.1185511079074766     0.0684455244225880        0.0000000000000000    -0.0000000000000000
    -0.1185511079074766     0.0684455244225880        0.0684455245381637     0.1185511083948900       -0.0000000000000000    -0.0000000000000000
     0.0000000000000000    -0.0000000000000000        0.0000000000000000    -0.0000000000000000        0.0000000001008518    -0.0000000000000000
    2    2
     1.2209754492232063     0.0000000000000000       -0.0000000002625735    -0.0586864113764063       -0.0000000000000000    -0.0000000000000000
    -0.0000000002625735     0.0586864113764063        1.2209754495264005     0.0000000000000000       -0.0000000000000000     0.0000000000000000
    -0.0000000000000000     0.0000000000000000       -0.0000000000000000    -0.0000000000000000        0.2522383235659761     0.0000000000000000

     Dynamical Matrix in cartesian axes

     q = (     0.271002710027     0.000000000000     0.000000000000 )

    1    1
     1.2209754492232063     0.0000000000000000       -0.0000000002625735    -0.0586864113764063        0.0000000000000000    -0.0000000000000000
    -0.0000000002625735     0.0586864113764063        1.2209754495264005    -0.0000000000000000       -0.0000000000000000     0.0000000000000000
     0.0000000000000000     0.0000000000000000       -0.0000000000000000    -0.0000000000000000        0.2522383235659761    -0.0000000000000000
    1    2
    -0.0684455237441958    -0.1185511083948900       -0.1185511079074766     0.0684455244225880        0.0000000000000000    -0.0000000000000000
    -0.1185511079074766     0.0684455244225880        0.0684455245381638     0.1185511083948900        0.0000000000000000    -0.0000000000000000
     0.0000000000000000    -0.0000000000000000       -0.0000000000000000    -0.0000000000000000        0.0000000001008518    -0.0000000000000000
    2    1
    -0.0684455237441958     0.1185511083948900       -0.1185511079074766    -0.0684455244225880        0.0000000000000000     0.0000000000000000
    -0.1185511079074766    -0.0684455244225880        0.0684455245381638    -0.1185511083948900       -0.0000000000000000     0.0000000000000000
     0.0000000000000000     0.0000000000000000        0.0000000000000000     0.0000000000000000        0.0000000001008518     0.0000000000000000
    2    2
     1.2209754492232063    -0.0000000000000000       -0.0000000002625735     0.0586864113764063       -0.0000000000000000     0.0000000000000000
    -0.0000000002625735    -0.0586864113764063        1.2209754495264005    -0.0000000000000000       -0.0000000000000000    -0.0000000000000000
    -0.0000000000000000    -0.0000000000000000       -0.0000000000000000     0.0000000000000000        0.2522383235659761    -0.0000000000000000

     Diagonalizing the dynamical matrix

     q = (    -0.271002710027     0.000000000000     0.000000000000 )

***************************************************************************
   freq (    1) =    15.79160114 [THz] =   526.75103927 [cm-1]
(   0.000000  0.000000  -0.000000  0.000000  -0.656944  0.261581 )
(  -0.000000 -0.000000   0.000000 -0.000000   0.656944 -0.261581 )
   freq (    2) =    15.79160115 [THz] =   526.75103948 [cm-1]
(   0.000000  0.000000  -0.000000  0.000000  -0.671779  0.220711 )
(  -0.000000 -0.000000   0.000000 -0.000000  -0.671778  0.220711 )
   freq (    3) =    29.63814718 [THz] =   988.62203339 [cm-1]
(   0.500000  0.000000  -0.000000  0.500000   0.000000 -0.000000 )
(   0.250000  0.433013   0.433013 -0.250000   0.000000 -0.000000 )
   freq (    4) =    35.56872058 [THz] =  1186.44463993 [cm-1]
(  -0.500000  0.000000  -0.000000  0.500000   0.000000  0.000000 )
(   0.250000 -0.433013   0.433013  0.250000  -0.000000  0.000000 )
   freq (    5) =    35.56872059 [THz] =  1186.44464046 [cm-1]
(  -0.500000  0.000000  -0.000000  0.500000  -0.000000 -0.000000 )
(  -0.250000  0.433013  -0.433013 -0.250000   0.000000 -0.000000 )
   freq (    6) =    37.67980118 [THz] =  1256.86269901 [cm-1]
(  -0.500000  0.000000   0.000000 -0.500000  -0.000000  0.000000 )
(   0.250000  0.433013   0.433013 -0.250000  -0.000000 -0.000000 )
***************************************************************************
