Dynamical matrix file
File generated with the CellConstructor by Lorenzo Monacelli
1 2 0     1.8897259890000000     0.0000000000000000     0.0000000000000000     0.0000000000000000     0.0000000000000000     0.0000000000000000
Basis vectors
    2.4600000000000000     0.0000000000000000     0.0000000000000000
   -1.2300000000000000     2.1304224933097187     0.0000000000000000
    0.0000000000000000     0.0000000000000000    15.0000000000000000
	1  'C '  10947.3571678344233078
    1     1     0.0000000000000001    -0.0000000000000007     7.4999999999999982
    2     1     1.2299999999999998     0.7101408311032394     7.4999999999999982

     Dynamical Matrix in cartesian axes

     q = (     0.067750677507    -0.117347615689     0.000000000000 )

    1    1
     1.1306612680545116     0.0000000000000000       -0.1350760867020195     0.0141398890348280        0.0000000000000000    -0.0000000000000000
    -0.1350760867020196    -0.0141398890348280        1.2866336980957389    -0.0000000000000000       -0.0000000000000000     0.0000000000000000
     0.0000000000000000     0.0000000000000000       -0.0000000000000000    -0.0000000000000000        0.3016622295839292     0.0000000000000000
    1    2
    -0.7062739791944190     0.1950036603160471        0.0055112452055760    -0.1125854157764783       -0.0000000000000000     0.0000000000000000
     0.0055112452055759    -0.1125854157764784       -0.7126378170021378    -0.1950036603204540        0.0000000000000000    -0.0000000000000000
    -0.0000000000000000     0.0000000000000000        0.0000000000000000    -0.0000000000000000       -0.2680631230647397     0.0000000000002255
    2    1
    -0.7062739791944190    -0.1950036603160471        0.0055112452055760     0.1125854157764783       -0.0000000000000000    -0.0000000000000000
     0.0055112452055759     0.1125854157764784       -0.7126378170021378     0.1950036603204540        0.0000000000000000     0.0000000000000000
    -0.0000000000000000    -0.0000000000000000        0.0000000000000000     0.0000000000000000       -0.2680631230647397    -0.0000000000002255
    2    2
     1.1306612680545116    -0.0000000000000000       -0.1350760867020196    -0.0141398890348279        0.0000000000000000     0.0000000000000000
    -0.1350760867020196     0.0141398890348279        1.2866336980957389     0.0000000000000000       -0.0000000000000000    -0.0000000000000000
     0.0000000000000000    -0.0000000000000000       -0.0000000000000000     0.0000000000000000        0.3016622295839292    -0.0000000000000000

     Dynamical Matrix in cartesian axes

     q = (    -0.067750677507     0.117347615689     0.000000000000 )

    1    1
     1.1306612680545116    -0.0000000000000000       -0.1350760867020195    -0.0141398890348280        0.0000000000000000     0.0000000000000000
    -0.1350760867020196     0.0141398890348280        1.2866336980957389     0.0000000000000000       -0.0000000000000000    -0.0000000000000000
     0.0000000000000000    -0.0000000000000000       -0.0000000000000000     0.0000000000000000        0.3016622295839292    -0.0000000000000000
    1    2
    -0.7062739791944190    -0.1950036603160471        0.0055112452055760     0.1125854157764783       -0.0000000000000000    -0.0000000000000000
     0.0055112452055759     0.1125854157764784       -0.7126378170021378     0.1950036603204540        0.0000000000000000     0.0000000000000000
    -0.0000000000000000    -0.0000000000000000        0.0000000000000000     0.0000000000000000       -0.2680631230647397    -0.0000000000002255
    2    1
    -0.7062739791944190     0.1950036603160471        0.0055112452055760    -0.1125854157764783       -0.0000000000000000     0.0000000000000000
     0.0055112452055759    -0.1125854157764784       -0.7126378170021378    -0.1950036603204540        0.0000000000000000    -0.0000000000000000
    -0.0000000000000000     0.0000000000000000        0.0000000000000000    -0.0000000000000000       -0.2680631230647397     0.0000000000002255
    2    2
     1.1306612680545116     0.0000000000000000       -0.1350760867020196     0.0141398890348279        0.0000000000000000    -0.0000000000000000
    -0.1350760867020196    -0.0141398890348279        1.2866336980957389    -0.0000000000000000       -0.0000000000000000     0.0000000000000000
     0.0000000000000000     0.0000000000000000       -0.0000000000000000    -0.0000000000000000        0.3016622295839292     0.0000000000000000

     Dynamical Matrix in cartesian axes

     q = (    -0.067750677507    -0.117347615689     0.000000000000 )

    1    1
     1.1306612680186217     0.0000000000000000        0.1350760860577813    -0.0141398888739081       -0.0000000000000000     0.0000000000000000
     0.1350760860577813     0.0141398888739081        1.2866336982906381    -0.0000000000000000       -0.0000000000000000     0.0000000000000000
    -0.0000000000000000    -0.0000000000000000       -0.0000000000000000    -0.0000000000000000        0.3016622295806630     0.0000000000000000
    1    2
    -0.5220150975468464    -0.5141493942796088       -0.1002574538131103     0.0515198266706076        0.0000000000000000     0.0000000000000000
    -0.1002574538131103     0.0515198266706077       -0.1874407628696718    -0.7146642891757530        0.0000000000000000     0.0000000000000000
     0.0000000000000000    -0.0000000000000000        0.0000000000000000     0.0000000000000000       -0.1340315546525400    -0.2321494784013579
    2    1
    -0.5220150975468464     0.5141493942796088       -0.1002574538131103    -0.0515198266706076        0.0000000000000000     0.0000000000000000
    -0.1002574538131104    -0.0515198266706077       -0.1874407628696718     0.7146642891757530        0.0000000000000000    -0.0000000000000000
     0.0000000000000000    -0.0000000000000000        0.0000000000000000    -0.0000000000000000       -0.1340315546525400     0.2321494784013579
    2    2
     1.1306612680186217    -0.0000000000000000        0.1350760860577813     0.0141398888739081        0.0000000000000000    -0.0000000000000000
     0.1350760860577813    -0.0141398888739081        1.2866336982906381     0.0000000000000000        0.0000000000000000    -0.0000000000000000
     0.0000000000000000     0.0000000000000000        0.0000000000000000     0.0000000000000000        0.3016622295806630     0.0000000000000000

     Dynamical Matrix in cartesian axes

     q = (     0.067750677507     0.117347615689     0.000000000000 )

    1    1
     1.1306612680186217    -0.0000000000000000        0.1350760860577813     0.0141398888739081       -0.0000000000000000    -0.0000000000000000
     0.1350760860577813    -0.0141398888739081        1.2866336982906381     0.0000000000000000       -0.0000000000000000    -0.0000000000000000
    -0.0000000000000000     0.0000000000000000       -0.0000000000000000     0.0000000000000000        0.3016622295806630    -0.0000000000000000
    1    2
    -0.5220150975468464     0.5141493942796088       -0.1002574538131103    -0.0515198266706076        0.0000000000000000    -0.0000000000000000
    -0.1002574538131103    -0.0515198266706077       -0.1874407628696718     0.7146642891757530        0.0000000000000000    -0.0000000000000000
     0.0000000000000000     0.0000000000000000        0.0000000000000000    -0.0000000000000000       -0.1340315546525400     0.2321494784013579
    2    1
    -0.5220150975468464    -0.5141493942796088       -0.1002574538131103     0.0515198266706076        0.0000000000000000    -0.0000000000000000
    -0.1002574538131104     0.0515198266706077       -0.1874407628696718    -0.7146642891757530        0.0000000000000000     0.0000000000000000
     0.0000000000000000     0.0000000000000000        0.0000000000000000     0.0000000000000000       -0.1340315546525400    -0.2321494784013579
    2    2
     1.1306612680186217     0.0000000000000000        0.1350760860577813    -0.0141398888739081        0.0000000000000000     0.0000000000000000
     0.1350760860577813     0.0141398888739081        1.2866336982906381    -0.0000000000000000        0.0000000000000000     0.0000000000000000
     0.0000000000000000    -0.0000000000000000        0.0000000000000000    -0.0000000000000000        0.3016622295806630    -0.0000000000000000

     Dynamical Matrix in cartesian axes

     q = (     0.135501355014     0.000000000000     0.000000000000 )

    1    1
     1.3646199126924456    -0.0000000000000000       -0.0000000004275647    -0.0141398888739080       -0.0000000000000000    -0.0000000000000000
    -0.0000000004275647     0.0141398888739080        1.0526750536168146    -0.0000000000000000       -0.0000000000000000     0.0000000000000000
    -0.0000000000000000     0.0000000000000000       -0.0000000000000000    -0.0000000000000000        0.3016622295806630     0.0000000000000000
    1    2
    -0.3579098484542097     0.6199180867596639       -0.1950036635481740    -0.1125854097451929        0.0000000000000000     0.0000000000000000
    -0.1950036635481739    -0.1125854097451929       -0.3515460119546778     0.6088955967001035        0.0000000000000000    -0.0000000000000000
     0.0000000000000000     0.0000000000000000        0.0000000000000000    -0.0000000000000000       -0.1340315546529308     0.2321494784011322
    2    1
    -0.3579098484542096    -0.6199180867596639       -0.1950036635481739     0.1125854097451929        0.0000000000000000    -0.0000000000000000
    -0.1950036635481739     0.1125854097451929       -0.3515460119546778    -0.6088955967001035        0.0000000000000000     0.0000000000000000
     0.0000000000000000    -0.0000000000000000        0.0000000000000000     0.0000000000000000       -0.1340315546529308    -0.2321494784011322
    2    2
     1.3646199126924456     0.0000000000000000       -0.0000000004275647     0.0141398888739081       -0.0000000000000000     0.0000000000000000
    -0.0000000004275647    -0.0141398888739081        1.0526750536168146     0.0000000000000000       -0.0000000000000000    -0.0000000000000000
    -0.0000000000000000    -0.0000000000000000       -0.0000000000000000     0.0000000000000000        0.3016622295806630    -0.0000000000000000

     Dynamical Matrix in cartesian axes

     q = (    -0.135501355014     0.000000000000     0.000000000000 )

    1    1
     1.3646199126924456     0.0000000000000000       -0.0000000004275647     0.0141398888739080       -0.0000000000000000     0.0000000000000000
    -0.0000000004275647    -0.0141398888739080        1.0526750536168146     0.0000000000000000       -0.0000000000000000    -0.0000000000000000
    -0.0000000000000000    -0.0000000000000000       -0.0000000000000000     0.0000000000000000        0.3016622295806630    -0.0000000000000000
    1    2
    -0.3579098484542098    -0.6199180867596639       -0.1950036635481740     0.1125854097451929        0.0000000000000000    -0.0000000000000000
    -0.1950036635481739     0.1125854097451930       -0.3515460119546778    -0.6088955967001035        0.0000000000000000     0.0000000000000000
     0.0000000000000000    -0.0000000000000000        0.0000000000000000     0.0000000000000000       -0.1340315546529309    -0.2321494784011322
    2    1
    -0.3579098484542098     0.6199180867596639       -0.1950036635481740    -0.1125854097451929        0.0000000000000000     0.0000000000000000
    -0.1950036635481739    -0.1125854097451929       -0.3515460119546778     0.6088955967001035        0.0000000000000000    -0.0000000000000000
     0.0000000000000000     0.0000000000000000        0.0000000000000000    -0.0000000000000000       -0.1340315546529309     0.2321494784011322
    2    2
     1.3646199126924456    -0.0000000000000000       -0.0000000004275647    -0.0141398888739081       -0.0000000000000000    -0.0000000000000000
    -0.0000000004275647     0.0141398888739081        1.0526750536168146    -0.0000000000000000       -0.0000000000000000     0.0000000000000000
    -0.0000000000000000     0.0000000000000000       -0.0000000000000000    -0.0000000000000000        0.3016622295806630     0.0000000000000000

     Diagonalizing the dynamical matrix

     q = (     0.067750677507    -0.117347615689     0.000000000000 )

***************************************************************************
   freq (    1) =     5.76347608 [THz] =   192.24884082 [cm-1]
(  -0.000000  0.000000  -0.000000 -0.000000   0.699870 -0.100904 )
(  -0.000000  0.000000  -0.000000 -0.000000   0.699870 -0.100904 )
   freq (    2) =    17.70606915 [THz] =   590.61080919 [cm-1]
(   0.608670  0.000000   0.342838  0.109469  -0.000000  0.000000 )
(   0.601241  0.094803   0.355704 -0.054734   0.000000 -0.000000 )
   freq (    3) =    23.73304177 [THz] =   791.64894713 [cm-1]
(   0.000000  0.000000  -0.000000 -0.000000   0.685432 -0.173734 )
(   0.000000  0.000000  -0.000000 -0.000000  -0.685432  0.173734 )
   freq (    4) =    24.55625194 [THz] =   819.10827890 [cm-1]
(  -0.364968  0.000000   0.554297  0.244036   0.000000 -0.000000 )
(  -0.297551 -0.211341   0.593220  0.122018  -0.000000  0.000000 )
   freq (    5) =    42.12195122 [THz] =  1405.03685362 [cm-1]
(  -0.605639  0.000000  -0.334029 -0.147060  -0.000000 -0.000000 )
(   0.592097  0.127358   0.357484 -0.073530  -0.000000 -0.000000 )
   freq (    6) =    45.70481108 [THz] =  1524.54817742 [cm-1]
(  -0.359891  0.000000   0.579829  0.185140  -0.000000  0.000000 )
(   0.322201  0.160336  -0.601589 -0.092570   0.000000  0.000000 )
***************************************************************************
