Dynamical matrix file
File generated with the CellConstructor by Lorenzo Monacelli
1 2 0     1.8897259890000000     0.0000000000000000     0.0000000000000000     0.0000000000000000     0.0000000000000000     0.0000000000000000
Basis vectors
    2.4600000000000000     0.0000000000000000     0.0000000000000000
   -1.2300000000000000     2.1304224933097187     0.0000000000000000
    0.0000000000000000     0.0000000000000000    15.0000000000000000
	1  'C '  10947.3571678344233078
    1     1     0.0000000000000001    -0.0000000000000007     7.4999999999999982
    2     1     1.2299999999999998     0.7101408311032394     7.4999999999999982

     Dynamical Matrix in cartesian axes

     q = (     0.000000000000     0.000000000000     0.000000000000 )

    1    1
     1.0640912792472652     0.0000000000000000       -0.0000000003184939     0.0000000000000000        0.0000000000000000     0.0000000000000000
    -0.0000000003184937     0.0000000000000000        1.0640912796150306     0.0000000000000000       -0.0000000000000000     0.0000000000000000
     0.0000000000000000     0.0000000000000000       -0.0000000000000000     0.0000000000000000        0.3377669258167197     0.0000000000000000
    1    2
    -1.0640912792472650     0.0000000000000000        0.0000000003184939     0.0000000000000000       -0.0000000000000000     0.0000000000000000
     0.0000000003184939     0.0000000000000000       -1.0640912796150304     0.0000000000000000        0.0000000000000000     0.0000000000000000
    -0.0000000000000000     0.0000000000000000        0.0000000000000000     0.0000000000000000       -0.3377669258167197     0.0000000000000000
    2    1
    -1.0640912792472652     0.0000000000000000        0.0000000003184939     0.0000000000000000       -0.0000000000000000     0.0000000000000000
     0.0000000003184939     0.0000000000000000       -1.0640912796150304     0.0000000000000000        0.0000000000000000     0.0000000000000000
    -0.0000000000000000     0.0000000000000000        0.0000000000000000     0.0000000000000000       -0.3377669258167197     0.0000000000000000
    2    2
     1.0640912792472652     0.0000000000000000       -0.0000000003184939     0.0000000000000000        0.0000000000000000     0.0000000000000000
    -0.0000000003184939     0.0000000000000000        1.0640912796150304     0.0000000000000000       -0.0000000000000000     0.0000000000000000
     0.0000000000000000     0.0000000000000000       -0.0000000000000000     0.0000000000000000        0.3377669258167197     0.0000000000000000

     Diagonalizing the dynamical matrix

     q = (     0.000000000000     0.000000000000     0.000000000000 )

***************************************************************************
   freq (    1) =    -0.00000042 [THz] =    -0.00001403 [cm-1]
(  -0.393071  0.000000  -0.503227  0.000000  -0.303740  0.000000 )
(  -0.393071  0.000000  -0.503227  0.000000  -0.303740  0.000000 )
   freq (    2) =    -0.00000038 [THz] =    -0.00001252 [cm-1]
(  -0.228461  0.000000  -0.205869  0.000000   0.636729  0.000000 )
(  -0.228461  0.000000  -0.205869  0.000000   0.636729  0.000000 )
   freq (    3) =     0.00000016 [THz] =     0.00000520 [cm-1]
(   0.541573  0.000000  -0.452085  0.000000   0.048149  0.000000 )
(   0.541573  0.000000  -0.452085  0.000000   0.048149  0.000000 )
   freq (    4) =    25.84307506 [THz] =   862.03207172 [cm-1]
(  -0.000000  0.000000   0.000000  0.000000   0.707107  0.000000 )
(   0.000000  0.000000   0.000000  0.000000  -0.707107  0.000000 )
   freq (    5) =    45.86961241 [THz] =  1530.04535699 [cm-1]
(  -0.612372  0.000000  -0.353553  0.000000  -0.000000  0.000000 )
(   0.612372  0.000000   0.353553  0.000000  -0.000000  0.000000 )
   freq (    6) =    45.86961242 [THz] =  1530.04535752 [cm-1]
(  -0.353553  0.000000   0.612372  0.000000   0.000000  0.000000 )
(   0.353553  0.000000  -0.612372  0.000000   0.000000  0.000000 )
***************************************************************************
