Dynamical matrix file
File generated with the CellConstructor by Lorenzo Monacelli
1 2 0     1.8897259890000000     0.0000000000000000     0.0000000000000000     0.0000000000000000     0.0000000000000000     0.0000000000000000
Basis vectors
    2.4600000000000000     0.0000000000000000     0.0000000000000000
   -1.2300000000000000     2.1304224933097187     0.0000000000000000
    0.0000000000000000     0.0000000000000000    15.0000000000000000
	1  'C '  10947.3571678344233078
    1     1     0.0000000000000001    -0.0000000000000007     7.4999999999999982
    2     1     1.2299999999999998     0.7101408311032394     7.4999999999999982

     Dynamical Matrix in cartesian axes

     q = (     0.067750677507     0.195579359482     0.000000000000 )

    1    1
     1.1214766812386601     0.0000000000000000        0.0597102281505394     0.0142638293740945        0.0000000000000000     0.0000000000000000
     0.0597102281505394    -0.0142638293740945        1.4707039682481828     0.0000000000000000        0.0000000000000000     0.0000000000000000
     0.0000000000000000     0.0000000000000000        0.0000000000000000     0.0000000000000000        0.2717031209199345     0.0000000000000000
    1    2
    -0.4448225384646075     0.3477986422899182       -0.0649005903910774    -0.0582297077266943        0.0000000000000000     0.0000000000000000
    -0.0649005903910773    -0.0582297077266944        0.1178372502433915     0.2599395763684758        0.0000000000000000     0.0000000000000000
     0.0000000000000000     0.0000000000000000        0.0000000000000000     0.0000000000000000       -0.0410703765320903     0.1195106855754418
    2    1
    -0.4448225384646075    -0.3477986422899182       -0.0649005903910774     0.0582297077266943        0.0000000000000000     0.0000000000000000
    -0.0649005903910773     0.0582297077266944        0.1178372502433915    -0.2599395763684758        0.0000000000000000     0.0000000000000000
     0.0000000000000000     0.0000000000000000        0.0000000000000000     0.0000000000000000       -0.0410703765320903    -0.1195106855754418
    2    2
     1.1214766812386601     0.0000000000000000        0.0597102281505394    -0.0142638293740945        0.0000000000000000     0.0000000000000000
     0.0597102281505394     0.0142638293740945        1.4707039682481828     0.0000000000000000        0.0000000000000000     0.0000000000000000
     0.0000000000000000     0.0000000000000000        0.0000000000000000     0.0000000000000000        0.2717031209199345     0.0000000000000000

     Dynamical Matrix in cartesian axes

     q = (    -0.067750677507    -0.195579359482     0.000000000000 )

    1    1
     1.1214766812386601     0.0000000000000000        0.0597102281505394    -0.0142638293740945        0.0000000000000000     0.0000000000000000
     0.0597102281505394     0.0142638293740945        1.4707039682481828     0.0000000000000000        0.0000000000000000     0.0000000000000000
     0.0000000000000000     0.0000000000000000        0.0000000000000000     0.0000000000000000        0.2717031209199345     0.0000000000000000
    1    2
    -0.4448225384646075    -0.3477986422899183       -0.0649005903910774     0.0582297077266943        0.0000000000000000     0.0000000000000000
    -0.0649005903910773     0.0582297077266944        0.1178372502433915    -0.2599395763684758        0.0000000000000000     0.0000000000000000
     0.0000000000000000     0.0000000000000000        0.0000000000000000     0.0000000000000000       -0.0410703765320903    -0.1195106855754418
    2    1
    -0.4448225384646075     0.3477986422899183       -0.0649005903910774    -0.0582297077266943        0.0000000000000000     0.0000000000000000
    -0.0649005903910773    -0.0582297077266944        0.1178372502433915     0.2599395763684758        0.0000000000000000     0.0000000000000000
     0.0000000000000000     0.0000000000000000        0.0000000000000000     0.0000000000000000       -0.0410703765320903     0.1195106855754418
    2    2
     1.1214766812386601     0.0000000000000000        0.0597102281505394     0.0142638293740945        0.0000000000000000     0.0000000000000000
     0.0597102281505394    -0.0142638293740945        1.4707039682481828     0.0000000000000000        0.0000000000000000     0.0000000000000000
     0.0000000000000000     0.0000000000000000        0.0000000000000000     0.0000000000000000        0.2717031209199345     0.0000000000000000

     Dynamical Matrix in cartesian axes

     q = (    -0.067750677507     0.195579359482     0.000000000000 )

    1    1
     1.1214766812386601     0.0000000000000000       -0.0597102281505395    -0.0142638293740945        0.0000000000000000     0.0000000000000000
    -0.0597102281505394     0.0142638293740945        1.4707039682481835     0.0000000000000000        0.0000000000000000     0.0000000000000000
     0.0000000000000000     0.0000000000000000        0.0000000000000000     0.0000000000000000        0.2717031209199345     0.0000000000000000
    1    2
    -0.5236137226988071    -0.2113283125998607       -0.0179781134370375     0.0853204133387296        0.0000000000000000     0.0000000000000000
    -0.0179781134370376     0.0853204133387296       -0.1661956582236425     0.2320198355640236        0.0000000000000000     0.0000000000000000
     0.0000000000000000     0.0000000000000000        0.0000000000000000     0.0000000000000000       -0.1240344787029141     0.0241873497534588
    2    1
    -0.5236137226988071     0.2113283125998607       -0.0179781134370375    -0.0853204133387296        0.0000000000000000     0.0000000000000000
    -0.0179781134370376    -0.0853204133387296       -0.1661956582236425    -0.2320198355640236        0.0000000000000000     0.0000000000000000
     0.0000000000000000     0.0000000000000000        0.0000000000000000     0.0000000000000000       -0.1240344787029141    -0.0241873497534588
    2    2
     1.1214766812386601     0.0000000000000000       -0.0597102281505395     0.0142638293740945        0.0000000000000000     0.0000000000000000
    -0.0597102281505394    -0.0142638293740945        1.4707039682481835     0.0000000000000000        0.0000000000000000     0.0000000000000000
     0.0000000000000000     0.0000000000000000        0.0000000000000000     0.0000000000000000        0.2717031209199345     0.0000000000000000

     Dynamical Matrix in cartesian axes

     q = (     0.067750677507    -0.195579359482     0.000000000000 )

    1    1
     1.1214766812386601     0.0000000000000000       -0.0597102281505395     0.0142638293740945        0.0000000000000000     0.0000000000000000
    -0.0597102281505394    -0.0142638293740945        1.4707039682481835     0.0000000000000000        0.0000000000000000     0.0000000000000000
     0.0000000000000000     0.0000000000000000        0.0000000000000000     0.0000000000000000        0.2717031209199345     0.0000000000000000
    1    2
    -0.5236137226988071     0.2113283125998608       -0.0179781134370375    -0.0853204133387296        0.0000000000000000     0.0000000000000000
    -0.0179781134370376    -0.0853204133387296       -0.1661956582236425    -0.2320198355640236        0.0000000000000000     0.0000000000000000
     0.0000000000000000     0.0000000000000000        0.0000000000000000     0.0000000000000000       -0.1240344787029141    -0.0241873497534588
    2    1
    -0.5236137226988071    -0.2113283125998608       -0.0179781134370375     0.0853204133387296        0.0000000000000000     0.0000000000000000
    -0.0179781134370376     0.0853204133387296       -0.1661956582236425     0.2320198355640236        0.0000000000000000     0.0000000000000000
     0.0000000000000000     0.0000000000000000        0.0000000000000000     0.0000000000000000       -0.1240344787029141     0.0241873497534588
    2    2
     1.1214766812386601     0.0000000000000000       -0.0597102281505395    -0.0142638293740945        0.0000000000000000     0.0000000000000000
    -0.0597102281505394     0.0142638293740945        1.4707039682481835     0.0000000000000000        0.0000000000000000     0.0000000000000000
     0.0000000000000000     0.0000000000000000        0.0000000000000000     0.0000000000000000        0.2717031209199345     0.0000000000000000

     Dynamical Matrix in cartesian axes

     q = (    -0.135501355014     0.156463487585     0.000000000000 )

    1    1
     1.3316865720516695     0.0000000000000000       -0.1810749651977526    -0.0142638293740945        0.0000000000000000     0.0000000000000000
    -0.1810749651977526     0.0142638293740945        1.2604940774351729     0.0000000000000000        0.0000000000000000     0.0000000000000000
     0.0000000000000000     0.0000000000000000        0.0000000000000000     0.0000000000000000        0.2717031209199345     0.0000000000000000
    1    2
    -0.2711196772910268    -0.1950724439357804       -0.1637556185219971     0.1493151728459910        0.0000000000000000     0.0000000000000000
    -0.1637556185219971     0.1493151728459910       -0.4186897036314230     0.1743809209716189        0.0000000000000000     0.0000000000000000
     0.0000000000000000     0.0000000000000000        0.0000000000000000     0.0000000000000000       -0.1240344787029141    -0.0241873497534586
    2    1
    -0.2711196772910268     0.1950724439357804       -0.1637556185219971    -0.1493151728459910        0.0000000000000000     0.0000000000000000
    -0.1637556185219971    -0.1493151728459910       -0.4186897036314230    -0.1743809209716189        0.0000000000000000     0.0000000000000000
     0.0000000000000000     0.0000000000000000        0.0000000000000000     0.0000000000000000       -0.1240344787029141     0.0241873497534586
    2    2
     1.3316865720516695     0.0000000000000000       -0.1810749651977526     0.0142638293740945        0.0000000000000000     0.0000000000000000
    -0.1810749651977526    -0.0142638293740945        1.2604940774351729     0.0000000000000000        0.0000000000000000     0.0000000000000000
     0.0000000000000000     0.0000000000000000        0.0000000000000000     0.0000000000000000        0.2717031209199345     0.0000000000000000

     Dynamical Matrix in cartesian axes

     q = (     0.203252032520     0.039115871896     0.000000000000 )

    1    1
     1.4351077209399339     0.0000000000000000        0.1213647370472131    -0.0142638293740945        0.0000000000000000     0.0000000000000000
     0.1213647370472132     0.0142638293740945        1.1570729285469095     0.0000000000000000        0.0000000000000000     0.0000000000000000
     0.0000000000000000     0.0000000000000000        0.0000000000000000     0.0000000000000000        0.2717031209199345     0.0000000000000000
    1    2
     0.0790332771691592     0.2314759297932681       -0.2760891313307123    -0.0089292135205439        0.0000000000000000     0.0000000000000000
    -0.2760891313307123    -0.0089292135205439        0.2479520641822205     0.3762622602791607        0.0000000000000000     0.0000000000000000
     0.0000000000000000     0.0000000000000000        0.0000000000000000     0.0000000000000000        0.0410703869800466     0.1195106819849549
    2    1
     0.0790332771691592    -0.2314759297932681       -0.2760891313307123     0.0089292135205439        0.0000000000000000     0.0000000000000000
    -0.2760891313307123     0.0089292135205439        0.2479520641822205    -0.3762622602791607        0.0000000000000000     0.0000000000000000
     0.0000000000000000     0.0000000000000000        0.0000000000000000     0.0000000000000000        0.0410703869800466    -0.1195106819849549
    2    2
     1.4351077209399339     0.0000000000000000        0.1213647370472131     0.0142638293740945        0.0000000000000000     0.0000000000000000
     0.1213647370472132    -0.0142638293740945        1.1570729285469095     0.0000000000000000        0.0000000000000000     0.0000000000000000
     0.0000000000000000     0.0000000000000000        0.0000000000000000     0.0000000000000000        0.2717031209199345     0.0000000000000000

     Dynamical Matrix in cartesian axes

     q = (    -0.203252032520    -0.039115871896     0.000000000000 )

    1    1
     1.4351077209399339     0.0000000000000000        0.1213647370472131     0.0142638293740945        0.0000000000000000     0.0000000000000000
     0.1213647370472132    -0.0142638293740945        1.1570729285469095     0.0000000000000000        0.0000000000000000     0.0000000000000000
     0.0000000000000000     0.0000000000000000        0.0000000000000000     0.0000000000000000        0.2717031209199345     0.0000000000000000
    1    2
     0.0790332771691592    -0.2314759297932681       -0.2760891313307123     0.0089292135205439        0.0000000000000000     0.0000000000000000
    -0.2760891313307123     0.0089292135205439        0.2479520641822205    -0.3762622602791607        0.0000000000000000     0.0000000000000000
     0.0000000000000000     0.0000000000000000        0.0000000000000000     0.0000000000000000        0.0410703869800466    -0.1195106819849549
    2    1
     0.0790332771691592     0.2314759297932681       -0.2760891313307123    -0.0089292135205439        0.0000000000000000     0.0000000000000000
    -0.2760891313307123    -0.0089292135205439        0.2479520641822205     0.3762622602791607        0.0000000000000000     0.0000000000000000
     0.0000000000000000     0.0000000000000000        0.0000000000000000     0.0000000000000000        0.0410703869800466     0.1195106819849549
    2    2
     1.4351077209399339     0.0000000000000000        0.1213647370472131    -0.0142638293740945        0.0000000000000000     0.0000000000000000
     0.1213647370472132     0.0142638293740945        1.1570729285469095     0.0000000000000000        0.0000000000000000     0.0000000000000000
     0.0000000000000000     0.0000000000000000        0.0000000000000000     0.0000000000000000        0.2717031209199345     0.0000000000000000

     Dynamical Matrix in cartesian axes

     q = (     0.135501355014    -0.156463487585     0.000000000000 )

    1    1
     1.3316865720516695     0.0000000000000000       -0.1810749651977526     0.0142638293740945        0.0000000000000000     0.0000000000000000
    -0.1810749651977526    -0.0142638293740945        1.2604940774351729     0.0000000000000000        0.0000000000000000     0.0000000000000000
     0.0000000000000000     0.0000000000000000        0.0000000000000000     0.0000000000000000        0.2717031209199345     0.0000000000000000
    1    2
    -0.2711196772910268     0.1950724439357805       -0.1637556185219971    -0.1493151728459910        0.0000000000000000     0.0000000000000000
    -0.1637556185219971    -0.1493151728459910       -0.4186897036314230    -0.1743809209716189        0.0000000000000000     0.0000000000000000
     0.0000000000000000     0.0000000000000000        0.0000000000000000     0.0000000000000000       -0.1240344787029141     0.0241873497534586
    2    1
    -0.2711196772910268    -0.1950724439357805       -0.1637556185219971     0.1493151728459910        0.0000000000000000     0.0000000000000000
    -0.1637556185219971     0.1493151728459910       -0.4186897036314230     0.1743809209716189        0.0000000000000000     0.0000000000000000
     0.0000000000000000     0.0000000000000000        0.0000000000000000     0.0000000000000000       -0.1240344787029141    -0.0241873497534586
    2    2
     1.3316865720516695     0.0000000000000000       -0.1810749651977526    -0.0142638293740945        0.0000000000000000     0.0000000000000000
    -0.1810749651977526     0.0142638293740945        1.2604940774351729     0.0000000000000000        0.0000000000000000     0.0000000000000000
     0.0000000000000000     0.0000000000000000        0.0000000000000000     0.0000000000000000        0.2717031209199345     0.0000000000000000

     Dynamical Matrix in cartesian axes

     q = (    -0.135501355014    -0.156463487585     0.000000000000 )

    1    1
     1.3316865720516695     0.0000000000000000        0.1810749651977526    -0.0142638293740945        0.0000000000000000     0.0000000000000000
     0.1810749651977526     0.0142638293740945        1.2604940774351729     0.0000000000000000        0.0000000000000000     0.0000000000000000
     0.0000000000000000     0.0000000000000000        0.0000000000000000     0.0000000000000000        0.2717031209199345     0.0000000000000000
    1    2
    -0.0333778340122197    -0.3323327519130810       -0.2111885460302382     0.0671589269210280        0.0000000000000000     0.0000000000000000
    -0.2111885460302382     0.0671589269210280        0.3603631753635997    -0.2754054381593476        0.0000000000000000     0.0000000000000000
     0.0000000000000000     0.0000000000000000        0.0000000000000000     0.0000000000000000        0.0410703869800466    -0.1195106819849548
    2    1
    -0.0333778340122197     0.3323327519130810       -0.2111885460302382    -0.0671589269210280        0.0000000000000000     0.0000000000000000
    -0.2111885460302382    -0.0671589269210280        0.3603631753635997     0.2754054381593476        0.0000000000000000     0.0000000000000000
     0.0000000000000000     0.0000000000000000        0.0000000000000000     0.0000000000000000        0.0410703869800466     0.1195106819849548
    2    2
     1.3316865720516695     0.0000000000000000        0.1810749651977526     0.0142638293740945        0.0000000000000000     0.0000000000000000
     0.1810749651977526    -0.0142638293740945        1.2604940774351729     0.0000000000000000        0.0000000000000000     0.0000000000000000
     0.0000000000000000     0.0000000000000000        0.0000000000000000     0.0000000000000000        0.2717031209199345     0.0000000000000000

     Dynamical Matrix in cartesian axes

     q = (     0.203252032520    -0.039115871896     0.000000000000 )

    1    1
     1.4351077209399339     0.0000000000000000       -0.1213647370472132    -0.0142638293740945        0.0000000000000000     0.0000000000000000
    -0.1213647370472131     0.0142638293740945        1.1570729285469090     0.0000000000000000        0.0000000000000000     0.0000000000000000
     0.0000000000000000     0.0000000000000000        0.0000000000000000     0.0000000000000000        0.2717031209199345     0.0000000000000000
    1    2
    -0.0790332569328898     0.2314759367025759       -0.2760891305500945     0.0089292376570229        0.0000000000000000     0.0000000000000000
    -0.2760891305500945     0.0089292376570229       -0.2479520312883272     0.3762622819558178        0.0000000000000000     0.0000000000000000
     0.0000000000000000     0.0000000000000000        0.0000000000000000     0.0000000000000000       -0.0410703765320905     0.1195106855754418
    2    1
    -0.0790332569328898    -0.2314759367025759       -0.2760891305500945    -0.0089292376570229        0.0000000000000000     0.0000000000000000
    -0.2760891305500945    -0.0089292376570229       -0.2479520312883272    -0.3762622819558178        0.0000000000000000     0.0000000000000000
     0.0000000000000000     0.0000000000000000        0.0000000000000000     0.0000000000000000       -0.0410703765320905    -0.1195106855754418
    2    2
     1.4351077209399339     0.0000000000000000       -0.1213647370472132     0.0142638293740945        0.0000000000000000     0.0000000000000000
    -0.1213647370472131    -0.0142638293740945        1.1570729285469090     0.0000000000000000        0.0000000000000000     0.0000000000000000
     0.0000000000000000     0.0000000000000000        0.0000000000000000     0.0000000000000000        0.2717031209199345     0.0000000000000000

     Dynamical Matrix in cartesian axes

     q = (    -0.203252032520     0.039115871896     0.000000000000 )

    1    1
     1.4351077209399339     0.0000000000000000       -0.1213647370472132     0.0142638293740945        0.0000000000000000     0.0000000000000000
    -0.1213647370472131    -0.0142638293740945        1.1570729285469090     0.0000000000000000        0.0000000000000000     0.0000000000000000
     0.0000000000000000     0.0000000000000000        0.0000000000000000     0.0000000000000000        0.2717031209199345     0.0000000000000000
    1    2
    -0.0790332569328898    -0.2314759367025759       -0.2760891305500945    -0.0089292376570229        0.0000000000000000     0.0000000000000000
    -0.2760891305500945    -0.0089292376570229       -0.2479520312883272    -0.3762622819558177        0.0000000000000000     0.0000000000000000
     0.0000000000000000     0.0000000000000000        0.0000000000000000     0.0000000000000000       -0.0410703765320905    -0.1195106855754418
    2    1
    -0.0790332569328898     0.2314759367025759       -0.2760891305500945     0.0089292376570229        0.0000000000000000     0.0000000000000000
    -0.2760891305500945     0.0089292376570229       -0.2479520312883272     0.3762622819558177        0.0000000000000000     0.0000000000000000
     0.0000000000000000     0.0000000000000000        0.0000000000000000     0.0000000000000000       -0.0410703765320905     0.1195106855754418
    2    2
     1.4351077209399339     0.0000000000000000       -0.1213647370472132    -0.0142638293740945        0.0000000000000000     0.0000000000000000
    -0.1213647370472131     0.0142638293740945        1.1570729285469090     0.0000000000000000        0.0000000000000000     0.0000000000000000
     0.0000000000000000     0.0000000000000000        0.0000000000000000     0.0000000000000000        0.2717031209199345     0.0000000000000000

     Dynamical Matrix in cartesian axes

     q = (     0.135501355014     0.156463487585     0.000000000000 )

    1    1
     1.3316865720516695     0.0000000000000000        0.1810749651977526     0.0142638293740945        0.0000000000000000     0.0000000000000000
     0.1810749651977526    -0.0142638293740945        1.2604940774351729     0.0000000000000000        0.0000000000000000     0.0000000000000000
     0.0000000000000000     0.0000000000000000        0.0000000000000000     0.0000000000000000        0.2717031209199345     0.0000000000000000
    1    2
    -0.0333778340122197     0.3323327519130810       -0.2111885460302382    -0.0671589269210280        0.0000000000000000     0.0000000000000000
    -0.2111885460302382    -0.0671589269210280        0.3603631753635997     0.2754054381593476        0.0000000000000000     0.0000000000000000
     0.0000000000000000     0.0000000000000000        0.0000000000000000     0.0000000000000000        0.0410703869800466     0.1195106819849548
    2    1
    -0.0333778340122197    -0.3323327519130810       -0.2111885460302382     0.0671589269210280        0.0000000000000000     0.0000000000000000
    -0.2111885460302382     0.0671589269210280        0.3603631753635997    -0.2754054381593476        0.0000000000000000     0.0000000000000000
     0.0000000000000000     0.0000000000000000        0.0000000000000000     0.0000000000000000        0.0410703869800466    -0.1195106819849548
    2    2
     1.3316865720516695     0.0000000000000000        0.1810749651977526    -0.0142638293740945        0.0000000000000000     0.0000000000000000
     0.1810749651977526     0.0142638293740945        1.2604940774351729     0.0000000000000000        0.0000000000000000     0.0000000000000000
     0.0000000000000000     0.0000000000000000        0.0000000000000000     0.0000000000000000        0.2717031209199345     0.0000000000000000

     Diagonalizing the dynamical matrix

     q = (     0.067750677507     0.195579359482     0.000000000000 )

***************************************************************************
   freq (    1) =    11.98675782 [THz] =   399.83514555 [cm-1]
(   0.000000  0.000000  -0.000000  0.000000   0.694877 -0.130940 )
(   0.000000  0.000000   0.000000 -0.000000   0.349667  0.614600 )
   freq (    2) =    19.83821056 [THz] =   661.73138076 [cm-1]
(  -0.000000  0.000000   0.000000  0.000000   0.705318 -0.050271 )
(  -0.000000  0.000000  -0.000000 -0.000000  -0.276770 -0.650691 )
   freq (    3) =    23.10380356 [THz] =   770.65982261 [cm-1]
(   0.698440  0.000000  -0.066595  0.088017   0.000000  0.000000 )
(   0.537805  0.445628   0.004879 -0.110263  -0.000000 -0.000000 )
   freq (    4) =    34.14877560 [THz] =  1139.08038062 [cm-1]
(   0.174539  0.000000  -0.003229 -0.685220  -0.000000 -0.000000 )
(   0.067807 -0.160829   0.630142  0.269179   0.000000  0.000000 )
   freq (    5) =    41.02635989 [THz] =  1368.49186580 [cm-1]
(  -0.669056  0.000000   0.062838 -0.220036   0.000000  0.000000 )
(   0.530685  0.407442   0.084156 -0.212797  -0.000000  0.000000 )
   freq (    6) =    41.74226305 [THz] =  1392.37182134 [cm-1]
(  -0.184615  0.000000  -0.482724  0.482592   0.000000 -0.000000 )
(   0.175509  0.057265   0.309221  0.608522   0.000000 -0.000000 )
***************************************************************************
