Dynamical matrix file
File generated with the CellConstructor by Lorenzo Monacelli
1 2 0     1.8897259890000000     0.0000000000000000     0.0000000000000000     0.0000000000000000     0.0000000000000000     0.0000000000000000
Basis vectors
    2.4600000000000000     0.0000000000000000     0.0000000000000000
   -1.2300000000000000     2.1304224933097187     0.0000000000000000
    0.0000000000000000     0.0000000000000000    15.0000000000000000
	1  'C '  10947.3571678344233078
    1     1     0.0000000000000001    -0.0000000000000007     7.4999999999999982
    2     1     1.2299999999999998     0.7101408311032394     7.4999999999999982

     Dynamical Matrix in cartesian axes

     q = (    -0.203252032520     0.117347615689     0.000000000000 )

    1    1
     1.4570969806045220     0.0000000000000000       -0.2401412680864505     0.0000000000000000       -0.0000000000000000     0.0000000000000000
    -0.2401412680864508     0.0000000000000000        1.1798057290580213     0.0000000000000000       -0.0000000000000000     0.0000000000000000
     0.0000000000000000     0.0000000000000000       -0.0000000000000000     0.0000000000000000        0.2760932854862693     0.0000000000000000
    1    2
    -0.1618675216475316    -0.0000000047169694       -0.3059566619424624    -0.0000000089158604        0.0000000000000000     0.0000000000000000
    -0.3059566619424623    -0.0000000089158604       -0.5151558439132116    -0.0000000150121182        0.0000000000000000     0.0000000000000000
     0.0000000000000000     0.0000000000000000        0.0000000000000000     0.0000000000000000       -0.0806914508440032    -0.0000000023514236
    2    1
    -0.1618675216475316     0.0000000047169694       -0.3059566619424624     0.0000000089158604        0.0000000000000000     0.0000000000000000
    -0.3059566619424623     0.0000000089158604       -0.5151558439132116     0.0000000150121182        0.0000000000000000     0.0000000000000000
     0.0000000000000000     0.0000000000000000        0.0000000000000000     0.0000000000000000       -0.0806914508440032     0.0000000023514236
    2    2
     1.4570969806045220     0.0000000000000000       -0.2401412680864505     0.0000000000000000        0.0000000000000000     0.0000000000000000
    -0.2401412680864508     0.0000000000000000        1.1798057290580213     0.0000000000000000        0.0000000000000000     0.0000000000000000
    -0.0000000000000000     0.0000000000000000        0.0000000000000000     0.0000000000000000        0.2760932854862693     0.0000000000000000

     Dynamical Matrix in cartesian axes

     q = (     0.203252032520     0.117347615689     0.000000000000 )

    1    1
     1.4570969806045220     0.0000000000000000        0.2401412680864504     0.0000000000000000       -0.0000000000000000     0.0000000000000000
     0.2401412680864503     0.0000000000000000        1.1798057290580219     0.0000000000000000       -0.0000000000000000     0.0000000000000000
     0.0000000000000000     0.0000000000000000       -0.0000000000000000     0.0000000000000000        0.2760932854862693     0.0000000000000000
    1    2
     0.1618675216475314    -0.0000000094339392       -0.3059566619424620     0.0000000178317213        0.0000000000000000    -0.0000000000000000
    -0.3059566619424620     0.0000000178317213        0.5151558439132110    -0.0000000300242373        0.0000000000000000    -0.0000000000000000
     0.0000000000000000     0.0000000000000000        0.0000000000000000     0.0000000000000000        0.0806914508440031    -0.0000000047028473
    2    1
     0.1618675216475314     0.0000000094339392       -0.3059566619424620    -0.0000000178317213        0.0000000000000000    -0.0000000000000000
    -0.3059566619424620    -0.0000000178317213        0.5151558439132110     0.0000000300242373        0.0000000000000000    -0.0000000000000000
     0.0000000000000000     0.0000000000000000        0.0000000000000000     0.0000000000000000        0.0806914508440031     0.0000000047028473
    2    2
     1.4570969806045220     0.0000000000000000        0.2401412680864504     0.0000000000000000        0.0000000000000000     0.0000000000000000
     0.2401412680864503     0.0000000000000000        1.1798057290580219     0.0000000000000000        0.0000000000000000     0.0000000000000000
    -0.0000000000000000     0.0000000000000000        0.0000000000000000     0.0000000000000000        0.2760932854862693     0.0000000000000000

     Dynamical Matrix in cartesian axes

     q = (     0.000000000000     0.234695231378     0.000000000000 )

    1    1
     1.0411601032847710     0.0000000000000000       -0.0000000000000001     0.0000000000000000       -0.0000000000000000     0.0000000000000000
    -0.0000000000000001     0.0000000000000000        1.5957426063777724     0.0000000000000000       -0.0000000000000000     0.0000000000000000
    -0.0000000000000000     0.0000000000000000       -0.0000000000000000     0.0000000000000000        0.2760932854862693     0.0000000000000000
    1    2
    -0.6918000050460514     0.0000000201596938        0.0000000000000000     0.0000000000000000       -0.0000000000000000     0.0000000000000000
     0.0000000000000000     0.0000000000000000        0.0147766394853084    -0.0000000004306050       -0.0000000000000000     0.0000000000000000
     0.0000000000000000     0.0000000000000000        0.0000000000000000     0.0000000000000000       -0.0806914508440032     0.0000000023514237
    2    1
    -0.6918000050460514    -0.0000000201596938        0.0000000000000000     0.0000000000000000        0.0000000000000000     0.0000000000000000
     0.0000000000000000     0.0000000000000000        0.0147766394853084     0.0000000004306050        0.0000000000000000     0.0000000000000000
    -0.0000000000000000     0.0000000000000000       -0.0000000000000000     0.0000000000000000       -0.0806914508440032    -0.0000000023514237
    2    2
     1.0411601032847710     0.0000000000000000       -0.0000000000000001     0.0000000000000000        0.0000000000000000     0.0000000000000000
    -0.0000000000000001     0.0000000000000000        1.5957426063777724     0.0000000000000000        0.0000000000000000     0.0000000000000000
     0.0000000000000000     0.0000000000000000        0.0000000000000000     0.0000000000000000        0.2760932854862693     0.0000000000000000

     Diagonalizing the dynamical matrix

     q = (    -0.203252032520     0.117347615689     0.000000000000 )

***************************************************************************
   freq (    1) =    13.89904462 [THz] =   463.62215794 [cm-1]
(   0.000000  0.000000   0.000000 -0.000000  -0.707107  0.000000 )
(  -0.000000  0.000000   0.000000 -0.000000  -0.707107  0.000000 )
   freq (    2) =    18.58477387 [THz] =   619.92123927 [cm-1]
(   0.353553  0.000000   0.612372  0.000000  -0.000000  0.000000 )
(   0.353553 -0.000000   0.612372 -0.000000   0.000000 -0.000000 )
   freq (    3) =    18.78121844 [THz] =   626.47392388 [cm-1]
(   0.000000  0.000000   0.000000  0.000000   0.707107 -0.000000 )
(   0.000000 -0.000000   0.000000 -0.000000  -0.707107  0.000000 )
   freq (    4) =    39.53501347 [THz] =  1318.74591116 [cm-1]
(   0.612372  0.000000  -0.353553 -0.000000  -0.000000  0.000000 )
(  -0.612372  0.000000   0.353553 -0.000000  -0.000000 -0.000000 )
   freq (    5) =    39.90282010 [THz] =  1331.01461769 [cm-1]
(   0.612372  0.000000  -0.353553 -0.000000  -0.000000 -0.000000 )
(   0.612372 -0.000000  -0.353553  0.000000   0.000000 -0.000000 )
   freq (    6) =    41.39185723 [THz] =  1380.68354316 [cm-1]
(  -0.353553  0.000000  -0.612372 -0.000000  -0.000000  0.000000 )
(   0.353553 -0.000000   0.612372 -0.000000   0.000000 -0.000000 )
***************************************************************************
