Dynamical matrix file
File generated with the CellConstructor by Lorenzo Monacelli
1 2 0     1.8897259890000000     0.0000000000000000     0.0000000000000000     0.0000000000000000     0.0000000000000000     0.0000000000000000
Basis vectors
    2.4600000000000000     0.0000000000000000     0.0000000000000000
   -1.2300000000000000     2.1304224933097187     0.0000000000000000
    0.0000000000000000     0.0000000000000000    15.0000000000000000
	1  'C '  10947.3571678344233078
    1     1     0.0000000000000001    -0.0000000000000007     7.4999999999999982
    2     1     1.2299999999999998     0.7101408311032394     7.4999999999999982

     Dynamical Matrix in cartesian axes

     q = (     0.135501355014    -0.078231743793     0.000000000000 )

    1    1
     1.3900799415582155     0.0000000000000000       -0.1970351520638499     0.0000000000000000        0.0000000000000000     0.0000000000000000
    -0.1970351520638500     0.0000000000000000        1.1625633453904505     0.0000000000000000        0.0000000000000000     0.0000000000000000
     0.0000000000000000     0.0000000000000000        0.0000000000000000     0.0000000000000000        0.2961191009319155     0.0000000000000000
    1    2
    -0.4203017333252257     0.4274802503754281       -0.1931439704542466    -0.1564118936857123        0.0000000000000000     0.0000000000000000
    -0.1931439704542466    -0.1564118936857123       -0.6433251799934507     0.2468713525276178        0.0000000000000000     0.0000000000000000
     0.0000000000000000     0.0000000000000000        0.0000000000000000     0.0000000000000000       -0.1759913524875357     0.1440922202864769
    2    1
    -0.4203017333252257    -0.4274802503754281       -0.1931439704542466     0.1564118936857123        0.0000000000000000     0.0000000000000000
    -0.1931439704542466     0.1564118936857123       -0.6433251799934507    -0.2468713525276178        0.0000000000000000     0.0000000000000000
     0.0000000000000000     0.0000000000000000        0.0000000000000000     0.0000000000000000       -0.1759913524875357    -0.1440922202864769
    2    2
     1.3900799415582155     0.0000000000000000       -0.1970351520638499     0.0000000000000000        0.0000000000000000     0.0000000000000000
    -0.1970351520638500     0.0000000000000000        1.1625633453904505     0.0000000000000000        0.0000000000000000     0.0000000000000000
     0.0000000000000000     0.0000000000000000        0.0000000000000000     0.0000000000000000        0.2961191009319155     0.0000000000000000

     Dynamical Matrix in cartesian axes

     q = (    -0.135501355014     0.078231743793     0.000000000000 )

    1    1
     1.3900799415582155     0.0000000000000000       -0.1970351520638499     0.0000000000000000        0.0000000000000000     0.0000000000000000
    -0.1970351520638500     0.0000000000000000        1.1625633453904505     0.0000000000000000        0.0000000000000000     0.0000000000000000
     0.0000000000000000     0.0000000000000000        0.0000000000000000     0.0000000000000000        0.2961191009319155     0.0000000000000000
    1    2
    -0.4203017333252257    -0.4274802503754281       -0.1931439704542466     0.1564118936857123        0.0000000000000000     0.0000000000000000
    -0.1931439704542466     0.1564118936857123       -0.6433251799934507    -0.2468713525276179        0.0000000000000000     0.0000000000000000
     0.0000000000000000     0.0000000000000000        0.0000000000000000     0.0000000000000000       -0.1759913524875357    -0.1440922202864769
    2    1
    -0.4203017333252257     0.4274802503754281       -0.1931439704542466    -0.1564118936857123        0.0000000000000000     0.0000000000000000
    -0.1931439704542466    -0.1564118936857123       -0.6433251799934507     0.2468713525276179        0.0000000000000000     0.0000000000000000
     0.0000000000000000     0.0000000000000000        0.0000000000000000     0.0000000000000000       -0.1759913524875357     0.1440922202864769
    2    2
     1.3900799415582155     0.0000000000000000       -0.1970351520638499     0.0000000000000000        0.0000000000000000     0.0000000000000000
    -0.1970351520638500     0.0000000000000000        1.1625633453904505     0.0000000000000000        0.0000000000000000     0.0000000000000000
     0.0000000000000000     0.0000000000000000        0.0000000000000000     0.0000000000000000        0.2961191009319155     0.0000000000000000

     Dynamical Matrix in cartesian axes

     q = (    -0.135501355014    -0.078231743793     0.000000000000 )

    1    1
     1.3900799415582155     0.0000000000000000        0.1970351520638500     0.0000000000000000        0.0000000000000000     0.0000000000000000
     0.1970351520638500     0.0000000000000000        1.1625633453904509     0.0000000000000000        0.0000000000000000     0.0000000000000000
     0.0000000000000000     0.0000000000000000        0.0000000000000000     0.0000000000000000        0.2961191009319155     0.0000000000000000
    1    2
    -0.1600578561073426    -0.5777321128304616       -0.2320286638036579     0.0890616246352521        0.0000000000000000     0.0000000000000000
    -0.2320286638036579     0.0890616246352521        0.1078657669061595    -0.6805716187457183        0.0000000000000000     0.0000000000000000
     0.0000000000000000     0.0000000000000000        0.0000000000000000     0.0000000000000000       -0.0367918339301328    -0.2244590943881226
    2    1
    -0.1600578561073426     0.5777321128304616       -0.2320286638036579    -0.0890616246352521        0.0000000000000000     0.0000000000000000
    -0.2320286638036579    -0.0890616246352521        0.1078657669061595     0.6805716187457183        0.0000000000000000     0.0000000000000000
     0.0000000000000000     0.0000000000000000        0.0000000000000000     0.0000000000000000       -0.0367918339301328     0.2244590943881226
    2    2
     1.3900799415582155     0.0000000000000000        0.1970351520638500     0.0000000000000000        0.0000000000000000     0.0000000000000000
     0.1970351520638500     0.0000000000000000        1.1625633453904509     0.0000000000000000        0.0000000000000000     0.0000000000000000
     0.0000000000000000     0.0000000000000000        0.0000000000000000     0.0000000000000000        0.2961191009319155     0.0000000000000000

     Dynamical Matrix in cartesian axes

     q = (     0.135501355014     0.078231743793     0.000000000000 )

    1    1
     1.3900799415582155     0.0000000000000000        0.1970351520638500     0.0000000000000000        0.0000000000000000     0.0000000000000000
     0.1970351520638500     0.0000000000000000        1.1625633453904509     0.0000000000000000        0.0000000000000000     0.0000000000000000
     0.0000000000000000     0.0000000000000000        0.0000000000000000     0.0000000000000000        0.2961191009319155     0.0000000000000000
    1    2
    -0.1600578561073426     0.5777321128304616       -0.2320286638036579    -0.0890616246352521        0.0000000000000000     0.0000000000000000
    -0.2320286638036579    -0.0890616246352521        0.1078657669061595     0.6805716187457183        0.0000000000000000     0.0000000000000000
     0.0000000000000000     0.0000000000000000        0.0000000000000000     0.0000000000000000       -0.0367918339301328     0.2244590943881226
    2    1
    -0.1600578561073426    -0.5777321128304616       -0.2320286638036579     0.0890616246352521        0.0000000000000000     0.0000000000000000
    -0.2320286638036579     0.0890616246352521        0.1078657669061595    -0.6805716187457183        0.0000000000000000     0.0000000000000000
     0.0000000000000000     0.0000000000000000        0.0000000000000000     0.0000000000000000       -0.0367918339301328    -0.2244590943881226
    2    2
     1.3900799415582155     0.0000000000000000        0.1970351520638500     0.0000000000000000        0.0000000000000000     0.0000000000000000
     0.1970351520638500     0.0000000000000000        1.1625633453904509     0.0000000000000000        0.0000000000000000     0.0000000000000000
     0.0000000000000000     0.0000000000000000        0.0000000000000000     0.0000000000000000        0.2961191009319155     0.0000000000000000

     Dynamical Matrix in cartesian axes

     q = (    -0.000000000000    -0.156463487585     0.000000000000 )

    1    1
     1.0488050473065673     0.0000000000000000       -0.0000000000000000     0.0000000000000000        0.0000000000000000     0.0000000000000000
     0.0000000000000000     0.0000000000000000        1.5038382396420986     0.0000000000000000        0.0000000000000000     0.0000000000000000
     0.0000000000000000     0.0000000000000000        0.0000000000000000     0.0000000000000000        0.2961191009319155     0.0000000000000000
    1    2
    -0.7548369033275627    -0.1565669036037137       -0.0000000000000000     0.0000000000000000        0.0000000000000000     0.0000000000000000
     0.0000000000000000     0.0000000000000000       -0.3087900099911128    -0.5177846992993338        0.0000000000000000     0.0000000000000000
     0.0000000000000000     0.0000000000000000        0.0000000000000000     0.0000000000000000       -0.1759913524875354    -0.1440922202864772
    2    1
    -0.7548369033275627     0.1565669036037137       -0.0000000000000000     0.0000000000000000        0.0000000000000000     0.0000000000000000
     0.0000000000000000     0.0000000000000000       -0.3087900099911128     0.5177846992993338        0.0000000000000000     0.0000000000000000
     0.0000000000000000     0.0000000000000000        0.0000000000000000     0.0000000000000000       -0.1759913524875354     0.1440922202864772
    2    2
     1.0488050473065673     0.0000000000000000       -0.0000000000000000     0.0000000000000000        0.0000000000000000     0.0000000000000000
     0.0000000000000000     0.0000000000000000        1.5038382396420986     0.0000000000000000        0.0000000000000000     0.0000000000000000
     0.0000000000000000     0.0000000000000000        0.0000000000000000     0.0000000000000000        0.2961191009319155     0.0000000000000000

     Dynamical Matrix in cartesian axes

     q = (     0.000000000000     0.156463487585     0.000000000000 )

    1    1
     1.0488050473065673     0.0000000000000000       -0.0000000000000000     0.0000000000000000        0.0000000000000000     0.0000000000000000
     0.0000000000000000     0.0000000000000000        1.5038382396420986     0.0000000000000000        0.0000000000000000     0.0000000000000000
     0.0000000000000000     0.0000000000000000        0.0000000000000000     0.0000000000000000        0.2961191009319155     0.0000000000000000
    1    2
    -0.7548369033275627     0.1565669036037137       -0.0000000000000000     0.0000000000000000        0.0000000000000000     0.0000000000000000
     0.0000000000000000     0.0000000000000000       -0.3087900099911128     0.5177846992993338        0.0000000000000000     0.0000000000000000
     0.0000000000000000     0.0000000000000000        0.0000000000000000     0.0000000000000000       -0.1759913524875354     0.1440922202864772
    2    1
    -0.7548369033275627    -0.1565669036037137       -0.0000000000000000     0.0000000000000000        0.0000000000000000     0.0000000000000000
     0.0000000000000000     0.0000000000000000       -0.3087900099911128    -0.5177846992993338        0.0000000000000000     0.0000000000000000
     0.0000000000000000     0.0000000000000000        0.0000000000000000     0.0000000000000000       -0.1759913524875354    -0.1440922202864772
    2    2
     1.0488050473065673     0.0000000000000000       -0.0000000000000000     0.0000000000000000        0.0000000000000000     0.0000000000000000
     0.0000000000000000     0.0000000000000000        1.5038382396420986     0.0000000000000000        0.0000000000000000     0.0000000000000000
     0.0000000000000000     0.0000000000000000        0.0000000000000000     0.0000000000000000        0.2961191009319155     0.0000000000000000

     Diagonalizing the dynamical matrix

     q = (     0.135501355014    -0.078231743793     0.000000000000 )

***************************************************************************
   freq (    1) =     8.23924198 [THz] =   274.83149026 [cm-1]
(   0.000000  0.000000   0.000000  0.000000   0.706742 -0.022705 )
(   0.000000 -0.000000   0.000000 -0.000000   0.561221  0.430153 )
   freq (    2) =    16.57548501 [THz] =   552.89858687 [cm-1]
(  -0.353553  0.000000  -0.612372  0.000000   0.000000 -0.000000 )
(  -0.346185 -0.071805  -0.599610 -0.124370   0.000000  0.000000 )
   freq (    3) =    22.75147082 [THz] =   758.90726928 [cm-1]
(  -0.000000  0.000000  -0.000000 -0.000000   0.646514  0.286391 )
(  -0.000000 -0.000000  -0.000000 -0.000000  -0.318808 -0.631159 )
   freq (    4) =    29.84525995 [THz] =   995.53057058 [cm-1]
(   0.612372  0.000000  -0.353553 -0.000000   0.000000  0.000000 )
(   0.313657  0.525946  -0.181090 -0.303655   0.000000 -0.000000 )
   freq (    5) =    42.41520086 [THz] =  1414.81860731 [cm-1]
(   0.353553  0.000000   0.612372  0.000000   0.000000  0.000000 )
(  -0.346185 -0.071805  -0.599610 -0.124370  -0.000000 -0.000000 )
   freq (    6) =    45.63760340 [THz] =  1522.30637081 [cm-1]
(  -0.612372  0.000000   0.353553  0.000000   0.000000  0.000000 )
(   0.313657  0.525946  -0.181090 -0.303655  -0.000000 -0.000000 )
***************************************************************************
