Dynamical matrix file
File generated with the CellConstructor by Lorenzo Monacelli
1 2 0     1.8897259890000000     0.0000000000000000     0.0000000000000000     0.0000000000000000     0.0000000000000000     0.0000000000000000
Basis vectors
    2.4600000000000000     0.0000000000000000     0.0000000000000000
   -1.2300000000000000     2.1304224933097187     0.0000000000000000
    0.0000000000000000     0.0000000000000000    15.0000000000000000
	1  'C '  10947.3571678344233078
    1     1     0.0000000000000001    -0.0000000000000007     7.4999999999999982
    2     1     1.2299999999999998     0.7101408311032394     7.4999999999999982

     Dynamical Matrix in cartesian axes

     q = (     0.067750677507    -0.117347615689     0.000000000000 )

    1    1
     1.1646286163818775     0.0000000000000000       -0.1396293689070878     0.0120386167015635        0.0000000000000000     0.0000000000000000
    -0.1396293689070878    -0.0120386167015635        1.3258587238324477     0.0000000000000000        0.0000000000000000     0.0000000000000000
     0.0000000000000000     0.0000000000000000        0.0000000000000000     0.0000000000000000        0.3041693748806527     0.0000000000000000
    1    2
    -0.7302160019788421     0.2052910072828148        0.0010904715843275    -0.1185248183169428        0.0000000000000000    -0.0000000000000000
     0.0010904715843276    -0.1185248183169429       -0.7314751701043523    -0.2052910072828157        0.0000000000000000    -0.0000000000000000
     0.0000000000000000     0.0000000000000000        0.0000000000000000     0.0000000000000000       -0.2671045755068793    -0.0000000000000002
    2    1
    -0.7302160019788421    -0.2052910072828148        0.0010904715843275     0.1185248183169428        0.0000000000000000    -0.0000000000000000
     0.0010904715843276     0.1185248183169429       -0.7314751701043523     0.2052910072828157        0.0000000000000000    -0.0000000000000000
    -0.0000000000000000     0.0000000000000000       -0.0000000000000000     0.0000000000000000       -0.2671045755068793     0.0000000000000002
    2    2
     1.1646286163818775     0.0000000000000000       -0.1396293689070878    -0.0120386167015635        0.0000000000000000     0.0000000000000000
    -0.1396293689070878     0.0120386167015635        1.3258587238324477     0.0000000000000000        0.0000000000000000     0.0000000000000000
     0.0000000000000000     0.0000000000000000        0.0000000000000000     0.0000000000000000        0.3041693748806527     0.0000000000000000

     Dynamical Matrix in cartesian axes

     q = (    -0.067750677507     0.117347615689     0.000000000000 )

    1    1
     1.1646286163818775     0.0000000000000000       -0.1396293689070878    -0.0120386167015635        0.0000000000000000     0.0000000000000000
    -0.1396293689070878     0.0120386167015635        1.3258587238324477     0.0000000000000000        0.0000000000000000     0.0000000000000000
     0.0000000000000000     0.0000000000000000        0.0000000000000000     0.0000000000000000        0.3041693748806527     0.0000000000000000
    1    2
    -0.7302160019788421    -0.2052910072828148        0.0010904715843275     0.1185248183169428        0.0000000000000000     0.0000000000000000
     0.0010904715843276     0.1185248183169428       -0.7314751701043523     0.2052910072828158        0.0000000000000000     0.0000000000000000
     0.0000000000000000     0.0000000000000000        0.0000000000000000     0.0000000000000000       -0.2671045755068793     0.0000000000000002
    2    1
    -0.7302160019788421     0.2052910072828148        0.0010904715843275    -0.1185248183169428        0.0000000000000000     0.0000000000000000
     0.0010904715843276    -0.1185248183169428       -0.7314751701043523    -0.2052910072828158        0.0000000000000000     0.0000000000000000
    -0.0000000000000000     0.0000000000000000       -0.0000000000000000     0.0000000000000000       -0.2671045755068793    -0.0000000000000002
    2    2
     1.1646286163818775     0.0000000000000000       -0.1396293689070878     0.0120386167015635        0.0000000000000000     0.0000000000000000
    -0.1396293689070878    -0.0120386167015635        1.3258587238324477     0.0000000000000000        0.0000000000000000     0.0000000000000000
     0.0000000000000000     0.0000000000000000        0.0000000000000000     0.0000000000000000        0.3041693748806527     0.0000000000000000

     Dynamical Matrix in cartesian axes

     q = (    -0.067750677507    -0.117347615689     0.000000000000 )

    1    1
     1.1646286163818778     0.0000000000000000        0.1396293689070879    -0.0120386167015635        0.0000000000000000     0.0000000000000000
     0.1396293689070880     0.0120386167015635        1.3258587238324477     0.0000000000000000        0.0000000000000000     0.0000000000000000
     0.0000000000000000     0.0000000000000000        0.0000000000000000     0.0000000000000000        0.3041693748806527     0.0000000000000000
    1    2
    -0.5428952130277171    -0.5297401201426474       -0.1031907411330129     0.0583180300572649       -0.0000000000000000     0.0000000000000000
    -0.1031907411330129     0.0583180300572649       -0.1879503361254966    -0.7361215886663679       -0.0000000000000000    -0.0000000000000000
    -0.0000000000000000     0.0000000000000000        0.0000000000000000     0.0000000000000000       -0.1335522810125793    -0.2313193517478536
    2    1
    -0.5428952130277171     0.5297401201426474       -0.1031907411330129    -0.0583180300572649        0.0000000000000000     0.0000000000000000
    -0.1031907411330129    -0.0583180300572649       -0.1879503361254966     0.7361215886663679        0.0000000000000000    -0.0000000000000000
     0.0000000000000000     0.0000000000000000       -0.0000000000000000     0.0000000000000000       -0.1335522810125793     0.2313193517478536
    2    2
     1.1646286163818778     0.0000000000000000        0.1396293689070879     0.0120386167015635        0.0000000000000000     0.0000000000000000
     0.1396293689070880    -0.0120386167015635        1.3258587238324477     0.0000000000000000        0.0000000000000000     0.0000000000000000
     0.0000000000000000     0.0000000000000000        0.0000000000000000     0.0000000000000000        0.3041693748806527     0.0000000000000000

     Dynamical Matrix in cartesian axes

     q = (     0.067750677507     0.117347615689     0.000000000000 )

    1    1
     1.1646286163818778     0.0000000000000000        0.1396293689070879     0.0120386167015635        0.0000000000000000     0.0000000000000000
     0.1396293689070880    -0.0120386167015635        1.3258587238324477     0.0000000000000000        0.0000000000000000     0.0000000000000000
     0.0000000000000000     0.0000000000000000        0.0000000000000000     0.0000000000000000        0.3041693748806527     0.0000000000000000
    1    2
    -0.5428952130277171     0.5297401201426474       -0.1031907411330129    -0.0583180300572649       -0.0000000000000000    -0.0000000000000000
    -0.1031907411330129    -0.0583180300572649       -0.1879503361254966     0.7361215886663679       -0.0000000000000000     0.0000000000000000
    -0.0000000000000000    -0.0000000000000000        0.0000000000000000    -0.0000000000000000       -0.1335522810125793     0.2313193517478536
    2    1
    -0.5428952130277171    -0.5297401201426474       -0.1031907411330129     0.0583180300572649        0.0000000000000000    -0.0000000000000000
    -0.1031907411330129     0.0583180300572649       -0.1879503361254966    -0.7361215886663679        0.0000000000000000     0.0000000000000000
     0.0000000000000000    -0.0000000000000000       -0.0000000000000000    -0.0000000000000000       -0.1335522810125793    -0.2313193517478536
    2    2
     1.1646286163818778     0.0000000000000000        0.1396293689070879    -0.0120386167015635        0.0000000000000000     0.0000000000000000
     0.1396293689070880     0.0120386167015635        1.3258587238324477     0.0000000000000000        0.0000000000000000     0.0000000000000000
     0.0000000000000000     0.0000000000000000        0.0000000000000000     0.0000000000000000        0.3041693748806527     0.0000000000000000

     Dynamical Matrix in cartesian axes

     q = (     0.135501355014     0.000000000000     0.000000000000 )

    1    1
     1.4064737775577321     0.0000000000000000        0.0000000000000000    -0.0120386167015635        0.0000000000000000     0.0000000000000000
     0.0000000000000000     0.0120386167015635        1.0840135626565934     0.0000000000000000        0.0000000000000000     0.0000000000000000
     0.0000000000000000     0.0000000000000000        0.0000000000000000     0.0000000000000000        0.3041693748806527     0.0000000000000000
    1    2
    -0.3660523586075849     0.6340213260071814       -0.2052910107367382    -0.1185248123345727       -0.0000000000000000     0.0000000000000000
    -0.2052910107367381    -0.1185248123345726       -0.3647931905456295     0.6318403828018332        0.0000000000000000     0.0000000000000000
     0.0000000000000000     0.0000000000000000       -0.0000000000000000    -0.0000000000000000       -0.1335522810125795     0.2313193517478535
    2    1
    -0.3660523586075849    -0.6340213260071814       -0.2052910107367382     0.1185248123345727        0.0000000000000000     0.0000000000000000
    -0.2052910107367381     0.1185248123345726       -0.3647931905456295    -0.6318403828018332       -0.0000000000000000     0.0000000000000000
    -0.0000000000000000     0.0000000000000000        0.0000000000000000    -0.0000000000000000       -0.1335522810125795    -0.2313193517478535
    2    2
     1.4064737775577321     0.0000000000000000        0.0000000000000000     0.0120386167015635        0.0000000000000000     0.0000000000000000
     0.0000000000000000    -0.0120386167015635        1.0840135626565934     0.0000000000000000        0.0000000000000000     0.0000000000000000
     0.0000000000000000     0.0000000000000000        0.0000000000000000     0.0000000000000000        0.3041693748806527     0.0000000000000000

     Dynamical Matrix in cartesian axes

     q = (    -0.135501355014     0.000000000000     0.000000000000 )

    1    1
     1.4064737775577321     0.0000000000000000        0.0000000000000000     0.0120386167015635        0.0000000000000000     0.0000000000000000
     0.0000000000000000    -0.0120386167015635        1.0840135626565934     0.0000000000000000        0.0000000000000000     0.0000000000000000
     0.0000000000000000     0.0000000000000000        0.0000000000000000     0.0000000000000000        0.3041693748806527     0.0000000000000000
    1    2
    -0.3660523586075849    -0.6340213260071814       -0.2052910107367382     0.1185248123345727       -0.0000000000000000    -0.0000000000000000
    -0.2052910107367381     0.1185248123345726       -0.3647931905456295    -0.6318403828018333        0.0000000000000000    -0.0000000000000000
     0.0000000000000000     0.0000000000000000       -0.0000000000000000     0.0000000000000000       -0.1335522810125795    -0.2313193517478536
    2    1
    -0.3660523586075849     0.6340213260071814       -0.2052910107367382    -0.1185248123345727        0.0000000000000000    -0.0000000000000000
    -0.2052910107367381    -0.1185248123345726       -0.3647931905456295     0.6318403828018333       -0.0000000000000000    -0.0000000000000000
    -0.0000000000000000     0.0000000000000000        0.0000000000000000     0.0000000000000000       -0.1335522810125795     0.2313193517478536
    2    2
     1.4064737775577321     0.0000000000000000        0.0000000000000000    -0.0120386167015635        0.0000000000000000     0.0000000000000000
     0.0000000000000000     0.0120386167015635        1.0840135626565934     0.0000000000000000        0.0000000000000000     0.0000000000000000
     0.0000000000000000     0.0000000000000000        0.0000000000000000     0.0000000000000000        0.3041693748806527     0.0000000000000000

     Diagonalizing the dynamical matrix

     q = (     0.067750677507    -0.117347615689     0.000000000000 )

***************************************************************************
   freq (    1) =     6.05342906 [THz] =   201.92062992 [cm-1]
(  -0.000000  0.000000  -0.000000 -0.000000   0.690789 -0.151030 )
(  -0.000000 -0.000000  -0.000000 -0.000000   0.690789 -0.151030 )
   freq (    2) =    17.79516080 [THz] =   593.58258630 [cm-1]
(   0.608601  0.000000   0.342638  0.110473  -0.000000  0.000000 )
(   0.601034  0.095673   0.355745 -0.055237   0.000000 -0.000000 )
   freq (    3) =    23.76527484 [THz] =   792.72412644 [cm-1]
(   0.000000  0.000000  -0.000000 -0.000000   0.620259 -0.339527 )
(   0.000000  0.000000  -0.000000 -0.000000  -0.620259  0.339527 )
   freq (    4) =    24.98734332 [THz] =   833.48793720 [cm-1]
(  -0.365707  0.000000   0.550617  0.251155   0.000000 -0.000000 )
(  -0.293995 -0.217506   0.592021  0.125577  -0.000000  0.000000 )
   freq (    5) =    42.84105290 [THz] =  1429.02350027 [cm-1]
(  -0.605193  0.000000  -0.332729 -0.151768   0.000000  0.000000 )
(   0.590748  0.131435   0.357748 -0.075884  -0.000000 -0.000000 )
   freq (    6) =    46.34689723 [THz] =  1545.96586270 [cm-1]
(  -0.360007  0.000000   0.579238  0.186757  -0.000000 -0.000000 )
(   0.321631  0.161737  -0.601394 -0.093379   0.000000  0.000000 )
***************************************************************************
