Dynamical matrix file
File generated with the CellConstructor by Lorenzo Monacelli
1 2 0     1.8897259890000000     0.0000000000000000     0.0000000000000000     0.0000000000000000     0.0000000000000000     0.0000000000000000
Basis vectors
    2.4600000000000000     0.0000000000000000     0.0000000000000000
   -1.2300000000000000     2.1304224933097187     0.0000000000000000
    0.0000000000000000     0.0000000000000000    15.0000000000000000
	1  'C '  10947.3571678344233078
    1     1     0.0000000000000001    -0.0000000000000007     7.4999999999999982
    2     1     1.2299999999999998     0.7101408311032394     7.4999999999999982

     Dynamical Matrix in cartesian axes

     q = (     0.000000000000     0.000000000000     0.000000000000 )

    1    1
     1.0955273832756915     0.0000000000000000        0.0000000000000000     0.0000000000000000        0.0000000000000000     0.0000000000000000
     0.0000000000000002     0.0000000000000000        1.0955273832756918     0.0000000000000000        0.0000000000000000     0.0000000000000000
     0.0000000000000000     0.0000000000000000        0.0000000000000000     0.0000000000000000        0.3400919989248805     0.0000000000000000
    1    2
    -1.0955273832756915     0.0000000000000000        0.0000000000000000     0.0000000000000000        0.0000000000000000     0.0000000000000000
     0.0000000000000000     0.0000000000000000       -1.0955273832756918     0.0000000000000000        0.0000000000000000     0.0000000000000000
     0.0000000000000000     0.0000000000000000        0.0000000000000000     0.0000000000000000       -0.3400919989248805     0.0000000000000000
    2    1
    -1.0955273832756915     0.0000000000000000        0.0000000000000000     0.0000000000000000        0.0000000000000000     0.0000000000000000
     0.0000000000000000     0.0000000000000000       -1.0955273832756918     0.0000000000000000       -0.0000000000000000     0.0000000000000000
     0.0000000000000000     0.0000000000000000        0.0000000000000000     0.0000000000000000       -0.3400919989248805     0.0000000000000000
    2    2
     1.0955273832756915     0.0000000000000000        0.0000000000000001     0.0000000000000000        0.0000000000000000     0.0000000000000000
     0.0000000000000001     0.0000000000000000        1.0955273832756918     0.0000000000000000        0.0000000000000000     0.0000000000000000
     0.0000000000000000     0.0000000000000000        0.0000000000000000     0.0000000000000000        0.3400919989248805     0.0000000000000000

     Diagonalizing the dynamical matrix

     q = (     0.000000000000     0.000000000000     0.000000000000 )

***************************************************************************
   freq (    1) =    -0.00000038 [THz] =    -0.00001251 [cm-1]
(  -0.101885  0.000000   0.013421  0.000000  -0.699599  0.000000 )
(  -0.101885  0.000000   0.013421  0.000000  -0.699599  0.000000 )
   freq (    2) =     0.00000047 [THz] =     0.00001569 [cm-1]
(  -0.357732  0.000000   0.606602  0.000000   0.063735  0.000000 )
(  -0.357732  0.000000   0.606602  0.000000   0.063735  0.000000 )
   freq (    3) =     0.00000060 [THz] =     0.00002000 [cm-1]
(  -0.601371  0.000000  -0.363117  0.000000   0.080613  0.000000 )
(  -0.601371  0.000000  -0.363117  0.000000   0.080613  0.000000 )
   freq (    4) =    25.93187000 [THz] =   864.99395172 [cm-1]
(  -0.000000  0.000000  -0.000000  0.000000  -0.707107  0.000000 )
(  -0.000000  0.000000  -0.000000  0.000000   0.707107  0.000000 )
   freq (    5) =    46.54223634 [THz] =  1552.48167324 [cm-1]
(  -0.681449  0.000000   0.188751  0.000000  -0.000000  0.000000 )
(   0.681449  0.000000  -0.188751  0.000000   0.000000  0.000000 )
   freq (    6) =    46.54223634 [THz] =  1552.48167324 [cm-1]
(   0.188751  0.000000   0.681449  0.000000  -0.000000  0.000000 )
(  -0.188751  0.000000  -0.681449  0.000000   0.000000  0.000000 )
***************************************************************************
