Dynamical matrix file
File generated with the CellConstructor by Lorenzo Monacelli
1 2 0     1.8897259890000000     0.0000000000000000     0.0000000000000000     0.0000000000000000     0.0000000000000000     0.0000000000000000
Basis vectors
    2.4600000000000000     0.0000000000000000     0.0000000000000000
   -1.2300000000000000     2.1304224933097187     0.0000000000000000
    0.0000000000000000     0.0000000000000000    15.0000000000000000
	1  'C '  10947.3571678344233078
    1     1     0.0000000000000001    -0.0000000000000007     7.4999999999999982
    2     1     1.2299999999999998     0.7101408311032394     7.4999999999999982

     Dynamical Matrix in cartesian axes

     q = (    -0.271002710027     0.000000000000     0.000000000000 )

    1    1
     1.2629281374725894     0.0000000000000000        0.0000000000000002     0.0587511189644287        0.0000000000000000     0.0000000000000000
     0.0000000000000002    -0.0587511189644287        1.2629281374725900     0.0000000000000000        0.0000000000000000     0.0000000000000000
     0.0000000000000000     0.0000000000000000        0.0000000000000000     0.0000000000000000        0.2549689727822534     0.0000000000000000
    1    2
    -0.0757158172687390     0.1311436247946262       -0.1311436247946262    -0.0757158172687390        0.0000000000000000     0.0000000000000000
    -0.1311436247946262    -0.0757158172687390        0.0757158172687390    -0.1311436247946262        0.0000000000000000     0.0000000000000000
     0.0000000000000000     0.0000000000000000        0.0000000000000000     0.0000000000000000       -0.0000000000000000     0.0000000000000000
    2    1
    -0.0757158172687390    -0.1311436247946262       -0.1311436247946262     0.0757158172687390        0.0000000000000000     0.0000000000000000
    -0.1311436247946262     0.0757158172687390        0.0757158172687390     0.1311436247946262        0.0000000000000000     0.0000000000000000
     0.0000000000000000     0.0000000000000000        0.0000000000000000     0.0000000000000000       -0.0000000000000000    -0.0000000000000000
    2    2
     1.2629281374725894     0.0000000000000000        0.0000000000000002    -0.0587511189644287        0.0000000000000000     0.0000000000000000
     0.0000000000000002     0.0587511189644287        1.2629281374725900    -0.0000000000000000        0.0000000000000000     0.0000000000000000
     0.0000000000000000     0.0000000000000000        0.0000000000000000     0.0000000000000000        0.2549689727822534     0.0000000000000000

     Dynamical Matrix in cartesian axes

     q = (     0.271002710027     0.000000000000     0.000000000000 )

    1    1
     1.2629281374725894     0.0000000000000000        0.0000000000000002    -0.0587511189644287        0.0000000000000000     0.0000000000000000
     0.0000000000000002     0.0587511189644287        1.2629281374725900    -0.0000000000000000        0.0000000000000000     0.0000000000000000
     0.0000000000000000     0.0000000000000000        0.0000000000000000     0.0000000000000000        0.2549689727822534     0.0000000000000000
    1    2
    -0.0757158172687390    -0.1311436247946262       -0.1311436247946262     0.0757158172687390        0.0000000000000000     0.0000000000000000
    -0.1311436247946262     0.0757158172687390        0.0757158172687390     0.1311436247946262        0.0000000000000000     0.0000000000000000
     0.0000000000000000     0.0000000000000000        0.0000000000000000     0.0000000000000000       -0.0000000000000000    -0.0000000000000000
    2    1
    -0.0757158172687390     0.1311436247946262       -0.1311436247946262    -0.0757158172687390        0.0000000000000000     0.0000000000000000
    -0.1311436247946262    -0.0757158172687390        0.0757158172687390    -0.1311436247946262        0.0000000000000000     0.0000000000000000
     0.0000000000000000     0.0000000000000000        0.0000000000000000     0.0000000000000000       -0.0000000000000000     0.0000000000000000
    2    2
     1.2629281374725894     0.0000000000000000        0.0000000000000002     0.0587511189644287        0.0000000000000000     0.0000000000000000
     0.0000000000000002    -0.0587511189644287        1.2629281374725900     0.0000000000000000        0.0000000000000000     0.0000000000000000
     0.0000000000000000     0.0000000000000000        0.0000000000000000     0.0000000000000000        0.2549689727822534     0.0000000000000000

     Diagonalizing the dynamical matrix

     q = (    -0.271002710027     0.000000000000     0.000000000000 )

***************************************************************************
   freq (    1) =    15.87684839 [THz] =   529.59458112 [cm-1]
(   0.000000  0.000000   0.000000  0.000000   1.000000  0.000466 )
(  -0.000000 -0.000000   0.000000 -0.000000   0.000000  0.000000 )
   freq (    2) =    15.87684839 [THz] =   529.59458112 [cm-1]
(   0.000000  0.000000  -0.000000 -0.000000   0.000000  0.000000 )
(   0.000000  0.000000  -0.000000  0.000000  -0.499596 -0.866259 )
   freq (    3) =    29.85098293 [THz] =   995.72146871 [cm-1]
(  -0.500000  0.000000  -0.000000 -0.500000   0.000000  0.000000 )
(  -0.250000 -0.433013  -0.433013  0.250000   0.000000  0.000000 )
   freq (    4) =    36.14794956 [THz] =  1205.76563617 [cm-1]
(   0.000000  0.000000   0.000000  0.000000  -0.000000  0.000000 )
(  -0.565155 -0.424970   0.424970 -0.565155  -0.000000 -0.000000 )
   freq (    5) =    36.14794956 [THz] =  1205.76563617 [cm-1]
(   0.707107  0.000000  -0.000000 -0.707107   0.000000  0.000000 )
(  -0.000000 -0.000000  -0.000000  0.000000   0.000000  0.000000 )
   freq (    6) =    38.59962251 [THz] =  1287.54463147 [cm-1]
(  -0.500000  0.000000  -0.000000 -0.500000   0.000000  0.000000 )
(   0.250000  0.433013   0.433013 -0.250000   0.000000  0.000000 )
***************************************************************************
