Dynamical matrix file
File generated with the CellConstructor by Lorenzo Monacelli
1 2 0     1.8897259890000000     0.0000000000000000     0.0000000000000000     0.0000000000000000     0.0000000000000000     0.0000000000000000
Basis vectors
    2.4600000000000000     0.0000000000000000     0.0000000000000000
   -1.2300000000000000     2.1304224933097187     0.0000000000000000
    0.0000000000000000     0.0000000000000000    15.0000000000000000
	1  'C '  10947.3571678344233078
    1     1     0.0000000000000001    -0.0000000000000007     7.4999999999999982
    2     1     1.2299999999999998     0.7101408311032394     7.4999999999999982

     Dynamical Matrix in cartesian axes

     q = (     0.067750677507    -0.039115871896     0.000000000000 )

    1    1
     1.2203316304977654     0.0000000000000000       -0.0862919457170335     0.0000000000000000        0.0000000000000000     0.0000000000000000
    -0.0862919457170336     0.0000000000000000        1.1206902743205138     0.0000000000000000        0.0000000000000000     0.0000000000000000
     0.0000000000000000     0.0000000000000000        0.0000000000000000     0.0000000000000000        0.3283109011732995     0.0000000000000000
    1    2
    -0.9056580966279484     0.4006955859908420       -0.0262218697686384    -0.1186112307535446        0.0000000000000000     0.0000000000000000
    -0.0262218697686384    -0.1186112307535446       -0.9359365037671059     0.2637351339818986        0.0000000000000000     0.0000000000000000
    -0.0000000000000000    -0.0000000000000000       -0.0000000000000000    -0.0000000000000000       -0.3030198252748912     0.1118000377494504
    2    1
    -0.9056580966279484    -0.4006955859908420       -0.0262218697686384     0.1186112307535446        0.0000000000000000     0.0000000000000000
    -0.0262218697686384     0.1186112307535446       -0.9359365037671059    -0.2637351339818986        0.0000000000000000     0.0000000000000000
     0.0000000000000000    -0.0000000000000000        0.0000000000000000    -0.0000000000000000       -0.3030198252748912    -0.1118000377494504
    2    2
     1.2203316304977654     0.0000000000000000       -0.0862919457170335     0.0000000000000000        0.0000000000000000     0.0000000000000000
    -0.0862919457170336     0.0000000000000000        1.1206902743205138     0.0000000000000000        0.0000000000000000     0.0000000000000000
     0.0000000000000000     0.0000000000000000        0.0000000000000000     0.0000000000000000        0.3283109011732995     0.0000000000000000

     Dynamical Matrix in cartesian axes

     q = (    -0.067750677507     0.039115871896     0.000000000000 )

    1    1
     1.2203316304977654     0.0000000000000000       -0.0862919457170335     0.0000000000000000        0.0000000000000000     0.0000000000000000
    -0.0862919457170336     0.0000000000000000        1.1206902743205138     0.0000000000000000        0.0000000000000000     0.0000000000000000
     0.0000000000000000     0.0000000000000000        0.0000000000000000     0.0000000000000000        0.3283109011732995     0.0000000000000000
    1    2
    -0.9056580966279484    -0.4006955859908420       -0.0262218697686384     0.1186112307535446        0.0000000000000000    -0.0000000000000000
    -0.0262218697686384     0.1186112307535446       -0.9359365037671059    -0.2637351339818986        0.0000000000000000    -0.0000000000000000
    -0.0000000000000000     0.0000000000000000       -0.0000000000000000     0.0000000000000000       -0.3030198252748912    -0.1118000377494504
    2    1
    -0.9056580966279484     0.4006955859908420       -0.0262218697686384    -0.1186112307535446        0.0000000000000000    -0.0000000000000000
    -0.0262218697686384    -0.1186112307535446       -0.9359365037671059     0.2637351339818986        0.0000000000000000    -0.0000000000000000
     0.0000000000000000     0.0000000000000000        0.0000000000000000     0.0000000000000000       -0.3030198252748912     0.1118000377494504
    2    2
     1.2203316304977654     0.0000000000000000       -0.0862919457170335     0.0000000000000000        0.0000000000000000     0.0000000000000000
    -0.0862919457170336     0.0000000000000000        1.1206902743205138     0.0000000000000000        0.0000000000000000     0.0000000000000000
     0.0000000000000000     0.0000000000000000        0.0000000000000000     0.0000000000000000        0.3283109011732995     0.0000000000000000

     Dynamical Matrix in cartesian axes

     q = (    -0.067750677507    -0.039115871896     0.000000000000 )

    1    1
     1.2203316304977654     0.0000000000000000        0.0862919457170334     0.0000000000000000        0.0000000000000000     0.0000000000000000
     0.0862919457170334     0.0000000000000000        1.1206902743205140     0.0000000000000000        0.0000000000000000     0.0000000000000000
     0.0000000000000000     0.0000000000000000        0.0000000000000000     0.0000000000000000        0.3283109011732995     0.0000000000000000
    1    2
    -0.7998415879487590    -0.5839751491355691       -0.0896094065123647     0.0820144181198392        0.0000000000000000     0.0000000000000000
    -0.0896094065123647     0.0820144181198392       -0.6963695580050866    -0.6786772418934088        0.0000000000000000    -0.0000000000000000
     0.0000000000000000     0.0000000000000000        0.0000000000000000    -0.0000000000000000       -0.2483315794542617    -0.2065228549002649
    2    1
    -0.7998415879487590     0.5839751491355691       -0.0896094065123647    -0.0820144181198392       -0.0000000000000000     0.0000000000000000
    -0.0896094065123647    -0.0820144181198392       -0.6963695580050866     0.6786772418934088       -0.0000000000000000    -0.0000000000000000
    -0.0000000000000000     0.0000000000000000       -0.0000000000000000    -0.0000000000000000       -0.2483315794542617     0.2065228549002649
    2    2
     1.2203316304977654     0.0000000000000000        0.0862919457170334     0.0000000000000000        0.0000000000000000     0.0000000000000000
     0.0862919457170334     0.0000000000000000        1.1206902743205140     0.0000000000000000        0.0000000000000000     0.0000000000000000
     0.0000000000000000     0.0000000000000000        0.0000000000000000     0.0000000000000000        0.3283109011732995     0.0000000000000000

     Dynamical Matrix in cartesian axes

     q = (     0.067750677507     0.039115871896     0.000000000000 )

    1    1
     1.2203316304977654     0.0000000000000000        0.0862919457170334     0.0000000000000000        0.0000000000000000     0.0000000000000000
     0.0862919457170334     0.0000000000000000        1.1206902743205140     0.0000000000000000        0.0000000000000000     0.0000000000000000
     0.0000000000000000     0.0000000000000000        0.0000000000000000     0.0000000000000000        0.3283109011732995     0.0000000000000000
    1    2
    -0.7998415879487590     0.5839751491355691       -0.0896094065123647    -0.0820144181198392        0.0000000000000000    -0.0000000000000000
    -0.0896094065123647    -0.0820144181198392       -0.6963695580050866     0.6786772418934088        0.0000000000000000     0.0000000000000000
     0.0000000000000000    -0.0000000000000000        0.0000000000000000     0.0000000000000000       -0.2483315794542617     0.2065228549002649
    2    1
    -0.7998415879487590    -0.5839751491355691       -0.0896094065123647     0.0820144181198392       -0.0000000000000000    -0.0000000000000000
    -0.0896094065123647     0.0820144181198392       -0.6963695580050866    -0.6786772418934088       -0.0000000000000000     0.0000000000000000
    -0.0000000000000000    -0.0000000000000000       -0.0000000000000000     0.0000000000000000       -0.2483315794542617    -0.2065228549002649
    2    2
     1.2203316304977654     0.0000000000000000        0.0862919457170334     0.0000000000000000        0.0000000000000000     0.0000000000000000
     0.0862919457170334     0.0000000000000000        1.1206902743205140     0.0000000000000000        0.0000000000000000     0.0000000000000000
     0.0000000000000000     0.0000000000000000        0.0000000000000000     0.0000000000000000        0.3283109011732995     0.0000000000000000

     Dynamical Matrix in cartesian axes

     q = (    -0.000000000000    -0.078231743793     0.000000000000 )

    1    1
     1.0708695962318879     0.0000000000000000       -0.0000000000000000     0.0000000000000000        0.0000000000000000     0.0000000000000000
    -0.0000000000000000     0.0000000000000000        1.2701523085863915     0.0000000000000000        0.0000000000000000     0.0000000000000000
     0.0000000000000000     0.0000000000000000        0.0000000000000000     0.0000000000000000        0.3283109011732995     0.0000000000000000
    1    2
    -0.9510757073366843    -0.1952549079774275        0.0000000000000000     0.0000000000000000        0.0000000000000000    -0.0000000000000000
     0.0000000000000000     0.0000000000000000       -0.8905188930583697    -0.4691758119953148        0.0000000000000000     0.0000000000000000
     0.0000000000000000     0.0000000000000000       -0.0000000000000000     0.0000000000000000       -0.3030198252748911    -0.1118000377494506
    2    1
    -0.9510757073366843     0.1952549079774275        0.0000000000000000     0.0000000000000000        0.0000000000000000    -0.0000000000000000
     0.0000000000000000     0.0000000000000000       -0.8905188930583697     0.4691758119953148        0.0000000000000000     0.0000000000000000
     0.0000000000000000     0.0000000000000000        0.0000000000000000     0.0000000000000000       -0.3030198252748911     0.1118000377494506
    2    2
     1.0708695962318879     0.0000000000000000       -0.0000000000000000     0.0000000000000000        0.0000000000000000     0.0000000000000000
    -0.0000000000000000     0.0000000000000000        1.2701523085863915     0.0000000000000000        0.0000000000000000     0.0000000000000000
     0.0000000000000000     0.0000000000000000        0.0000000000000000     0.0000000000000000        0.3283109011732995     0.0000000000000000

     Dynamical Matrix in cartesian axes

     q = (     0.000000000000     0.078231743793     0.000000000000 )

    1    1
     1.0708695962318879     0.0000000000000000       -0.0000000000000000     0.0000000000000000        0.0000000000000000     0.0000000000000000
    -0.0000000000000000     0.0000000000000000        1.2701523085863915     0.0000000000000000        0.0000000000000000     0.0000000000000000
     0.0000000000000000     0.0000000000000000        0.0000000000000000     0.0000000000000000        0.3283109011732995     0.0000000000000000
    1    2
    -0.9510757073366843     0.1952549079774275        0.0000000000000000     0.0000000000000000        0.0000000000000000     0.0000000000000000
     0.0000000000000000     0.0000000000000000       -0.8905188930583697     0.4691758119953148        0.0000000000000000    -0.0000000000000000
     0.0000000000000000     0.0000000000000000       -0.0000000000000000    -0.0000000000000000       -0.3030198252748911     0.1118000377494506
    2    1
    -0.9510757073366843    -0.1952549079774275        0.0000000000000000     0.0000000000000000        0.0000000000000000     0.0000000000000000
     0.0000000000000000     0.0000000000000000       -0.8905188930583697    -0.4691758119953148        0.0000000000000000    -0.0000000000000000
     0.0000000000000000     0.0000000000000000        0.0000000000000000    -0.0000000000000000       -0.3030198252748911    -0.1118000377494506
    2    2
     1.0708695962318879     0.0000000000000000       -0.0000000000000000     0.0000000000000000        0.0000000000000000     0.0000000000000000
    -0.0000000000000000     0.0000000000000000        1.2701523085863915     0.0000000000000000        0.0000000000000000     0.0000000000000000
     0.0000000000000000     0.0000000000000000        0.0000000000000000     0.0000000000000000        0.3283109011732995     0.0000000000000000

     Diagonalizing the dynamical matrix

     q = (     0.067750677507    -0.039115871896     0.000000000000 )

***************************************************************************
   freq (    1) =     2.29433611 [THz] =    76.53080395 [cm-1]
(  -0.000000  0.000000  -0.000000 -0.000000  -0.695052  0.130010 )
(  -0.000000 -0.000000  -0.000000 -0.000000  -0.697087 -0.118616 )
   freq (    2) =     9.94098089 [THz] =   331.59538223 [cm-1]
(   0.353553  0.000000   0.612372 -0.000000  -0.000000  0.000000 )
(   0.346330  0.071101   0.599862  0.123151  -0.000000 -0.000000 )
   freq (    3) =    16.14330291 [THz] =   538.48254583 [cm-1]
(   0.612372  0.000000  -0.353553  0.000000   0.000000 -0.000000 )
(   0.541779  0.285440  -0.312796 -0.164799   0.000000  0.000000 )
   freq (    4) =    25.37524797 [THz] =   846.42704174 [cm-1]
(   0.000000  0.000000  -0.000000  0.000000   0.644550 -0.290783 )
(   0.000000  0.000000   0.000000  0.000000  -0.705358  0.049700 )
   freq (    5) =    44.92884338 [THz] =  1498.66468452 [cm-1]
(   0.353553  0.000000   0.612372  0.000000   0.000000 -0.000000 )
(  -0.346330 -0.071101  -0.599862 -0.123151  -0.000000 -0.000000 )
   freq (    6) =    47.44321193 [THz] =  1582.53497975 [cm-1]
(  -0.612372  0.000000   0.353553  0.000000   0.000000  0.000000 )
(   0.541779  0.285440  -0.312796 -0.164799  -0.000000 -0.000000 )
***************************************************************************
