Dynamical matrix file
File generated with the CellConstructor by Lorenzo Monacelli
1 2 0     1.8897259890000000     0.0000000000000000     0.0000000000000000     0.0000000000000000     0.0000000000000000     0.0000000000000000
Basis vectors
    2.4600000000000000     0.0000000000000000     0.0000000000000000
   -1.2300000000000000     2.1304224933097187     0.0000000000000000
    0.0000000000000000     0.0000000000000000    15.0000000000000000
	1  'C '  10947.3571678344233078
    1     1     0.0000000000000001    -0.0000000000000007     7.4999999999999982
    2     1     1.2299999999999998     0.7101408311032394     7.4999999999999982

     Dynamical Matrix in cartesian axes

     q = (     0.067750677507     0.195579359482     0.000000000000 )

    1    1
     1.1011247870835730     0.0000000000000000        0.0568321393168449     0.0153689394567551        0.0000000000000000    -0.0000000000000000
     0.0568321393168449    -0.0153689394567551        1.4404517783051431     0.0000000000000000       -0.0000000000000000    -0.0000000000000000
     0.0000000000000000     0.0000000000000000       -0.0000000000000000     0.0000000000000000        0.2673294127715258    -0.0000000000000000
    1    2
    -0.4296483276102418     0.3425061508714610       -0.0609852723494149    -0.0521147420101630       -0.0000000000000000     0.0000000000000000
    -0.0609852723494149    -0.0521147420101630        0.1054887431278547     0.2606804233359576       -0.0000000000000000     0.0000000000000000
    -0.0000000000000000     0.0000000000000000       -0.0000000000000000     0.0000000000000000       -0.0408707177840740     0.1190372367133140
    2    1
    -0.4296483276102418    -0.3425061508714610       -0.0609852723494149     0.0521147420101630       -0.0000000000000000    -0.0000000000000000
    -0.0609852723494149     0.0521147420101630        0.1054887431278547    -0.2606804233359576       -0.0000000000000000    -0.0000000000000000
    -0.0000000000000000    -0.0000000000000000       -0.0000000000000000    -0.0000000000000000       -0.0408707177840740    -0.1190372367133140
    2    2
     1.1011247870835730     0.0000000000000000        0.0568321393168449    -0.0153689394567551       -0.0000000000000000     0.0000000000000000
     0.0568321393168449     0.0153689394567551        1.4404517783051431    -0.0000000000000000       -0.0000000000000000     0.0000000000000000
    -0.0000000000000000    -0.0000000000000000       -0.0000000000000000    -0.0000000000000000        0.2673294127715258     0.0000000000000000

     Dynamical Matrix in cartesian axes

     q = (    -0.067750677507    -0.195579359482     0.000000000000 )

    1    1
     1.1011247870835730    -0.0000000000000000        0.0568321393168449    -0.0153689394567551        0.0000000000000000     0.0000000000000000
     0.0568321393168449     0.0153689394567551        1.4404517783051431    -0.0000000000000000       -0.0000000000000000     0.0000000000000000
     0.0000000000000000    -0.0000000000000000       -0.0000000000000000    -0.0000000000000000        0.2673294127715258     0.0000000000000000
    1    2
    -0.4296483276102418    -0.3425061508714610       -0.0609852723494149     0.0521147420101630       -0.0000000000000000    -0.0000000000000000
    -0.0609852723494149     0.0521147420101630        0.1054887431278547    -0.2606804233359576       -0.0000000000000000    -0.0000000000000000
    -0.0000000000000000    -0.0000000000000000       -0.0000000000000000    -0.0000000000000000       -0.0408707177840740    -0.1190372367133140
    2    1
    -0.4296483276102418     0.3425061508714610       -0.0609852723494149    -0.0521147420101630       -0.0000000000000000     0.0000000000000000
    -0.0609852723494149    -0.0521147420101630        0.1054887431278547     0.2606804233359576       -0.0000000000000000     0.0000000000000000
    -0.0000000000000000     0.0000000000000000       -0.0000000000000000     0.0000000000000000       -0.0408707177840740     0.1190372367133140
    2    2
     1.1011247870835730    -0.0000000000000000        0.0568321393168449     0.0153689394567551       -0.0000000000000000    -0.0000000000000000
     0.0568321393168449    -0.0153689394567551        1.4404517783051431     0.0000000000000000       -0.0000000000000000    -0.0000000000000000
    -0.0000000000000000     0.0000000000000000       -0.0000000000000000     0.0000000000000000        0.2673294127715258    -0.0000000000000000

     Dynamical Matrix in cartesian axes

     q = (    -0.067750677507     0.195579359482     0.000000000000 )

    1    1
     1.1011247871403675    -0.0000000000000000       -0.0568321396740882    -0.0153689395202427       -0.0000000000000000     0.0000000000000000
    -0.0568321396740883     0.0153689395202427        1.4404517782091295    -0.0000000000000000       -0.0000000000000000     0.0000000000000000
    -0.0000000000000000    -0.0000000000000000       -0.0000000000000000    -0.0000000000000000        0.2673294127795941    -0.0000000000000000
    1    2
    -0.5114431850743018    -0.2008333065806893       -0.0146400565209663     0.0788721657885275       -0.0000000000000000    -0.0000000000000000
    -0.0146400565209664     0.0788721657885275       -0.1730115040836148     0.2216961378045987        0.0000000000000000     0.0000000000000000
     0.0000000000000000     0.0000000000000000        0.0000000000000000    -0.0000000000000000       -0.1235246305794664     0.0241235348182563
    2    1
    -0.5114431850743018     0.2008333065806893       -0.0146400565209663    -0.0788721657885275        0.0000000000000000    -0.0000000000000000
    -0.0146400565209664    -0.0788721657885275       -0.1730115040836148    -0.2216961378045987        0.0000000000000000     0.0000000000000000
    -0.0000000000000000     0.0000000000000000        0.0000000000000000    -0.0000000000000000       -0.1235246305794664    -0.0241235348182563
    2    2
     1.1011247871403675     0.0000000000000000       -0.0568321396740883     0.0153689395202427        0.0000000000000000    -0.0000000000000000
    -0.0568321396740883    -0.0153689395202427        1.4404517782091295     0.0000000000000000       -0.0000000000000000    -0.0000000000000000
     0.0000000000000000     0.0000000000000000       -0.0000000000000000     0.0000000000000000        0.2673294127795941    -0.0000000000000000

     Dynamical Matrix in cartesian axes

     q = (     0.067750677507    -0.195579359482     0.000000000000 )

    1    1
     1.1011247871403675     0.0000000000000000       -0.0568321396740882     0.0153689395202427       -0.0000000000000000    -0.0000000000000000
    -0.0568321396740883    -0.0153689395202427        1.4404517782091295     0.0000000000000000       -0.0000000000000000    -0.0000000000000000
    -0.0000000000000000     0.0000000000000000       -0.0000000000000000     0.0000000000000000        0.2673294127795941     0.0000000000000000
    1    2
    -0.5114431850743016     0.2008333065806893       -0.0146400565209663    -0.0788721657885275       -0.0000000000000000     0.0000000000000000
    -0.0146400565209664    -0.0788721657885275       -0.1730115040836148    -0.2216961378045987        0.0000000000000000    -0.0000000000000000
     0.0000000000000000    -0.0000000000000000        0.0000000000000000     0.0000000000000000       -0.1235246305794664    -0.0241235348182563
    2    1
    -0.5114431850743016    -0.2008333065806893       -0.0146400565209663     0.0788721657885275        0.0000000000000000     0.0000000000000000
    -0.0146400565209664     0.0788721657885274       -0.1730115040836148     0.2216961378045986        0.0000000000000000    -0.0000000000000000
    -0.0000000000000000    -0.0000000000000000        0.0000000000000000     0.0000000000000000       -0.1235246305794664     0.0241235348182563
    2    2
     1.1011247871403675    -0.0000000000000000       -0.0568321396740883    -0.0153689395202427        0.0000000000000000     0.0000000000000000
    -0.0568321396740883     0.0153689395202427        1.4404517782091295    -0.0000000000000000       -0.0000000000000000     0.0000000000000000
     0.0000000000000000    -0.0000000000000000       -0.0000000000000000    -0.0000000000000000        0.2673294127795941     0.0000000000000000

     Dynamical Matrix in cartesian axes

     q = (    -0.135501355014     0.156463487585     0.000000000000 )

    1    1
     1.3064019537345506     0.0000000000000000       -0.1753489670632918    -0.0153689395185479       -0.0000000000000000     0.0000000000000000
    -0.1753489670632918     0.0153689395185479        1.2351746116142008    -0.0000000000000000        0.0000000000000000    -0.0000000000000000
    -0.0000000000000000    -0.0000000000000000        0.0000000000000000     0.0000000000000000        0.2673294127788617    -0.0000000000000000
    1    2
    -0.2702980851943380    -0.1843690759325104       -0.1538652448528894     0.1435245334479607       -0.0000000000000000    -0.0000000000000000
    -0.1538652448528894     0.1435245334479607       -0.4141566039644962     0.1635062447086996        0.0000000000000000     0.0000000000000000
    -0.0000000000000000    -0.0000000000000000        0.0000000000000000     0.0000000000000000       -0.1235246305751646    -0.0241235348207659
    2    1
    -0.2702980851943380     0.1843690759325104       -0.1538652448528894    -0.1435245334479607       -0.0000000000000000     0.0000000000000000
    -0.1538652448528894    -0.1435245334479607       -0.4141566039644962    -0.1635062447086996        0.0000000000000000    -0.0000000000000000
    -0.0000000000000000     0.0000000000000000        0.0000000000000000    -0.0000000000000000       -0.1235246305751646     0.0241235348207659
    2    2
     1.3064019537345506    -0.0000000000000000       -0.1753489670632918     0.0153689395185479       -0.0000000000000000    -0.0000000000000000
    -0.1753489670632918    -0.0153689395185479        1.2351746116142008     0.0000000000000000        0.0000000000000000     0.0000000000000000
    -0.0000000000000000     0.0000000000000000        0.0000000000000000    -0.0000000000000000        0.2673294127788617     0.0000000000000000

     Dynamical Matrix in cartesian axes

     q = (     0.203252032520     0.039115871896     0.000000000000 )

    1    1
     1.4048381067440481    -0.0000000000000000        0.1185168270845001    -0.0153689394550025        0.0000000000000000     0.0000000000000000
     0.1185168270845001     0.0153689394550025        1.1367384583842350     0.0000000000000000        0.0000000000000000    -0.0000000000000000
     0.0000000000000000    -0.0000000000000000        0.0000000000000000     0.0000000000000000        0.2673294127667400    -0.0000000000000000
    1    2
     0.0811103415657128     0.2360041578265267       -0.2622137855386480    -0.0093741840744855        0.0000000000000000    -0.0000000000000000
    -0.2622137855386480    -0.0093741840744855        0.2430492980682321     0.3671823878059968       -0.0000000000000000     0.0000000000000000
    -0.0000000000000000    -0.0000000000000000       -0.0000000000000000     0.0000000000000000        0.0408707283995076     0.1190372331295366
    2    1
     0.0811103415657128    -0.2360041578265267       -0.2622137855386480     0.0093741840744855       -0.0000000000000000     0.0000000000000000
    -0.2622137855386480     0.0093741840744855        0.2430492980682321    -0.3671823878059968       -0.0000000000000000    -0.0000000000000000
     0.0000000000000000     0.0000000000000000       -0.0000000000000000    -0.0000000000000000        0.0408707283995076    -0.1190372331295366
    2    2
     1.4048381067440481     0.0000000000000000        0.1185168270845001     0.0153689394550025        0.0000000000000000    -0.0000000000000000
     0.1185168270845001    -0.0153689394550025        1.1367384583842350    -0.0000000000000000       -0.0000000000000000    -0.0000000000000000
     0.0000000000000000     0.0000000000000000       -0.0000000000000000     0.0000000000000000        0.2673294127667400    -0.0000000000000000

     Dynamical Matrix in cartesian axes

     q = (    -0.203252032520    -0.039115871896     0.000000000000 )

    1    1
     1.4048381067440481     0.0000000000000000        0.1185168270845001     0.0153689394550025        0.0000000000000000    -0.0000000000000000
     0.1185168270845001    -0.0153689394550025        1.1367384583842350    -0.0000000000000000        0.0000000000000000     0.0000000000000000
     0.0000000000000000     0.0000000000000000        0.0000000000000000    -0.0000000000000000        0.2673294127667400     0.0000000000000000
    1    2
     0.0811103415657128    -0.2360041578265267       -0.2622137855386480     0.0093741840744855        0.0000000000000000     0.0000000000000000
    -0.2622137855386480     0.0093741840744855        0.2430492980682320    -0.3671823878059968       -0.0000000000000000    -0.0000000000000000
    -0.0000000000000000     0.0000000000000000       -0.0000000000000000    -0.0000000000000000        0.0408707283995076    -0.1190372331295366
    2    1
     0.0811103415657128     0.2360041578265267       -0.2622137855386480    -0.0093741840744855       -0.0000000000000000    -0.0000000000000000
    -0.2622137855386480    -0.0093741840744855        0.2430492980682320     0.3671823878059968       -0.0000000000000000     0.0000000000000000
     0.0000000000000000    -0.0000000000000000       -0.0000000000000000     0.0000000000000000        0.0408707283995076     0.1190372331295366
    2    2
     1.4048381067440481    -0.0000000000000000        0.1185168270845001    -0.0153689394550025        0.0000000000000000     0.0000000000000000
     0.1185168270845001     0.0153689394550025        1.1367384583842350     0.0000000000000000       -0.0000000000000000     0.0000000000000000
     0.0000000000000000    -0.0000000000000000       -0.0000000000000000    -0.0000000000000000        0.2673294127667400     0.0000000000000000

     Dynamical Matrix in cartesian axes

     q = (     0.135501355014    -0.156463487585     0.000000000000 )

    1    1
     1.3064019537345506    -0.0000000000000000       -0.1753489670632918     0.0153689395185479       -0.0000000000000000    -0.0000000000000000
    -0.1753489670632918    -0.0153689395185479        1.2351746116142008     0.0000000000000000        0.0000000000000000     0.0000000000000000
    -0.0000000000000000     0.0000000000000000        0.0000000000000000    -0.0000000000000000        0.2673294127788617     0.0000000000000000
    1    2
    -0.2702980851943380     0.1843690759325105       -0.1538652448528894    -0.1435245334479607       -0.0000000000000000     0.0000000000000000
    -0.1538652448528894    -0.1435245334479607       -0.4141566039644962    -0.1635062447086996        0.0000000000000000    -0.0000000000000000
    -0.0000000000000000     0.0000000000000000        0.0000000000000000    -0.0000000000000000       -0.1235246305751646     0.0241235348207659
    2    1
    -0.2702980851943380    -0.1843690759325105       -0.1538652448528894     0.1435245334479607       -0.0000000000000000    -0.0000000000000000
    -0.1538652448528894     0.1435245334479607       -0.4141566039644962     0.1635062447086996        0.0000000000000000     0.0000000000000000
    -0.0000000000000000    -0.0000000000000000        0.0000000000000000     0.0000000000000000       -0.1235246305751646    -0.0241235348207659
    2    2
     1.3064019537345506     0.0000000000000000       -0.1753489670632918    -0.0153689395185479       -0.0000000000000000     0.0000000000000000
    -0.1753489670632918     0.0153689395185479        1.2351746116142008    -0.0000000000000000        0.0000000000000000    -0.0000000000000000
    -0.0000000000000000    -0.0000000000000000        0.0000000000000000     0.0000000000000000        0.2673294127788617    -0.0000000000000000

     Dynamical Matrix in cartesian axes

     q = (    -0.135501355014    -0.156463487585     0.000000000000 )

    1    1
     1.3064019535034939    -0.0000000000000000        0.1753489666562805    -0.0153689394566973        0.0000000000000000     0.0000000000000000
     0.1753489666562805     0.0153689394566973        1.2351746116255333     0.0000000000000000        0.0000000000000000     0.0000000000000000
     0.0000000000000000    -0.0000000000000000        0.0000000000000000    -0.0000000000000000        0.2673294127674724     0.0000000000000000
    1    2
    -0.0245192405579902    -0.3262695487602923       -0.2012285178657935     0.0614889318294489        0.0000000000000000    -0.0000000000000000
    -0.2012285178657935     0.0614889318294489        0.3486788801913918    -0.2769169968714850        0.0000000000000000    -0.0000000000000000
    -0.0000000000000000    -0.0000000000000000       -0.0000000000000000     0.0000000000000000        0.0408707284038320    -0.1190372331320071
    2    1
    -0.0245192405579902     0.3262695487602923       -0.2012285178657935    -0.0614889318294489       -0.0000000000000000     0.0000000000000000
    -0.2012285178657935    -0.0614889318294489        0.3486788801913918     0.2769169968714850       -0.0000000000000000    -0.0000000000000000
     0.0000000000000000     0.0000000000000000        0.0000000000000000     0.0000000000000000        0.0408707284038320     0.1190372331320071
    2    2
     1.3064019535034939     0.0000000000000000        0.1753489666562805     0.0153689394566973       -0.0000000000000000    -0.0000000000000000
     0.1753489666562805    -0.0153689394566973        1.2351746116255333    -0.0000000000000000       -0.0000000000000000    -0.0000000000000000
    -0.0000000000000000     0.0000000000000000       -0.0000000000000000     0.0000000000000000        0.2673294127674724     0.0000000000000000

     Dynamical Matrix in cartesian axes

     q = (     0.203252032520    -0.039115871896     0.000000000000 )

    1    1
     1.4048381069022198     0.0000000000000000       -0.1185168276342040    -0.0153689394584498       -0.0000000000000000     0.0000000000000000
    -0.1185168276342039     0.0153689394584498        1.1367384584872422    -0.0000000000000000       -0.0000000000000000    -0.0000000000000000
    -0.0000000000000000    -0.0000000000000000       -0.0000000000000000     0.0000000000000000        0.2673294127722581    -0.0000000000000000
    1    2
    -0.0811103196686412     0.2360041647286476       -0.2622137850587355     0.0093742083609537        0.0000000000000000    -0.0000000000000000
    -0.2622137850587356     0.0093742083609537       -0.2430492648132032     0.3671824094780246        0.0000000000000000     0.0000000000000000
     0.0000000000000000     0.0000000000000000        0.0000000000000000    -0.0000000000000000       -0.0408707177883985     0.1190372367157846
    2    1
    -0.0811103196686412    -0.2360041647286476       -0.2622137850587355    -0.0093742083609537        0.0000000000000000    -0.0000000000000000
    -0.2622137850587356    -0.0093742083609537       -0.2430492648132033    -0.3671824094780246        0.0000000000000000     0.0000000000000000
     0.0000000000000000     0.0000000000000000        0.0000000000000000    -0.0000000000000000       -0.0408707177883985    -0.1190372367157846
    2    2
     1.4048381069022198    -0.0000000000000000       -0.1185168276342040     0.0153689394584498       -0.0000000000000000    -0.0000000000000000
    -0.1185168276342039    -0.0153689394584498        1.1367384584872422     0.0000000000000000       -0.0000000000000000     0.0000000000000000
    -0.0000000000000000     0.0000000000000000       -0.0000000000000000    -0.0000000000000000        0.2673294127722581     0.0000000000000000

     Dynamical Matrix in cartesian axes

     q = (    -0.203252032520     0.039115871896     0.000000000000 )

    1    1
     1.4048381069022198    -0.0000000000000000       -0.1185168276342040     0.0153689394584498       -0.0000000000000000    -0.0000000000000000
    -0.1185168276342039    -0.0153689394584498        1.1367384584872422     0.0000000000000000       -0.0000000000000000     0.0000000000000000
    -0.0000000000000000     0.0000000000000000       -0.0000000000000000    -0.0000000000000000        0.2673294127722581     0.0000000000000000
    1    2
    -0.0811103196686412    -0.2360041647286476       -0.2622137850587355    -0.0093742083609537        0.0000000000000000     0.0000000000000000
    -0.2622137850587356    -0.0093742083609537       -0.2430492648132032    -0.3671824094780244        0.0000000000000000    -0.0000000000000000
     0.0000000000000000    -0.0000000000000000        0.0000000000000000     0.0000000000000000       -0.0408707177883985    -0.1190372367157846
    2    1
    -0.0811103196686412     0.2360041647286476       -0.2622137850587355     0.0093742083609537        0.0000000000000000     0.0000000000000000
    -0.2622137850587356     0.0093742083609537       -0.2430492648132032     0.3671824094780244        0.0000000000000000    -0.0000000000000000
     0.0000000000000000    -0.0000000000000000        0.0000000000000000     0.0000000000000000       -0.0408707177883985     0.1190372367157846
    2    2
     1.4048381069022198     0.0000000000000000       -0.1185168276342040    -0.0153689394584498       -0.0000000000000000     0.0000000000000000
    -0.1185168276342039     0.0153689394584498        1.1367384584872422    -0.0000000000000000       -0.0000000000000000    -0.0000000000000000
    -0.0000000000000000    -0.0000000000000000       -0.0000000000000000     0.0000000000000000        0.2673294127722581    -0.0000000000000000

     Dynamical Matrix in cartesian axes

     q = (     0.135501355014     0.156463487585     0.000000000000 )

    1    1
     1.3064019535034939     0.0000000000000000        0.1753489666562805     0.0153689394566973        0.0000000000000000    -0.0000000000000000
     0.1753489666562805    -0.0153689394566973        1.2351746116255333    -0.0000000000000000        0.0000000000000000    -0.0000000000000000
     0.0000000000000000     0.0000000000000000        0.0000000000000000     0.0000000000000000        0.2673294127674724     0.0000000000000000
    1    2
    -0.0245192405579902     0.3262695487602923       -0.2012285178657935    -0.0614889318294489        0.0000000000000000     0.0000000000000000
    -0.2012285178657935    -0.0614889318294489        0.3486788801913918     0.2769169968714850        0.0000000000000000     0.0000000000000000
    -0.0000000000000000     0.0000000000000000       -0.0000000000000000    -0.0000000000000000        0.0408707284038320     0.1190372331320071
    2    1
    -0.0245192405579902    -0.3262695487602923       -0.2012285178657935     0.0614889318294489       -0.0000000000000000    -0.0000000000000000
    -0.2012285178657935     0.0614889318294489        0.3486788801913918    -0.2769169968714850       -0.0000000000000000     0.0000000000000000
     0.0000000000000000    -0.0000000000000000        0.0000000000000000    -0.0000000000000000        0.0408707284038320    -0.1190372331320071
    2    2
     1.3064019535034939    -0.0000000000000000        0.1753489666562805    -0.0153689394566973       -0.0000000000000000     0.0000000000000000
     0.1753489666562805     0.0153689394566973        1.2351746116255333     0.0000000000000000       -0.0000000000000000     0.0000000000000000
    -0.0000000000000000    -0.0000000000000000       -0.0000000000000000    -0.0000000000000000        0.2673294127674724    -0.0000000000000000

     Diagonalizing the dynamical matrix

     q = (     0.067750677507     0.195579359482     0.000000000000 )

***************************************************************************
   freq (    1) =    11.82645852 [THz] =   394.48813711 [cm-1]
(  -0.000000  0.000000   0.000000 -0.000000  -0.624214 -0.332199 )
(  -0.000000 -0.000000   0.000000 -0.000000   0.111491 -0.698262 )
   freq (    2) =    19.71607803 [THz] =   657.65747889 [cm-1]
(  -0.000000  0.000000  -0.000000 -0.000000  -0.601368 -0.371963 )
(  -0.000000 -0.000000   0.000000  0.000000  -0.156518  0.689567 )
   freq (    3) =    23.02870815 [THz] =   768.15490990 [cm-1]
(   0.699068  0.000000  -0.064938  0.084183  -0.000000 -0.000000 )
(   0.535065  0.449890   0.004473 -0.106225  -0.000000  0.000000 )
   freq (    4) =    33.78835778 [THz] =  1127.05813801 [cm-1]
(  -0.165151  0.000000  -0.020572  0.687242  -0.000000 -0.000000 )
(  -0.069024  0.150036  -0.632940 -0.268538  -0.000000  0.000000 )
   freq (    5) =    40.53069792 [THz] =  1351.95836457 [cm-1]
(  -0.661181  0.000000   0.100851 -0.229498   0.000000  0.000000 )
(   0.517072  0.412064   0.064159 -0.242330   0.000000 -0.000000 )
   freq (    6) =    41.36099848 [THz] =  1379.65420613 [cm-1]
(  -0.216492  0.000000  -0.502002  0.448470  -0.000000 -0.000000 )
(   0.201247  0.079803   0.301337  0.601936  -0.000000  0.000000 )
***************************************************************************
