Dynamical matrix file
File generated with the CellConstructor by Lorenzo Monacelli
1 2 0     1.8897259890000000     0.0000000000000000     0.0000000000000000     0.0000000000000000     0.0000000000000000     0.0000000000000000
Basis vectors
    2.4600000000000000     0.0000000000000000     0.0000000000000000
   -1.2300000000000000     2.1304224933097187     0.0000000000000000
    0.0000000000000000     0.0000000000000000    15.0000000000000000
	1  'C '  10947.3571678344233078
    1     1     0.0000000000000001    -0.0000000000000007     7.4999999999999982
    2     1     1.2299999999999998     0.7101408311032394     7.4999999999999982

     Dynamical Matrix in cartesian axes

     q = (     0.000000000000     0.000000000000     0.000000000000 )

    1    1
     1.0800910344701202     0.0000000000000000       -0.0000000002764451     0.0000000000000000        0.0000000000000000     0.0000000000000000
    -0.0000000002764451     0.0000000000000000        1.0800910347893318     0.0000000000000000        0.0000000000000000     0.0000000000000000
     0.0000000000000000     0.0000000000000000        0.0000000000000000     0.0000000000000000        0.3369426959067996     0.0000000000000000
    1    2
    -1.0800910344701202     0.0000000000000000        0.0000000002764452     0.0000000000000000       -0.0000000000000000     0.0000000000000000
     0.0000000002764451     0.0000000000000000       -1.0800910347893315     0.0000000000000000       -0.0000000000000000     0.0000000000000000
    -0.0000000000000000     0.0000000000000000       -0.0000000000000000     0.0000000000000000       -0.3369426959067996     0.0000000000000000
    2    1
    -1.0800910344701202     0.0000000000000000        0.0000000002764452     0.0000000000000000       -0.0000000000000000     0.0000000000000000
     0.0000000002764451     0.0000000000000000       -1.0800910347893315     0.0000000000000000       -0.0000000000000000     0.0000000000000000
    -0.0000000000000000     0.0000000000000000       -0.0000000000000000     0.0000000000000000       -0.3369426959067996     0.0000000000000000
    2    2
     1.0800910344701202     0.0000000000000000       -0.0000000002764450     0.0000000000000000        0.0000000000000000     0.0000000000000000
    -0.0000000002764451     0.0000000000000000        1.0800910347893318     0.0000000000000000        0.0000000000000000     0.0000000000000000
     0.0000000000000000     0.0000000000000000        0.0000000000000000     0.0000000000000000        0.3369426959067996     0.0000000000000000

     Diagonalizing the dynamical matrix

     q = (     0.000000000000     0.000000000000     0.000000000000 )

***************************************************************************
   freq (    1) =    -0.00000030 [THz] =    -0.00000988 [cm-1]
(  -0.070667  0.000000   0.145958  0.000000  -0.688260  0.000000 )
(  -0.070667  0.000000   0.145958  0.000000  -0.688260  0.000000 )
   freq (    2) =     0.00000039 [THz] =     0.00001317 [cm-1]
(  -0.436637  0.000000   0.533298  0.000000   0.157928  0.000000 )
(  -0.436637  0.000000   0.533298  0.000000   0.157928  0.000000 )
   freq (    3) =     0.00000086 [THz] =     0.00002867 [cm-1]
(  -0.551683  0.000000  -0.440782  0.000000  -0.036832  0.000000 )
(  -0.551683  0.000000  -0.440782  0.000000  -0.036832  0.000000 )
   freq (    4) =    25.81152424 [THz] =   860.97964985 [cm-1]
(  -0.000000  0.000000   0.000000  0.000000   0.707107  0.000000 )
(   0.000000  0.000000   0.000000  0.000000  -0.707107  0.000000 )
   freq (    5) =    46.21317521 [THz] =  1541.50537692 [cm-1]
(  -0.612372  0.000000  -0.353553  0.000000  -0.000000  0.000000 )
(   0.612372  0.000000   0.353553  0.000000  -0.000000  0.000000 )
   freq (    6) =    46.21317522 [THz] =  1541.50537737 [cm-1]
(  -0.353553  0.000000   0.612372  0.000000   0.000000  0.000000 )
(   0.353553  0.000000  -0.612372  0.000000   0.000000  0.000000 )
***************************************************************************
