Dynamical matrix file
File generated with the CellConstructor by Lorenzo Monacelli
1 2 0     1.8897259890000000     0.0000000000000000     0.0000000000000000     0.0000000000000000     0.0000000000000000     0.0000000000000000
Basis vectors
    2.4600000000000000     0.0000000000000000     0.0000000000000000
   -1.2300000000000000     2.1304224933097187     0.0000000000000000
    0.0000000000000000     0.0000000000000000    15.0000000000000000
	1  'C '  10947.3571678344233078
    1     1     0.0000000000000001    -0.0000000000000007     7.4999999999999982
    2     1     1.2299999999999998     0.7101408311032394     7.4999999999999982

     Dynamical Matrix in cartesian axes

     q = (    -0.271002710027     0.000000000000     0.000000000000 )

    1    1
     1.2391287042413774     0.0000000000000000       -0.0000000001911844     0.0567966325859736       -0.0000000000000000    -0.0000000000000000
    -0.0000000001911843    -0.0567966325859736        1.2391287044621389     0.0000000000000000       -0.0000000000000000     0.0000000000000000
    -0.0000000000000000     0.0000000000000000       -0.0000000000000000    -0.0000000000000000        0.2505122342893220     0.0000000000000000
    1    2
    -0.0709779440555998     0.1229373886719300       -0.1229373883004468    -0.0709779446342305        0.0000000000000000    -0.0000000000000000
    -0.1229373883004468    -0.0709779446342305        0.0709779447839095    -0.1229373886719299        0.0000000000000000    -0.0000000000000000
    -0.0000000000000000     0.0000000000000000        0.0000000000000000     0.0000000000000000        0.0000000000768182     0.0000000000000000
    2    1
    -0.0709779440555998    -0.1229373886719300       -0.1229373883004468     0.0709779446342305       -0.0000000000000000    -0.0000000000000000
    -0.1229373883004468     0.0709779446342305        0.0709779447839095     0.1229373886719299        0.0000000000000000    -0.0000000000000000
     0.0000000000000000     0.0000000000000000        0.0000000000000000     0.0000000000000000        0.0000000000768182    -0.0000000000000000
    2    2
     1.2391287042413774     0.0000000000000000       -0.0000000001911844    -0.0567966325859736        0.0000000000000000     0.0000000000000000
    -0.0000000001911843     0.0567966325859736        1.2391287044621389    -0.0000000000000000       -0.0000000000000000     0.0000000000000000
     0.0000000000000000    -0.0000000000000000       -0.0000000000000000    -0.0000000000000000        0.2505122342893220     0.0000000000000000

     Dynamical Matrix in cartesian axes

     q = (     0.271002710027     0.000000000000     0.000000000000 )

    1    1
     1.2391287042413774    -0.0000000000000000       -0.0000000001911844    -0.0567966325859736       -0.0000000000000000     0.0000000000000000
    -0.0000000001911843     0.0567966325859736        1.2391287044621389    -0.0000000000000000       -0.0000000000000000    -0.0000000000000000
    -0.0000000000000000    -0.0000000000000000       -0.0000000000000000     0.0000000000000000        0.2505122342893220    -0.0000000000000000
    1    2
    -0.0709779440555998    -0.1229373886719300       -0.1229373883004468     0.0709779446342305        0.0000000000000000     0.0000000000000000
    -0.1229373883004468     0.0709779446342306        0.0709779447839095     0.1229373886719299        0.0000000000000000     0.0000000000000000
    -0.0000000000000000    -0.0000000000000000        0.0000000000000000    -0.0000000000000000        0.0000000000768182    -0.0000000000000000
    2    1
    -0.0709779440555998     0.1229373886719300       -0.1229373883004468    -0.0709779446342305       -0.0000000000000000     0.0000000000000000
    -0.1229373883004468    -0.0709779446342306        0.0709779447839095    -0.1229373886719299        0.0000000000000000     0.0000000000000000
     0.0000000000000000    -0.0000000000000000        0.0000000000000000    -0.0000000000000000        0.0000000000768182     0.0000000000000000
    2    2
     1.2391287042413774    -0.0000000000000000       -0.0000000001911844     0.0567966325859736        0.0000000000000000    -0.0000000000000000
    -0.0000000001911843    -0.0567966325859736        1.2391287044621389     0.0000000000000000       -0.0000000000000000    -0.0000000000000000
     0.0000000000000000     0.0000000000000000       -0.0000000000000000     0.0000000000000000        0.2505122342893220    -0.0000000000000000

     Diagonalizing the dynamical matrix

     q = (    -0.271002710027     0.000000000000     0.000000000000 )

***************************************************************************
   freq (    1) =    15.73747672 [THz] =   524.94564327 [cm-1]
(   0.000000  0.000000  -0.000000  0.000000   0.486274  0.513361 )
(   0.000000 -0.000000   0.000000  0.000000  -0.486272 -0.513359 )
   freq (    2) =    15.73747673 [THz] =   524.94564343 [cm-1]
(  -0.000000  0.000000  -0.000000 -0.000000  -0.504081 -0.495883 )
(   0.000000  0.000000  -0.000000 -0.000000  -0.504083 -0.495885 )
   freq (    3) =    29.80302964 [THz] =   994.12191922 [cm-1]
(   0.500000  0.000000  -0.000000  0.500000  -0.000000 -0.000000 )
(   0.250000  0.433013   0.433013 -0.250000  -0.000000  0.000000 )
   freq (    4) =    35.79403192 [THz] =  1193.96021618 [cm-1]
(   0.500000  0.000000   0.000000 -0.500000  -0.000000  0.000000 )
(  -0.250000  0.433013  -0.433013 -0.250000  -0.000000 -0.000000 )
   freq (    5) =    35.79403193 [THz] =  1193.96021658 [cm-1]
(   0.500000  0.000000   0.000000 -0.500000   0.000000  0.000000 )
(   0.250000 -0.433013   0.433013  0.250000   0.000000  0.000000 )
   freq (    6) =    38.07358115 [THz] =  1269.99778286 [cm-1]
(  -0.500000  0.000000   0.000000 -0.500000   0.000000  0.000000 )
(   0.250000  0.433013   0.433013 -0.250000   0.000000 -0.000000 )
***************************************************************************
