Dynamical matrix file
File generated with the CellConstructor by Lorenzo Monacelli
1 2 0     1.8897259890000000     0.0000000000000000     0.0000000000000000     0.0000000000000000     0.0000000000000000     0.0000000000000000
Basis vectors
    2.4600000000000000     0.0000000000000000     0.0000000000000000
   -1.2300000000000000     2.1304224933097187     0.0000000000000000
    0.0000000000000000     0.0000000000000000    15.0000000000000000
	1  'C '  10947.3571678344233078
    1     1     0.0000000000000001    -0.0000000000000007     7.4999999999999982
    2     1     1.2299999999999998     0.7101408311032394     7.4999999999999982

     Dynamical Matrix in cartesian axes

     q = (    -0.203252032520     0.117347615689     0.000000000000 )

    1    1
     1.4292269043998524    -0.0000000000000000       -0.2323406287519675     0.0000000000000000       -0.0000000000000000     0.0000000000000000
    -0.2323406287519677    -0.0000000000000000        1.1609430555089721    -0.0000000000000000        0.0000000000000000    -0.0000000000000000
    -0.0000000000000000    -0.0000000000000000        0.0000000000000000     0.0000000000000000        0.2724092687324535     0.0000000000000000
    1    2
    -0.1697848936804964    -0.0000000000000000       -0.2934563646007969     0.0000000000000000        0.0000000000000000     0.0000000000000000
    -0.2934563646007969     0.0000000000000000       -0.5086391161901878    -0.0000000000000000        0.0000000000000000     0.0000000000000000
    -0.0000000000000000    -0.0000000000000000        0.0000000000000000     0.0000000000000000       -0.0801266367444062    -0.0000000000000000
    2    1
    -0.1697848936804964     0.0000000000000000       -0.2934563646007969    -0.0000000000000000       -0.0000000000000000     0.0000000000000000
    -0.2934563646007969    -0.0000000000000000       -0.5086391161901878     0.0000000000000000        0.0000000000000000    -0.0000000000000000
     0.0000000000000000    -0.0000000000000000        0.0000000000000000    -0.0000000000000000       -0.0801266367444062     0.0000000000000000
    2    2
     1.4292269043998524     0.0000000000000000       -0.2323406287519675    -0.0000000000000000       -0.0000000000000000     0.0000000000000000
    -0.2323406287519677     0.0000000000000000        1.1609430555089721     0.0000000000000000       -0.0000000000000000     0.0000000000000000
    -0.0000000000000000    -0.0000000000000000       -0.0000000000000000    -0.0000000000000000        0.2724092687324535    -0.0000000000000000

     Dynamical Matrix in cartesian axes

     q = (     0.203252032520     0.117347615689     0.000000000000 )

    1    1
     1.4292269039304095     0.0000000000000000        0.2323406282574016    -0.0000000000000000        0.0000000000000000    -0.0000000000000000
     0.2323406282574016     0.0000000000000000        1.1609430553942688     0.0000000000000000        0.0000000000000000    -0.0000000000000000
     0.0000000000000000     0.0000000000000000        0.0000000000000000     0.0000000000000000        0.2724092687095234     0.0000000000000000
    1    2
     0.1697848951060238     0.0000000000000000       -0.2934563640502200    -0.0000000000000000        0.0000000000000000    -0.0000000000000000
    -0.2934563640502200    -0.0000000000000000        0.5086391166651359     0.0000000000000000        0.0000000000000000     0.0000000000000000
    -0.0000000000000000     0.0000000000000000       -0.0000000000000000     0.0000000000000000        0.0801266368774890     0.0000000000000000
    2    1
     0.1697848951060238    -0.0000000000000000       -0.2934563640502200     0.0000000000000000       -0.0000000000000000    -0.0000000000000000
    -0.2934563640502200     0.0000000000000000        0.5086391166651359    -0.0000000000000000       -0.0000000000000000    -0.0000000000000000
     0.0000000000000000     0.0000000000000000        0.0000000000000000    -0.0000000000000000        0.0801266368774890    -0.0000000000000000
    2    2
     1.4292269039304095    -0.0000000000000000        0.2323406282574016     0.0000000000000000       -0.0000000000000000     0.0000000000000000
     0.2323406282574016    -0.0000000000000000        1.1609430553942688    -0.0000000000000000       -0.0000000000000000     0.0000000000000000
    -0.0000000000000000    -0.0000000000000000       -0.0000000000000000    -0.0000000000000000        0.2724092687095234     0.0000000000000000

     Dynamical Matrix in cartesian axes

     q = (     0.000000000000     0.234695231378     0.000000000000 )

    1    1
     1.0268011309012393    -0.0000000000000000       -0.0000000000937465     0.0000000000000000        0.0000000000000000    -0.0000000000000000
    -0.0000000000937465    -0.0000000000000000        1.5633688290075853     0.0000000000000000       -0.0000000000000000    -0.0000000000000000
     0.0000000000000000     0.0000000000000000       -0.0000000000000000     0.0000000000000000        0.2724092687324535    -0.0000000000000000
    1    2
    -0.6780662272092834    -0.0000000000000000        0.0000000001356819     0.0000000000000000       -0.0000000000000000    -0.0000000000000000
     0.0000000001356819     0.0000000000000000       -0.0003577826614008    -0.0000000000000000        0.0000000000000000     0.0000000000000000
    -0.0000000000000000     0.0000000000000000        0.0000000000000000     0.0000000000000000       -0.0801266367444062    -0.0000000000000000
    2    1
    -0.6780662272092833     0.0000000000000000        0.0000000001356819    -0.0000000000000000       -0.0000000000000000    -0.0000000000000000
     0.0000000001356819     0.0000000000000000       -0.0003577826614008     0.0000000000000000        0.0000000000000000    -0.0000000000000000
    -0.0000000000000000    -0.0000000000000000        0.0000000000000000    -0.0000000000000000       -0.0801266367444062     0.0000000000000000
    2    2
     1.0268011309012393     0.0000000000000000       -0.0000000000937465    -0.0000000000000000        0.0000000000000000     0.0000000000000000
    -0.0000000000937465     0.0000000000000000        1.5633688290075853    -0.0000000000000000       -0.0000000000000000     0.0000000000000000
     0.0000000000000000    -0.0000000000000000       -0.0000000000000000     0.0000000000000000        0.2724092687324535     0.0000000000000000

     Diagonalizing the dynamical matrix

     q = (    -0.203252032520     0.117347615689     0.000000000000 )

***************************************************************************
   freq (    1) =    13.78766300 [THz] =   459.90686747 [cm-1]
(  -0.000000  0.000000  -0.000000 -0.000000   0.707107 -0.000000 )
(   0.000000 -0.000000  -0.000000  0.000000   0.707107 -0.000000 )
   freq (    2) =    18.56813731 [THz] =   619.36630336 [cm-1]
(   0.353553  0.000000   0.612372  0.000000  -0.000000 -0.000000 )
(   0.353553  0.000000   0.612372  0.000000   0.000000  0.000000 )
   freq (    3) =    18.66905386 [THz] =   622.73251685 [cm-1]
(   0.000000  0.000000   0.000000  0.000000   0.707107  0.000000 )
(   0.000000 -0.000000   0.000000  0.000000  -0.707107 -0.000000 )
   freq (    4) =    39.30987423 [THz] =  1311.23607530 [cm-1]
(   0.612372  0.000000  -0.353553  0.000000  -0.000000 -0.000000 )
(   0.612372 -0.000000  -0.353553  0.000000   0.000000  0.000000 )
   freq (    5) =    39.31887147 [THz] =  1311.53619081 [cm-1]
(   0.612372  0.000000  -0.353553  0.000000   0.000000  0.000000 )
(  -0.612372  0.000000   0.353553 -0.000000  -0.000000 -0.000000 )
   freq (    6) =    41.05498790 [THz] =  1369.44679333 [cm-1]
(  -0.353553  0.000000  -0.612372  0.000000  -0.000000  0.000000 )
(   0.353553 -0.000000   0.612372 -0.000000   0.000000 -0.000000 )
***************************************************************************
