Dynamical matrix file
File generated with the CellConstructor by Lorenzo Monacelli
1 2 0     1.8897259890000000     0.0000000000000000     0.0000000000000000     0.0000000000000000     0.0000000000000000     0.0000000000000000
Basis vectors
    2.4600000000000000     0.0000000000000000     0.0000000000000000
   -1.2300000000000000     2.1304224933097187     0.0000000000000000
    0.0000000000000000     0.0000000000000000    15.0000000000000000
	1  'C '  10947.3571678344233078
    1     1     0.0000000000000001    -0.0000000000000007     7.4999999999999982
    2     1     1.2299999999999998     0.7101408311032394     7.4999999999999982

     Dynamical Matrix in cartesian axes

     q = (     0.067750677507    -0.039115871896     0.000000000000 )

    1    1
     1.1978977737637044     0.0000000000000000       -0.0827656208390267     0.0000000000306497       -0.0000000000000000    -0.0000000000000000
    -0.0827656208390267    -0.0000000000306497        1.1023282674835577     0.0000000000000000        0.0000000000000000     0.0000000000000000
    -0.0000000000000000     0.0000000000000000        0.0000000000000000    -0.0000000000000000        0.3250821618945195    -0.0000000000000000
    1    2
    -0.8904574411399752     0.3910695012199856       -0.0258099394393754    -0.1127563095800117       -0.0000000000000000     0.0000000000000000
    -0.0258099394393753    -0.1127563095800117       -0.9202601928022115     0.2608697298154690       -0.0000000000000000    -0.0000000000000000
    -0.0000000000000000    -0.0000000000000000        0.0000000000000000     0.0000000000000000       -0.3008033183439177     0.1109627142315663
    2    1
    -0.8904574411399752    -0.3910695012199856       -0.0258099394393754     0.1127563095800117       -0.0000000000000000     0.0000000000000000
    -0.0258099394393753     0.1127563095800117       -0.9202601928022115    -0.2608697298154690        0.0000000000000000    -0.0000000000000000
    -0.0000000000000000    -0.0000000000000000       -0.0000000000000000     0.0000000000000000       -0.3008033183439177    -0.1109627142315663
    2    2
     1.1978977737637044     0.0000000000000000       -0.0827656208390267    -0.0000000000306497        0.0000000000000000    -0.0000000000000000
    -0.0827656208390267     0.0000000000306497        1.1023282674835577     0.0000000000000000       -0.0000000000000000     0.0000000000000000
     0.0000000000000000     0.0000000000000000       -0.0000000000000000    -0.0000000000000000        0.3250821618945195     0.0000000000000000

     Dynamical Matrix in cartesian axes

     q = (    -0.067750677507     0.039115871896     0.000000000000 )

    1    1
     1.1978977737637044    -0.0000000000000000       -0.0827656208390267    -0.0000000000306497       -0.0000000000000000     0.0000000000000000
    -0.0827656208390267     0.0000000000306497        1.1023282674835577    -0.0000000000000000        0.0000000000000000    -0.0000000000000000
    -0.0000000000000000    -0.0000000000000000        0.0000000000000000     0.0000000000000000        0.3250821618945195     0.0000000000000000
    1    2
    -0.8904574411399752    -0.3910695012199856       -0.0258099394393754     0.1127563095800117       -0.0000000000000000    -0.0000000000000000
    -0.0258099394393753     0.1127563095800117       -0.9202601928022115    -0.2608697298154690       -0.0000000000000000     0.0000000000000000
    -0.0000000000000000     0.0000000000000000        0.0000000000000000    -0.0000000000000000       -0.3008033183439177    -0.1109627142315662
    2    1
    -0.8904574411399752     0.3910695012199856       -0.0258099394393754    -0.1127563095800117       -0.0000000000000000    -0.0000000000000000
    -0.0258099394393753    -0.1127563095800117       -0.9202601928022115     0.2608697298154690        0.0000000000000000     0.0000000000000000
    -0.0000000000000000     0.0000000000000000       -0.0000000000000000    -0.0000000000000000       -0.3008033183439177     0.1109627142315662
    2    2
     1.1978977737637044    -0.0000000000000000       -0.0827656208390267     0.0000000000306497        0.0000000000000000     0.0000000000000000
    -0.0827656208390267    -0.0000000000306497        1.1023282674835577    -0.0000000000000000       -0.0000000000000000    -0.0000000000000000
     0.0000000000000000    -0.0000000000000000       -0.0000000000000000     0.0000000000000000        0.3250821618945195    -0.0000000000000000

     Dynamical Matrix in cartesian axes

     q = (    -0.067750677507    -0.039115871896     0.000000000000 )

    1    1
     1.1978977737236767     0.0000000000000000        0.0827656203265390     0.0000000000007329        0.0000000000000000     0.0000000000000000
     0.0827656203265390    -0.0000000000007329        1.1023282673719401    -0.0000000000000000        0.0000000000000000     0.0000000000000000
     0.0000000000000000    -0.0000000000000000        0.0000000000000000    -0.0000000000000000        0.3250821618976301    -0.0000000000000000
    1    2
    -0.7839048258583156    -0.5756240382579418       -0.0847448607741602     0.0787302155640490        0.0000000000000000    -0.0000000000000000
    -0.0847448607741602     0.0787302155640490       -0.6860498894957829    -0.6665338605555776       -0.0000000000000000     0.0000000000000000
    -0.0000000000000000     0.0000000000000000       -0.0000000000000000     0.0000000000000000       -0.2464981825159856    -0.2050219654203183
    2    1
    -0.7839048258583156     0.5756240382579418       -0.0847448607741602    -0.0787302155640490       -0.0000000000000000    -0.0000000000000000
    -0.0847448607741602    -0.0787302155640490       -0.6860498894957829     0.6665338605555776       -0.0000000000000000    -0.0000000000000000
     0.0000000000000000     0.0000000000000000       -0.0000000000000000    -0.0000000000000000       -0.2464981825159856     0.2050219654203183
    2    2
     1.1978977737236767    -0.0000000000000000        0.0827656203265390    -0.0000000000007329        0.0000000000000000     0.0000000000000000
     0.0827656203265390     0.0000000000007329        1.1023282673719401    -0.0000000000000000       -0.0000000000000000    -0.0000000000000000
     0.0000000000000000    -0.0000000000000000       -0.0000000000000000     0.0000000000000000        0.3250821618976301     0.0000000000000000

     Dynamical Matrix in cartesian axes

     q = (     0.067750677507     0.039115871896     0.000000000000 )

    1    1
     1.1978977737236767    -0.0000000000000000        0.0827656203265390    -0.0000000000007329        0.0000000000000000    -0.0000000000000000
     0.0827656203265390     0.0000000000007329        1.1023282673719401     0.0000000000000000        0.0000000000000000    -0.0000000000000000
     0.0000000000000000     0.0000000000000000        0.0000000000000000     0.0000000000000000        0.3250821618976301     0.0000000000000000
    1    2
    -0.7839048258583156     0.5756240382579418       -0.0847448607741602    -0.0787302155640490        0.0000000000000000     0.0000000000000000
    -0.0847448607741602    -0.0787302155640490       -0.6860498894957829     0.6665338605555776       -0.0000000000000000    -0.0000000000000000
    -0.0000000000000000    -0.0000000000000000       -0.0000000000000000    -0.0000000000000000       -0.2464981825159856     0.2050219654203183
    2    1
    -0.7839048258583156    -0.5756240382579418       -0.0847448607741602     0.0787302155640490       -0.0000000000000000     0.0000000000000000
    -0.0847448607741602     0.0787302155640490       -0.6860498894957829    -0.6665338605555776       -0.0000000000000000     0.0000000000000000
     0.0000000000000000    -0.0000000000000000       -0.0000000000000000     0.0000000000000000       -0.2464981825159856    -0.2050219654203183
    2    2
     1.1978977737236767     0.0000000000000000        0.0827656203265390     0.0000000000007329        0.0000000000000000    -0.0000000000000000
     0.0827656203265390    -0.0000000000007329        1.1023282673719401     0.0000000000000000       -0.0000000000000000     0.0000000000000000
     0.0000000000000000     0.0000000000000000       -0.0000000000000000    -0.0000000000000000        0.3250821618976301    -0.0000000000000000

     Dynamical Matrix in cartesian axes

     q = (    -0.000000000000    -0.078231743793     0.000000000000 )

    1    1
     1.0545435138470063    -0.0000000000000000       -0.0000000002854381     0.0000000000291838        0.0000000000000000     0.0000000000000000
    -0.0000000002854381    -0.0000000000291838        1.2456825274002556     0.0000000000000000        0.0000000000000000     0.0000000000000000
     0.0000000000000000    -0.0000000000000000        0.0000000000000000    -0.0000000000000000        0.3250821618945195    -0.0000000000000000
    1    2
    -0.9351615681112894    -0.1957698441333261        0.0000000002999839    -0.0000000000125310       -0.0000000000000000    -0.0000000000000000
     0.0000000002999839    -0.0000000000125310       -0.8755560658308972    -0.4561693869021301       -0.0000000000000000     0.0000000000000000
    -0.0000000000000000     0.0000000000000000        0.0000000000000000    -0.0000000000000000       -0.3008033183439176    -0.1109627142315665
    2    1
    -0.9351615681112894     0.1957698441333261        0.0000000002999839     0.0000000000125310       -0.0000000000000000    -0.0000000000000000
     0.0000000002999839     0.0000000000125310       -0.8755560658308972     0.4561693869021301        0.0000000000000000     0.0000000000000000
    -0.0000000000000000     0.0000000000000000       -0.0000000000000000    -0.0000000000000000       -0.3008033183439176     0.1109627142315665
    2    2
     1.0545435138470063     0.0000000000000000       -0.0000000002854381    -0.0000000000291838        0.0000000000000000     0.0000000000000000
    -0.0000000002854381     0.0000000000291838        1.2456825274002556    -0.0000000000000000       -0.0000000000000000    -0.0000000000000000
     0.0000000000000000    -0.0000000000000000       -0.0000000000000000     0.0000000000000000        0.3250821618945195    -0.0000000000000000

     Dynamical Matrix in cartesian axes

     q = (     0.000000000000     0.078231743793     0.000000000000 )

    1    1
     1.0545435138470063     0.0000000000000000       -0.0000000002854381    -0.0000000000291838        0.0000000000000000    -0.0000000000000000
    -0.0000000002854381     0.0000000000291838        1.2456825274002556    -0.0000000000000000        0.0000000000000000    -0.0000000000000000
     0.0000000000000000     0.0000000000000000        0.0000000000000000     0.0000000000000000        0.3250821618945195     0.0000000000000000
    1    2
    -0.9351615681112894     0.1957698441333261        0.0000000002999839     0.0000000000125310       -0.0000000000000000     0.0000000000000000
     0.0000000002999839     0.0000000000125310       -0.8755560658308972     0.4561693869021301       -0.0000000000000000    -0.0000000000000000
    -0.0000000000000000    -0.0000000000000000        0.0000000000000000     0.0000000000000000       -0.3008033183439176     0.1109627142315665
    2    1
    -0.9351615681112894    -0.1957698441333261        0.0000000002999839    -0.0000000000125310       -0.0000000000000000     0.0000000000000000
     0.0000000002999839    -0.0000000000125310       -0.8755560658308972    -0.4561693869021301        0.0000000000000000    -0.0000000000000000
    -0.0000000000000000    -0.0000000000000000       -0.0000000000000000     0.0000000000000000       -0.3008033183439176    -0.1109627142315665
    2    2
     1.0545435138470063    -0.0000000000000000       -0.0000000002854381     0.0000000000291838        0.0000000000000000    -0.0000000000000000
    -0.0000000002854381    -0.0000000000291838        1.2456825274002556     0.0000000000000000       -0.0000000000000000     0.0000000000000000
     0.0000000000000000     0.0000000000000000       -0.0000000000000000    -0.0000000000000000        0.3250821618945195     0.0000000000000000

     Diagonalizing the dynamical matrix

     q = (     0.067750677507    -0.039115871896     0.000000000000 )

***************************************************************************
   freq (    1) =     2.10102724 [THz] =    70.08271493 [cm-1]
(   0.000000  0.000000   0.000000 -0.000000   0.449564 -0.545795 )
(   0.000000  0.000000  -0.000000  0.000000   0.610676 -0.356475 )
   freq (    2) =     9.89873296 [THz] =   330.18614310 [cm-1]
(   0.353553  0.000000   0.612372  0.000000  -0.000000 -0.000000 )
(   0.346052  0.072444   0.599379  0.125476   0.000000  0.000000 )
   freq (    3) =    15.98390889 [THz] =   533.16573454 [cm-1]
(  -0.612372  0.000000   0.353553  0.000000  -0.000000 -0.000000 )
(  -0.543083 -0.282949   0.313549  0.163361   0.000000 -0.000000 )
   freq (    4) =    25.26595942 [THz] =   842.78156859 [cm-1]
(   0.000000  0.000000  -0.000000 -0.000000  -0.695568  0.127219 )
(  -0.000000  0.000000  -0.000000 -0.000000   0.696612  0.121373 )
   freq (    5) =    44.57754691 [THz] =  1486.94669746 [cm-1]
(   0.353553  0.000000   0.612372  0.000000   0.000000 -0.000000 )
(  -0.346052 -0.072444  -0.599379 -0.125476  -0.000000  0.000000 )
   freq (    6) =    46.98505391 [THz] =  1567.25247545 [cm-1]
(  -0.612372  0.000000   0.353553  0.000000  -0.000000 -0.000000 )
(   0.543083  0.282949  -0.313549 -0.163361  -0.000000  0.000000 )
***************************************************************************
