Dynamical matrix file
File generated with the CellConstructor by Lorenzo Monacelli
1 2 0     1.8897259890000000     0.0000000000000000     0.0000000000000000     0.0000000000000000     0.0000000000000000     0.0000000000000000
Basis vectors
    2.4600000000000000     0.0000000000000000     0.0000000000000000
   -1.2300000000000000     2.1304224933097187     0.0000000000000000
    0.0000000000000000     0.0000000000000000    15.0000000000000000
	1  'C '  10947.3571678344233078
    1     1     0.0000000000000001    -0.0000000000000007     7.4999999999999982
    2     1     1.2299999999999998     0.7101408311032394     7.4999999999999982

     Dynamical Matrix in cartesian axes

     q = (     0.135501355014    -0.078231743793     0.000000000000 )

    1    1
     1.3606664062749294     0.0000000000000000       -0.1908512047619866     0.0000000000723451       -0.0000000000000000    -0.0000000000000000
    -0.1908512047619867    -0.0000000000723451        1.1402904178243154    -0.0000000000000000        0.0000000000000000     0.0000000000000000
    -0.0000000000000000     0.0000000000000000        0.0000000000000000    -0.0000000000000000        0.2924907811216712     0.0000000000000000
    1    2
    -0.4205687163565323     0.4182115122928760       -0.1827363512269422    -0.1503049553531969       -0.0000000000000000     0.0000000000000000
    -0.1827363512269422    -0.1503049553531969       -0.6315744800058197     0.2446542994927217        0.0000000000000000    -0.0000000000000000
    -0.0000000000000000     0.0000000000000000        0.0000000000000000    -0.0000000000000000       -0.1750649953761657     0.1435416778409175
    2    1
    -0.4205687163565323    -0.4182115122928760       -0.1827363512269422     0.1503049553531969       -0.0000000000000000    -0.0000000000000000
    -0.1827363512269422     0.1503049553531969       -0.6315744800058197    -0.2446542994927217        0.0000000000000000     0.0000000000000000
    -0.0000000000000000    -0.0000000000000000        0.0000000000000000     0.0000000000000000       -0.1750649953761657    -0.1435416778409175
    2    2
     1.3606664062749294     0.0000000000000000       -0.1908512047619866    -0.0000000000723451       -0.0000000000000000    -0.0000000000000000
    -0.1908512047619867     0.0000000000723451        1.1402904178243154     0.0000000000000000       -0.0000000000000000    -0.0000000000000000
    -0.0000000000000000     0.0000000000000000       -0.0000000000000000     0.0000000000000000        0.2924907811216712    -0.0000000000000000

     Dynamical Matrix in cartesian axes

     q = (    -0.135501355014     0.078231743793     0.000000000000 )

    1    1
     1.3606664062749294    -0.0000000000000000       -0.1908512047619866    -0.0000000000723451       -0.0000000000000000     0.0000000000000000
    -0.1908512047619867     0.0000000000723451        1.1402904178243154     0.0000000000000000        0.0000000000000000    -0.0000000000000000
    -0.0000000000000000    -0.0000000000000000        0.0000000000000000     0.0000000000000000        0.2924907811216712    -0.0000000000000000
    1    2
    -0.4205687163565324    -0.4182115122928761       -0.1827363512269422     0.1503049553531969       -0.0000000000000000    -0.0000000000000000
    -0.1827363512269422     0.1503049553531970       -0.6315744800058196    -0.2446542994927217        0.0000000000000000     0.0000000000000000
    -0.0000000000000000    -0.0000000000000000        0.0000000000000000     0.0000000000000000       -0.1750649953761657    -0.1435416778409175
    2    1
    -0.4205687163565324     0.4182115122928761       -0.1827363512269422    -0.1503049553531969       -0.0000000000000000     0.0000000000000000
    -0.1827363512269422    -0.1503049553531970       -0.6315744800058196     0.2446542994927217        0.0000000000000000    -0.0000000000000000
    -0.0000000000000000     0.0000000000000000        0.0000000000000000    -0.0000000000000000       -0.1750649953761657     0.1435416778409175
    2    2
     1.3606664062749294    -0.0000000000000000       -0.1908512047619866     0.0000000000723451       -0.0000000000000000     0.0000000000000000
    -0.1908512047619867    -0.0000000000723451        1.1402904178243154    -0.0000000000000000       -0.0000000000000000     0.0000000000000000
    -0.0000000000000000    -0.0000000000000000       -0.0000000000000000    -0.0000000000000000        0.2924907811216712     0.0000000000000000

     Dynamical Matrix in cartesian axes

     q = (    -0.135501355014    -0.078231743793     0.000000000000 )

    1    1
     1.3606664058093760    -0.0000000000000000        0.1908512041168675     0.0000000000000487        0.0000000000000000    -0.0000000000000000
     0.1908512041168675    -0.0000000000000487        1.1402904176659518    -0.0000000000000000        0.0000000000000000    -0.0000000000000000
     0.0000000000000000     0.0000000000000000        0.0000000000000000     0.0000000000000000        0.2924907811093003     0.0000000000000000
    1    2
    -0.1518974002044363    -0.5733289585092995       -0.2215360896747705     0.0831018311356978        0.0000000000000000     0.0000000000000000
    -0.2215360896747705     0.0831018311356978        0.1039104418136039    -0.6692866876616500        0.0000000000000000     0.0000000000000000
    -0.0000000000000000     0.0000000000000000       -0.0000000000000000     0.0000000000000000       -0.0367782286265812    -0.2233815744206320
    2    1
    -0.1518974002044363     0.5733289585092995       -0.2215360896747705    -0.0831018311356978       -0.0000000000000000    -0.0000000000000000
    -0.2215360896747705    -0.0831018311356978        0.1039104418136039     0.6692866876616500       -0.0000000000000000    -0.0000000000000000
     0.0000000000000000    -0.0000000000000000        0.0000000000000000    -0.0000000000000000       -0.0367782286265812     0.2233815744206320
    2    2
     1.3606664058093760    -0.0000000000000000        0.1908512041168674    -0.0000000000000487        0.0000000000000000     0.0000000000000000
     0.1908512041168674     0.0000000000000487        1.1402904176659518     0.0000000000000000       -0.0000000000000000    -0.0000000000000000
     0.0000000000000000    -0.0000000000000000       -0.0000000000000000     0.0000000000000000        0.2924907811093003     0.0000000000000000

     Dynamical Matrix in cartesian axes

     q = (     0.135501355014     0.078231743793     0.000000000000 )

    1    1
     1.3606664058093760     0.0000000000000000        0.1908512041168675    -0.0000000000000487        0.0000000000000000     0.0000000000000000
     0.1908512041168675     0.0000000000000487        1.1402904176659518     0.0000000000000000        0.0000000000000000     0.0000000000000000
     0.0000000000000000    -0.0000000000000000        0.0000000000000000    -0.0000000000000000        0.2924907811093003    -0.0000000000000000
    1    2
    -0.1518974002044363     0.5733289585092995       -0.2215360896747705    -0.0831018311356978        0.0000000000000000    -0.0000000000000000
    -0.2215360896747705    -0.0831018311356978        0.1039104418136039     0.6692866876616500        0.0000000000000000    -0.0000000000000000
    -0.0000000000000000    -0.0000000000000000       -0.0000000000000000    -0.0000000000000000       -0.0367782286265812     0.2233815744206320
    2    1
    -0.1518974002044363    -0.5733289585092995       -0.2215360896747705     0.0831018311356978       -0.0000000000000000     0.0000000000000000
    -0.2215360896747705     0.0831018311356978        0.1039104418136039    -0.6692866876616500       -0.0000000000000000     0.0000000000000000
     0.0000000000000000     0.0000000000000000        0.0000000000000000     0.0000000000000000       -0.0367782286265812    -0.2233815744206320
    2    2
     1.3606664058093760     0.0000000000000000        0.1908512041168674     0.0000000000000487        0.0000000000000000    -0.0000000000000000
     0.1908512041168674    -0.0000000000000487        1.1402904176659518    -0.0000000000000000       -0.0000000000000000     0.0000000000000000
     0.0000000000000000     0.0000000000000000       -0.0000000000000000    -0.0000000000000000        0.2924907811093003    -0.0000000000000000

     Dynamical Matrix in cartesian axes

     q = (    -0.000000000000    -0.156463487585     0.000000000000 )

    1    1
     1.0301024232702227    -0.0000000000000000       -0.0000000001903875     0.0000000000722476        0.0000000000000000     0.0000000000000000
    -0.0000000001903875    -0.0000000000722476        1.4708544008290219     0.0000000000000000       -0.0000000000000000     0.0000000000000000
     0.0000000000000000    -0.0000000000000000       -0.0000000000000000    -0.0000000000000000        0.2924907811216711     0.0000000000000000
    1    2
    -0.7370773614509051    -0.1578756930422069        0.0000000002189459     0.0000000000288613        0.0000000000000000    -0.0000000000000000
     0.0000000002189459     0.0000000000288613       -0.3150658349114464    -0.5049901187433926        0.0000000000000000    -0.0000000000000000
    -0.0000000000000000     0.0000000000000000       -0.0000000000000000    -0.0000000000000000       -0.1750649953761655    -0.1435416778409178
    2    1
    -0.7370773614509051     0.1578756930422069        0.0000000002189459    -0.0000000000288613       -0.0000000000000000    -0.0000000000000000
     0.0000000002189459    -0.0000000000288613       -0.3150658349114464     0.5049901187433926       -0.0000000000000000     0.0000000000000000
     0.0000000000000000     0.0000000000000000        0.0000000000000000     0.0000000000000000       -0.1750649953761655     0.1435416778409178
    2    2
     1.0301024232702227     0.0000000000000000       -0.0000000001903875    -0.0000000000722476       -0.0000000000000000     0.0000000000000000
    -0.0000000001903875     0.0000000000722476        1.4708544008290219    -0.0000000000000000       -0.0000000000000000    -0.0000000000000000
    -0.0000000000000000    -0.0000000000000000       -0.0000000000000000     0.0000000000000000        0.2924907811216711    -0.0000000000000000

     Dynamical Matrix in cartesian axes

     q = (     0.000000000000     0.156463487585     0.000000000000 )

    1    1
     1.0301024232702227     0.0000000000000000       -0.0000000001903875    -0.0000000000722476        0.0000000000000000    -0.0000000000000000
    -0.0000000001903875     0.0000000000722476        1.4708544008290219    -0.0000000000000000       -0.0000000000000000    -0.0000000000000000
     0.0000000000000000     0.0000000000000000       -0.0000000000000000     0.0000000000000000        0.2924907811216711    -0.0000000000000000
    1    2
    -0.7370773614509051     0.1578756930422069        0.0000000002189459    -0.0000000000288613        0.0000000000000000     0.0000000000000000
     0.0000000002189459    -0.0000000000288613       -0.3150658349114464     0.5049901187433926        0.0000000000000000     0.0000000000000000
    -0.0000000000000000    -0.0000000000000000       -0.0000000000000000     0.0000000000000000       -0.1750649953761655     0.1435416778409178
    2    1
    -0.7370773614509051    -0.1578756930422069        0.0000000002189459     0.0000000000288613       -0.0000000000000000     0.0000000000000000
     0.0000000002189459     0.0000000000288613       -0.3150658349114464    -0.5049901187433926       -0.0000000000000000    -0.0000000000000000
     0.0000000000000000    -0.0000000000000000        0.0000000000000000    -0.0000000000000000       -0.1750649953761655    -0.1435416778409178
    2    2
     1.0301024232702227    -0.0000000000000000       -0.0000000001903875     0.0000000000722476       -0.0000000000000000    -0.0000000000000000
    -0.0000000001903875    -0.0000000000722476        1.4708544008290219     0.0000000000000000       -0.0000000000000000     0.0000000000000000
    -0.0000000000000000     0.0000000000000000       -0.0000000000000000    -0.0000000000000000        0.2924907811216711     0.0000000000000000

     Diagonalizing the dynamical matrix

     q = (     0.135501355014    -0.078231743793     0.000000000000 )

***************************************************************************
   freq (    1) =     8.08401869 [THz] =   269.65379946 [cm-1]
(  -0.000000  0.000000  -0.000000  0.000000   0.672481 -0.218561 )
(  -0.000000 -0.000000  -0.000000 -0.000000   0.658603  0.257375 )
   freq (    2) =    16.52785347 [THz] =   551.30977000 [cm-1]
(  -0.353553  0.000000  -0.612372 -0.000000  -0.000000  0.000000 )
(  -0.345712 -0.074049  -0.598791 -0.128256  -0.000000 -0.000000 )
   freq (    3) =    22.64925870 [THz] =   755.49784033 [cm-1]
(   0.000000  0.000000   0.000000 -0.000000   0.672325 -0.219042 )
(   0.000000  0.000000   0.000000 -0.000000  -0.658787 -0.256903 )
   freq (    4) =    29.42274259 [THz] =   981.43691072 [cm-1]
(   0.612372  0.000000  -0.353553 -0.000000   0.000000  0.000000 )
(   0.324148  0.519546  -0.187147 -0.299960   0.000000  0.000000 )
   freq (    5) =    41.99577883 [THz] =  1400.82819648 [cm-1]
(   0.353553  0.000000   0.612372  0.000000  -0.000000  0.000000 )
(  -0.345712 -0.074049  -0.598791 -0.128256   0.000000  0.000000 )
   freq (    6) =    45.19528577 [THz] =  1507.55224492 [cm-1]
(  -0.612372  0.000000   0.353553  0.000000  -0.000000  0.000000 )
(   0.324148  0.519546  -0.187147 -0.299960   0.000000  0.000000 )
***************************************************************************
