Dynamical matrix file
File generated with the CellConstructor by Lorenzo Monacelli
1 2 0     1.8897259890000000     0.0000000000000000     0.0000000000000000     0.0000000000000000     0.0000000000000000     0.0000000000000000
Basis vectors
    2.4600000000000000     0.0000000000000000     0.0000000000000000
   -1.2300000000000000     2.1304224933097187     0.0000000000000000
    0.0000000000000000     0.0000000000000000    15.0000000000000000
	1  'C '  10947.3571678344233078
    1     1     0.0000000000000001    -0.0000000000000007     7.4999999999999982
    2     1     1.2299999999999998     0.7101408311032394     7.4999999999999982

     Dynamical Matrix in cartesian axes

     q = (     0.067750677507    -0.117347615689     0.000000000000 )

    1    1
     1.1430301950934674     0.0000000000000000       -0.1351672398802752     0.0137414702344327       -0.0000000000000000    -0.0000000000000000
    -0.1351672398802752    -0.0137414702344327        1.2991078797529731     0.0000000000000000       -0.0000000000000000     0.0000000000000000
    -0.0000000000000000     0.0000000000000000       -0.0000000000000000    -0.0000000000000000        0.3003201655820325     0.0000000000000000
    1    2
    -0.7176010302092142     0.1944301481683579        0.0043993564826450    -0.1122542983833229        0.0000000000000000     0.0000000000000000
     0.0043993564826450    -0.1122542983833229       -0.7226809695071725    -0.1944301481682311        0.0000000000000000     0.0000000000000000
     0.0000000000000000     0.0000000000000000        0.0000000000000000    -0.0000000000000000       -0.2654201291266598     0.0000000000007501
    2    1
    -0.7176010302092143    -0.1944301481683579        0.0043993564826450     0.1122542983833229        0.0000000000000000    -0.0000000000000000
     0.0043993564826450     0.1122542983833229       -0.7226809695071725     0.1944301481682311        0.0000000000000000     0.0000000000000000
     0.0000000000000000    -0.0000000000000000        0.0000000000000000    -0.0000000000000000       -0.2654201291266598    -0.0000000000007501
    2    2
     1.1430301950934674     0.0000000000000000       -0.1351672398802752    -0.0137414702344327       -0.0000000000000000     0.0000000000000000
    -0.1351672398802752     0.0137414702344327        1.2991078797529731     0.0000000000000000       -0.0000000000000000    -0.0000000000000000
    -0.0000000000000000    -0.0000000000000000       -0.0000000000000000     0.0000000000000000        0.3003201655820325    -0.0000000000000000

     Dynamical Matrix in cartesian axes

     q = (    -0.067750677507     0.117347615689     0.000000000000 )

    1    1
     1.1430301950934674    -0.0000000000000000       -0.1351672398802752    -0.0137414702344327       -0.0000000000000000     0.0000000000000000
    -0.1351672398802752     0.0137414702344327        1.2991078797529731    -0.0000000000000000       -0.0000000000000000    -0.0000000000000000
    -0.0000000000000000    -0.0000000000000000       -0.0000000000000000     0.0000000000000000        0.3003201655820325    -0.0000000000000000
    1    2
    -0.7176010302092142    -0.1944301481683579        0.0043993564826450     0.1122542983833229        0.0000000000000000    -0.0000000000000000
     0.0043993564826450     0.1122542983833229       -0.7226809695071726     0.1944301481682311        0.0000000000000000    -0.0000000000000000
     0.0000000000000000    -0.0000000000000000        0.0000000000000000     0.0000000000000000       -0.2654201291266598    -0.0000000000007501
    2    1
    -0.7176010302092143     0.1944301481683579        0.0043993564826450    -0.1122542983833229        0.0000000000000000     0.0000000000000000
     0.0043993564826450    -0.1122542983833229       -0.7226809695071726    -0.1944301481682311        0.0000000000000000    -0.0000000000000000
     0.0000000000000000     0.0000000000000000        0.0000000000000000     0.0000000000000000       -0.2654201291266598     0.0000000000007501
    2    2
     1.1430301950934674    -0.0000000000000000       -0.1351672398802752     0.0137414702344327       -0.0000000000000000    -0.0000000000000000
    -0.1351672398802752    -0.0137414702344327        1.2991078797529731    -0.0000000000000000       -0.0000000000000000     0.0000000000000000
    -0.0000000000000000     0.0000000000000000       -0.0000000000000000    -0.0000000000000000        0.3003201655820325     0.0000000000000000

     Dynamical Matrix in cartesian axes

     q = (    -0.067750677507    -0.117347615689     0.000000000000 )

    1    1
     1.1430301949165971    -0.0000000000000000        0.1351672394273105    -0.0137414700700384        0.0000000000000000     0.0000000000000000
     0.1351672394273106     0.0137414700700384        1.2991078798416233     0.0000000000000000       -0.0000000000000000    -0.0000000000000000
     0.0000000000000000    -0.0000000000000000       -0.0000000000000000     0.0000000000000000        0.3003201656031326    -0.0000000000000000
    1    2
    -0.5271819468519092    -0.5242456640210986       -0.0994147534854523     0.0523171918394739        0.0000000000000000    -0.0000000000000000
    -0.0994147534854523     0.0523171918394739       -0.1929590152510909    -0.7230751582679648        0.0000000000000000    -0.0000000000000000
    -0.0000000000000000    -0.0000000000000000        0.0000000000000000     0.0000000000000000       -0.1327100577892948    -0.2298605784794164
    2    1
    -0.5271819468519092     0.5242456640210986       -0.0994147534854523    -0.0523171918394739       -0.0000000000000000     0.0000000000000000
    -0.0994147534854523    -0.0523171918394739       -0.1929590152510909     0.7230751582679648        0.0000000000000000    -0.0000000000000000
     0.0000000000000000     0.0000000000000000        0.0000000000000000     0.0000000000000000       -0.1327100577892948     0.2298605784794164
    2    2
     1.1430301949165971    -0.0000000000000000        0.1351672394273105     0.0137414700700384        0.0000000000000000    -0.0000000000000000
     0.1351672394273106    -0.0137414700700384        1.2991078798416233    -0.0000000000000000       -0.0000000000000000    -0.0000000000000000
     0.0000000000000000     0.0000000000000000       -0.0000000000000000     0.0000000000000000        0.3003201656031326    -0.0000000000000000

     Dynamical Matrix in cartesian axes

     q = (     0.067750677507     0.117347615689     0.000000000000 )

    1    1
     1.1430301949165971     0.0000000000000000        0.1351672394273105     0.0137414700700384        0.0000000000000000    -0.0000000000000000
     0.1351672394273106    -0.0137414700700384        1.2991078798416233    -0.0000000000000000       -0.0000000000000000     0.0000000000000000
     0.0000000000000000     0.0000000000000000       -0.0000000000000000    -0.0000000000000000        0.3003201656031326     0.0000000000000000
    1    2
    -0.5271819468519092     0.5242456640210986       -0.0994147534854523    -0.0523171918394739        0.0000000000000000     0.0000000000000000
    -0.0994147534854523    -0.0523171918394739       -0.1929590152510909     0.7230751582679648        0.0000000000000000     0.0000000000000000
    -0.0000000000000000     0.0000000000000000        0.0000000000000000    -0.0000000000000000       -0.1327100577892948     0.2298605784794164
    2    1
    -0.5271819468519092    -0.5242456640210986       -0.0994147534854523     0.0523171918394739       -0.0000000000000000    -0.0000000000000000
    -0.0994147534854523     0.0523171918394739       -0.1929590152510909    -0.7230751582679648        0.0000000000000000     0.0000000000000000
     0.0000000000000000    -0.0000000000000000        0.0000000000000000    -0.0000000000000000       -0.1327100577892948    -0.2298605784794164
    2    2
     1.1430301949165971     0.0000000000000000        0.1351672394273105    -0.0137414700700384        0.0000000000000000     0.0000000000000000
     0.1351672394273106     0.0137414700700384        1.2991078798416233     0.0000000000000000       -0.0000000000000000     0.0000000000000000
     0.0000000000000000    -0.0000000000000000       -0.0000000000000000    -0.0000000000000000        0.3003201656031326     0.0000000000000000

     Dynamical Matrix in cartesian axes

     q = (     0.135501355014     0.000000000000     0.000000000000 )

    1    1
     1.3771467217138311     0.0000000000000000       -0.0000000003395261    -0.0137414700700383       -0.0000000000000000     0.0000000000000000
    -0.0000000003395261     0.0137414700700383        1.0649913530443895     0.0000000000000000        0.0000000000000000     0.0000000000000000
    -0.0000000000000000    -0.0000000000000000        0.0000000000000000    -0.0000000000000000        0.3003201656031326    -0.0000000000000000
    1    2
    -0.3626104501804443     0.6280597675187266       -0.1944301513900001    -0.1122542924386307        0.0000000000000000    -0.0000000000000000
    -0.1944301513900000    -0.1122542924386306       -0.3575305119227777     0.6192610547702083       -0.0000000000000000     0.0000000000000000
    -0.0000000000000000    -0.0000000000000000        0.0000000000000000    -0.0000000000000000       -0.1327100577905943     0.2298605784786661
    2    1
    -0.3626104501804443    -0.6280597675187266       -0.1944301513900001     0.1122542924386307       -0.0000000000000000     0.0000000000000000
    -0.1944301513900000     0.1122542924386306       -0.3575305119227777    -0.6192610547702083        0.0000000000000000     0.0000000000000000
     0.0000000000000000     0.0000000000000000       -0.0000000000000000    -0.0000000000000000       -0.1327100577905943    -0.2298605784786661
    2    2
     1.3771467217138311     0.0000000000000000       -0.0000000003395261     0.0137414700700383        0.0000000000000000    -0.0000000000000000
    -0.0000000003395261    -0.0137414700700383        1.0649913530443895    -0.0000000000000000       -0.0000000000000000     0.0000000000000000
     0.0000000000000000     0.0000000000000000       -0.0000000000000000    -0.0000000000000000        0.3003201656031326     0.0000000000000000

     Dynamical Matrix in cartesian axes

     q = (    -0.135501355014     0.000000000000     0.000000000000 )

    1    1
     1.3771467217138311    -0.0000000000000000       -0.0000000003395261     0.0137414700700383       -0.0000000000000000    -0.0000000000000000
    -0.0000000003395261    -0.0137414700700383        1.0649913530443895    -0.0000000000000000        0.0000000000000000    -0.0000000000000000
    -0.0000000000000000     0.0000000000000000        0.0000000000000000     0.0000000000000000        0.3003201656031326     0.0000000000000000
    1    2
    -0.3626104501804443    -0.6280597675187266       -0.1944301513900001     0.1122542924386307        0.0000000000000000     0.0000000000000000
    -0.1944301513900000     0.1122542924386306       -0.3575305119227777    -0.6192610547702083       -0.0000000000000000    -0.0000000000000000
    -0.0000000000000000     0.0000000000000000        0.0000000000000000     0.0000000000000000       -0.1327100577905943    -0.2298605784786661
    2    1
    -0.3626104501804443     0.6280597675187266       -0.1944301513900001    -0.1122542924386307       -0.0000000000000000    -0.0000000000000000
    -0.1944301513900000    -0.1122542924386306       -0.3575305119227777     0.6192610547702083        0.0000000000000000    -0.0000000000000000
     0.0000000000000000    -0.0000000000000000       -0.0000000000000000     0.0000000000000000       -0.1327100577905943     0.2298605784786661
    2    2
     1.3771467217138311    -0.0000000000000000       -0.0000000003395261    -0.0137414700700383        0.0000000000000000     0.0000000000000000
    -0.0000000003395261     0.0137414700700383        1.0649913530443895     0.0000000000000000       -0.0000000000000000    -0.0000000000000000
     0.0000000000000000    -0.0000000000000000       -0.0000000000000000     0.0000000000000000        0.3003201656031326    -0.0000000000000000

     Diagonalizing the dynamical matrix

     q = (     0.067750677507    -0.117347615689     0.000000000000 )

***************************************************************************
   freq (    1) =     5.87399498 [THz] =   195.93535399 [cm-1]
(   0.000000  0.000000  -0.000000  0.000000   0.652639 -0.272144 )
(   0.000000 -0.000000   0.000000  0.000000   0.652639 -0.272144 )
   freq (    2) =    17.73429760 [THz] =   591.55240851 [cm-1]
(   0.608786  0.000000   0.343176  0.107747   0.000000 -0.000000 )
(   0.601592  0.093312   0.355636 -0.053874  -0.000000  0.000000 )
   freq (    3) =    23.64989336 [THz] =   788.87541515 [cm-1]
(  -0.000000  0.000000   0.000000  0.000000   0.372842 -0.600824 )
(  -0.000000 -0.000000   0.000000  0.000000  -0.372842  0.600824 )
   freq (    4) =    24.63464251 [THz] =   821.72310637 [cm-1]
(  -0.364565  0.000000   0.556309  0.240027  -0.000000  0.000000 )
(  -0.299495 -0.207870   0.593877  0.120014   0.000000 -0.000000 )
   freq (    5) =    42.39696195 [THz] =  1414.21022288 [cm-1]
(  -0.605882  0.000000  -0.334736 -0.144427  -0.000000 -0.000000 )
(   0.592831  0.125077   0.357341 -0.072213   0.000000  0.000000 )
   freq (    6) =    45.93421111 [THz] =  1532.20013758 [cm-1]
(  -0.359694  0.000000   0.580830  0.182364   0.000000  0.000000 )
(   0.323167  0.157932  -0.601919 -0.091182  -0.000000 -0.000000 )
***************************************************************************
