Dynamical matrix file
File generated with the CellConstructor by Lorenzo Monacelli
1 2 0     1.8897259890000000     0.0000000000000000     0.0000000000000000     0.0000000000000000     0.0000000000000000     0.0000000000000000
Basis vectors
    2.4600000000000000     0.0000000000000000     0.0000000000000000
   -1.2300000000000000     2.1304224933097187     0.0000000000000000
    0.0000000000000000     0.0000000000000000    15.0000000000000000
	1  'C '  10947.3571678344233078
    1     1     0.0000000000000000    -0.0000000000000002     7.4999999999999982
    2     1     1.2299999999999998     0.7101408311032394     7.4999999999999982

     Dynamical Matrix in cartesian axes

     q = (     0.135501355014    -0.078231743793     0.000000000000 )

    1    1
     1.3802702327362202     0.0000000000000000       -0.1989156291537439     0.0000000000000000       -0.0000000000000000     0.0000000000000000
    -0.1989156291537439     0.0000000000000000        1.1505822486603450     0.0000000000000000       -0.0000000000000000     0.0000000000000000
    -0.0000000000000000     0.0000000000000000       -0.0000000000000000     0.0000000000000000        0.2982609960406879     0.0000000000000000
    1    2
    -0.4187052096711913     0.4243485230001570       -0.1860045026624928    -0.1536219039330808       -0.0000000000000000    -0.0000000000000000
    -0.1860045026624928    -0.1536219039330808       -0.6334847090365369     0.2469612278217829       -0.0000000000000000    -0.0000000000000000
     0.0000000000000000     0.0000000000000000        0.0000000000000000     0.0000000000000000       -0.1779548817027137     0.1461387556106349
    2    1
    -0.4187052096711913    -0.4243485230001570       -0.1860045026624928     0.1536219039330808        0.0000000000000000    -0.0000000000000000
    -0.1860045026624928     0.1536219039330808       -0.6334847090365369    -0.2469612278217829        0.0000000000000000    -0.0000000000000000
    -0.0000000000000000     0.0000000000000000       -0.0000000000000000     0.0000000000000000       -0.1779548817027137    -0.1461387556106349
    2    2
     1.3802702327362202     0.0000000000000000       -0.1989156291537439     0.0000000000000000        0.0000000000000000     0.0000000000000000
    -0.1989156291537439     0.0000000000000000        1.1505822486603450     0.0000000000000000        0.0000000000000000     0.0000000000000000
     0.0000000000000000     0.0000000000000000        0.0000000000000000     0.0000000000000000        0.2982609960406879     0.0000000000000000

     Dynamical Matrix in cartesian axes

     q = (    -0.135501355014     0.078231743793     0.000000000000 )

    1    1
     1.3802702327362202     0.0000000000000000       -0.1989156291537439     0.0000000000000000       -0.0000000000000000     0.0000000000000000
    -0.1989156291537439     0.0000000000000000        1.1505822486603450     0.0000000000000000       -0.0000000000000000     0.0000000000000000
    -0.0000000000000000     0.0000000000000000       -0.0000000000000000     0.0000000000000000        0.2982609960406879     0.0000000000000000
    1    2
    -0.4187052096711913    -0.4243485230001570       -0.1860045026624928     0.1536219039330808       -0.0000000000000000     0.0000000000000000
    -0.1860045026624928     0.1536219039330808       -0.6334847090365369    -0.2469612278217829       -0.0000000000000000     0.0000000000000000
     0.0000000000000000    -0.0000000000000000        0.0000000000000000    -0.0000000000000000       -0.1779548817027137    -0.1461387556106349
    2    1
    -0.4187052096711913     0.4243485230001570       -0.1860045026624928    -0.1536219039330808        0.0000000000000000     0.0000000000000000
    -0.1860045026624928    -0.1536219039330808       -0.6334847090365369     0.2469612278217829        0.0000000000000000     0.0000000000000000
    -0.0000000000000000    -0.0000000000000000       -0.0000000000000000    -0.0000000000000000       -0.1779548817027137     0.1461387556106349
    2    2
     1.3802702327362202     0.0000000000000000       -0.1989156291537439     0.0000000000000000        0.0000000000000000     0.0000000000000000
    -0.1989156291537439     0.0000000000000000        1.1505822486603450     0.0000000000000000        0.0000000000000000     0.0000000000000000
     0.0000000000000000     0.0000000000000000        0.0000000000000000     0.0000000000000000        0.2982609960406879     0.0000000000000000

     Dynamical Matrix in cartesian axes

     q = (    -0.135501355014    -0.078231743793     0.000000000000 )

    1    1
     1.3802702327362202     0.0000000000000000        0.1989156291537441     0.0000000000000000       -0.0000000000000000     0.0000000000000000
     0.1989156291537441     0.0000000000000000        1.1505822486603448     0.0000000000000000       -0.0000000000000000     0.0000000000000000
    -0.0000000000000000     0.0000000000000000       -0.0000000000000000     0.0000000000000000        0.2982609960406879     0.0000000000000000
    1    2
    -0.1581439626414913    -0.5747836189891440       -0.2260427276266524     0.0842736593832798        0.0000000000000000     0.0000000000000000
    -0.2260427276266523     0.0842736593832798        0.1028676966457187    -0.6720944588502071        0.0000000000000000    -0.0000000000000000
    -0.0000000000000000     0.0000000000000000       -0.0000000000000000     0.0000000000000000       -0.0375824207442625    -0.2271828282776957
    2    1
    -0.1581439626414913     0.5747836189891440       -0.2260427276266524    -0.0842736593832798        0.0000000000000000     0.0000000000000000
    -0.2260427276266523    -0.0842736593832798        0.1028676966457187     0.6720944588502071       -0.0000000000000000    -0.0000000000000000
     0.0000000000000000     0.0000000000000000        0.0000000000000000     0.0000000000000000       -0.0375824207442625     0.2271828282776957
    2    2
     1.3802702327362202     0.0000000000000000        0.1989156291537441     0.0000000000000000        0.0000000000000000     0.0000000000000000
     0.1989156291537441     0.0000000000000000        1.1505822486603448     0.0000000000000000        0.0000000000000000     0.0000000000000000
     0.0000000000000000     0.0000000000000000        0.0000000000000000     0.0000000000000000        0.2982609960406879     0.0000000000000000

     Dynamical Matrix in cartesian axes

     q = (     0.135501355014     0.078231743793     0.000000000000 )

    1    1
     1.3802702327362202     0.0000000000000000        0.1989156291537441     0.0000000000000000       -0.0000000000000000     0.0000000000000000
     0.1989156291537441     0.0000000000000000        1.1505822486603448     0.0000000000000000       -0.0000000000000000     0.0000000000000000
    -0.0000000000000000     0.0000000000000000       -0.0000000000000000     0.0000000000000000        0.2982609960406879     0.0000000000000000
    1    2
    -0.1581439626414913     0.5747836189891441       -0.2260427276266524    -0.0842736593832798        0.0000000000000000     0.0000000000000000
    -0.2260427276266524    -0.0842736593832798        0.1028676966457187     0.6720944588502071        0.0000000000000000     0.0000000000000000
     0.0000000000000000     0.0000000000000000        0.0000000000000000    -0.0000000000000000       -0.0375824207442625     0.2271828282776957
    2    1
    -0.1581439626414913    -0.5747836189891441       -0.2260427276266524     0.0842736593832798       -0.0000000000000000     0.0000000000000000
    -0.2260427276266524     0.0842736593832798        0.1028676966457187    -0.6720944588502071        0.0000000000000000     0.0000000000000000
     0.0000000000000000     0.0000000000000000       -0.0000000000000000    -0.0000000000000000       -0.0375824207442625    -0.2271828282776957
    2    2
     1.3802702327362202     0.0000000000000000        0.1989156291537441     0.0000000000000000        0.0000000000000000     0.0000000000000000
     0.1989156291537441     0.0000000000000000        1.1505822486603448     0.0000000000000000        0.0000000000000000     0.0000000000000000
     0.0000000000000000     0.0000000000000000        0.0000000000000000     0.0000000000000000        0.2982609960406879     0.0000000000000000

     Dynamical Matrix in cartesian axes

     q = (    -0.000000000000    -0.156463487585     0.000000000000 )

    1    1
     1.0357382566224065     0.0000000000000000       -0.0000000000000001     0.0000000000000000        0.0000000000000000     0.0000000000000000
    -0.0000000000000000     0.0000000000000000        1.4951142247741587     0.0000000000000000       -0.0000000000000000     0.0000000000000000
     0.0000000000000000     0.0000000000000000       -0.0000000000000000     0.0000000000000000        0.2982609960406879     0.0000000000000000
    1    2
    -0.7408744587192092    -0.1582675802325963        0.0000000000000000     0.0000000000000000       -0.0000000000000000     0.0000000000000000
     0.0000000000000000     0.0000000000000000       -0.3113154599885184    -0.5130421705893444        0.0000000000000000     0.0000000000000000
    -0.0000000000000000     0.0000000000000000       -0.0000000000000000    -0.0000000000000000       -0.1779548817027137    -0.1461387556106351
    2    1
    -0.7408744587192092     0.1582675802325963        0.0000000000000000    -0.0000000000000000        0.0000000000000000     0.0000000000000000
     0.0000000000000000    -0.0000000000000000       -0.3113154599885184     0.5130421705893444       -0.0000000000000000     0.0000000000000000
     0.0000000000000000     0.0000000000000000        0.0000000000000000    -0.0000000000000000       -0.1779548817027137     0.1461387556106351
    2    2
     1.0357382566224065     0.0000000000000000       -0.0000000000000001     0.0000000000000000        0.0000000000000000     0.0000000000000000
    -0.0000000000000000     0.0000000000000000        1.4951142247741587     0.0000000000000000        0.0000000000000000     0.0000000000000000
     0.0000000000000000     0.0000000000000000        0.0000000000000000     0.0000000000000000        0.2982609960406879     0.0000000000000000

     Dynamical Matrix in cartesian axes

     q = (     0.000000000000     0.156463487585     0.000000000000 )

    1    1
     1.0357382566224065     0.0000000000000000       -0.0000000000000001     0.0000000000000000        0.0000000000000000     0.0000000000000000
    -0.0000000000000000     0.0000000000000000        1.4951142247741587     0.0000000000000000       -0.0000000000000000     0.0000000000000000
     0.0000000000000000     0.0000000000000000       -0.0000000000000000     0.0000000000000000        0.2982609960406879     0.0000000000000000
    1    2
    -0.7408744587192092     0.1582675802325963       -0.0000000000000000    -0.0000000000000000        0.0000000000000000     0.0000000000000000
     0.0000000000000000    -0.0000000000000000       -0.3113154599885185     0.5130421705893444        0.0000000000000000    -0.0000000000000000
     0.0000000000000000     0.0000000000000000       -0.0000000000000000     0.0000000000000000       -0.1779548817027137     0.1461387556106351
    2    1
    -0.7408744587192092    -0.1582675802325963       -0.0000000000000000     0.0000000000000000        0.0000000000000000     0.0000000000000000
     0.0000000000000000     0.0000000000000000       -0.3113154599885185    -0.5130421705893444       -0.0000000000000000    -0.0000000000000000
     0.0000000000000000     0.0000000000000000        0.0000000000000000     0.0000000000000000       -0.1779548817027137    -0.1461387556106351
    2    2
     1.0357382566224065     0.0000000000000000       -0.0000000000000001     0.0000000000000000        0.0000000000000000     0.0000000000000000
    -0.0000000000000000     0.0000000000000000        1.4951142247741587     0.0000000000000000        0.0000000000000000     0.0000000000000000
     0.0000000000000000     0.0000000000000000        0.0000000000000000     0.0000000000000000        0.2982609960406879     0.0000000000000000

     Diagonalizing the dynamical matrix

     q = (     0.135501355014    -0.078231743793     0.000000000000 )

***************************************************************************
   freq (    1) =     8.19869868 [THz] =   273.47911141 [cm-1]
(  -0.000000  0.000000  -0.000000  0.000000   0.627609 -0.325741 )
(  -0.000000 -0.000000  -0.000000 -0.000000   0.691749  0.146570 )
   freq (    2) =    16.58281652 [THz] =   553.14313970 [cm-1]
(  -0.353553  0.000000  -0.612372  0.000000  -0.000000  0.000000 )
(  -0.345752 -0.073861  -0.598860 -0.127930  -0.000000 -0.000000 )
   freq (    3) =    22.85893762 [THz] =   762.49197551 [cm-1]
(   0.000000  0.000000   0.000000 -0.000000   0.619429 -0.341039 )
(   0.000000  0.000000   0.000000 -0.000000  -0.695137 -0.129557 )
   freq (    4) =    29.74634866 [THz] =   992.23124568 [cm-1]
(   0.612372  0.000000  -0.353553 -0.000000  -0.000000  0.000000 )
(   0.317678  0.523527  -0.183411 -0.302259   0.000000  0.000000 )
   freq (    5) =    42.10664171 [THz] =  1404.52618348 [cm-1]
(   0.353553  0.000000   0.612372  0.000000  -0.000000 -0.000000 )
(  -0.345752 -0.073861  -0.598860 -0.127930   0.000000  0.000000 )
   freq (    6) =    45.51302214 [THz] =  1518.15078782 [cm-1]
(  -0.612372  0.000000   0.353553  0.000000  -0.000000  0.000000 )
(   0.317678  0.523527  -0.183411 -0.302259   0.000000  0.000000 )
***************************************************************************
