Dynamical matrix file
File generated with the CellConstructor by Lorenzo Monacelli
1 2 0     1.8897259890000000     0.0000000000000000     0.0000000000000000     0.0000000000000000     0.0000000000000000     0.0000000000000000
Basis vectors
    2.4600000000000000     0.0000000000000000     0.0000000000000000
   -1.2300000000000000     2.1304224933097187     0.0000000000000000
    0.0000000000000000     0.0000000000000000    15.0000000000000000
	1  'C '  10947.3571678344233078
    1     1     0.0000000000000000    -0.0000000000000002     7.4999999999999982
    2     1     1.2299999999999998     0.7101408311032394     7.4999999999999982

     Dynamical Matrix in cartesian axes

     q = (    -0.271002710027     0.000000000000     0.000000000000 )

    1    1
     1.2468450249607070     0.0000000000000000        0.0000000000000001     0.0503429439564414        0.0000000000000000     0.0000000000000000
     0.0000000000000001    -0.0503429439564414        1.2468450249607073     0.0000000000000000        0.0000000000000000     0.0000000000000000
     0.0000000000000000     0.0000000000000000        0.0000000000000000     0.0000000000000000        0.2569587976715189     0.0000000000000000
    1    2
    -0.0727891628406336     0.1260745113112344       -0.1260745113112345    -0.0727891628406337        0.0000000000000000     0.0000000000000000
    -0.1260745113112345    -0.0727891628406337        0.0727891628406337    -0.1260745113112345        0.0000000000000000     0.0000000000000000
     0.0000000000000000     0.0000000000000000        0.0000000000000000     0.0000000000000000       -0.0000000000000000     0.0000000000000000
    2    1
    -0.0727891628406336    -0.1260745113112344       -0.1260745113112345     0.0727891628406337        0.0000000000000000     0.0000000000000000
    -0.1260745113112345     0.0727891628406337        0.0727891628406337     0.1260745113112345        0.0000000000000000     0.0000000000000000
     0.0000000000000000     0.0000000000000000        0.0000000000000000     0.0000000000000000       -0.0000000000000000    -0.0000000000000000
    2    2
     1.2468450249607070     0.0000000000000000        0.0000000000000001    -0.0503429439564414        0.0000000000000000     0.0000000000000000
     0.0000000000000001     0.0503429439564414        1.2468450249607073     0.0000000000000000        0.0000000000000000     0.0000000000000000
     0.0000000000000000     0.0000000000000000        0.0000000000000000     0.0000000000000000        0.2569587976715189     0.0000000000000000

     Dynamical Matrix in cartesian axes

     q = (     0.271002710027     0.000000000000     0.000000000000 )

    1    1
     1.2468450249607070     0.0000000000000000        0.0000000000000001    -0.0503429439564414        0.0000000000000000     0.0000000000000000
     0.0000000000000001     0.0503429439564414        1.2468450249607073     0.0000000000000000        0.0000000000000000     0.0000000000000000
     0.0000000000000000     0.0000000000000000        0.0000000000000000     0.0000000000000000        0.2569587976715189     0.0000000000000000
    1    2
    -0.0727891628406336    -0.1260745113112345       -0.1260745113112345     0.0727891628406337        0.0000000000000000     0.0000000000000000
    -0.1260745113112345     0.0727891628406337        0.0727891628406337     0.1260745113112345        0.0000000000000000     0.0000000000000000
     0.0000000000000000     0.0000000000000000        0.0000000000000000     0.0000000000000000       -0.0000000000000000    -0.0000000000000000
    2    1
    -0.0727891628406336     0.1260745113112345       -0.1260745113112345    -0.0727891628406337        0.0000000000000000     0.0000000000000000
    -0.1260745113112345    -0.0727891628406337        0.0727891628406337    -0.1260745113112345        0.0000000000000000     0.0000000000000000
     0.0000000000000000     0.0000000000000000        0.0000000000000000     0.0000000000000000       -0.0000000000000000     0.0000000000000000
    2    2
     1.2468450249607070     0.0000000000000000        0.0000000000000001     0.0503429439564414        0.0000000000000000     0.0000000000000000
     0.0000000000000001    -0.0503429439564414        1.2468450249607073     0.0000000000000000        0.0000000000000000     0.0000000000000000
     0.0000000000000000     0.0000000000000000        0.0000000000000000     0.0000000000000000        0.2569587976715189     0.0000000000000000

     Diagonalizing the dynamical matrix

     q = (    -0.271002710027     0.000000000000     0.000000000000 )

***************************************************************************
   freq (    1) =    15.93868092 [THz] =   531.65709178 [cm-1]
(  -0.000000  0.000000   0.000000  0.000000  -0.999835 -0.018141 )
(   0.000000 -0.000000   0.000000  0.000000  -0.000000 -0.000000 )
   freq (    2) =    15.93868092 [THz] =   531.65709178 [cm-1]
(   0.000000  0.000000  -0.000000  0.000000   0.000000  0.000000 )
(   0.000000 -0.000000   0.000000  0.000000  -0.484207 -0.874953 )
   freq (    3) =    29.91767186 [THz] =   997.94597155 [cm-1]
(  -0.500000  0.000000   0.000000 -0.500000  -0.000000 -0.000000 )
(  -0.250000 -0.433013  -0.433013  0.250000  -0.000000 -0.000000 )
   freq (    4) =    35.81146491 [THz] =  1194.54171799 [cm-1]
(  -0.668802  0.000000  -0.000000  0.668802   0.000000 -0.000000 )
(   0.186416 -0.133987   0.133987  0.186416   0.000000  0.000000 )
   freq (    5) =    35.81146491 [THz] =  1194.54171799 [cm-1]
(  -0.229572  0.000000   0.000000  0.229572  -0.000000  0.000000 )
(  -0.543078  0.390337  -0.390337 -0.543078  -0.000000 -0.000000 )
   freq (    6) =    38.35061071 [THz] =  1279.23849328 [cm-1]
(  -0.500000  0.000000  -0.000000 -0.500000  -0.000000 -0.000000 )
(   0.250000  0.433013   0.433013 -0.250000   0.000000  0.000000 )
***************************************************************************
