Dynamical matrix file
File generated with the CellConstructor by Lorenzo Monacelli
1 2 0     1.8897259890000000     0.0000000000000000     0.0000000000000000     0.0000000000000000     0.0000000000000000     0.0000000000000000
Basis vectors
    2.4600000000000000     0.0000000000000000     0.0000000000000000
   -1.2300000000000000     2.1304224933097187     0.0000000000000000
    0.0000000000000000     0.0000000000000000    15.0000000000000000
	1  'C '  10947.3571678344233078
    1     1     0.0000000000000000    -0.0000000000000002     7.4999999999999982
    2     1     1.2299999999999998     0.7101408311032394     7.4999999999999982

     Dynamical Matrix in cartesian axes

     q = (    -0.203252032520     0.117347615689     0.000000000000 )

    1    1
     1.4414475934185875     0.0000000000000000       -0.2378314467907963     0.0000000000000000        0.0000000000000000     0.0000000000000000
    -0.2378314467907962     0.0000000000000000        1.1668234937657394     0.0000000000000000        0.0000000000000000     0.0000000000000000
    -0.0000000000000000     0.0000000000000000        0.0000000000000000     0.0000000000000000        0.2775551186802463     0.0000000000000000
    1    2
    -0.1649580442203362     0.0000000000000000       -0.2979533578980528     0.0000000000000000        0.0000000000000000     0.0000000000000000
    -0.2979533578980527     0.0000000000000000       -0.5090049469971236     0.0000000000000000       -0.0000000000000000     0.0000000000000000
     0.0000000000000000     0.0000000000000000        0.0000000000000000     0.0000000000000000       -0.0803127852503201     0.0000000000000000
    2    1
    -0.1649580442203362     0.0000000000000000       -0.2979533578980528     0.0000000000000000        0.0000000000000000     0.0000000000000000
    -0.2979533578980527     0.0000000000000000       -0.5090049469971236     0.0000000000000000        0.0000000000000000     0.0000000000000000
    -0.0000000000000000     0.0000000000000000       -0.0000000000000000     0.0000000000000000       -0.0803127852503201     0.0000000000000000
    2    2
     1.4414475934185875     0.0000000000000000       -0.2378314467907963     0.0000000000000000       -0.0000000000000000     0.0000000000000000
    -0.2378314467907962     0.0000000000000000        1.1668234937657394     0.0000000000000000       -0.0000000000000000     0.0000000000000000
     0.0000000000000000     0.0000000000000000       -0.0000000000000000     0.0000000000000000        0.2775551186802463     0.0000000000000000

     Dynamical Matrix in cartesian axes

     q = (     0.203252032520     0.117347615689     0.000000000000 )

    1    1
     1.4414475934185875     0.0000000000000000        0.2378314467907964     0.0000000000000000        0.0000000000000000     0.0000000000000000
     0.2378314467907964     0.0000000000000000        1.1668234937657389     0.0000000000000000        0.0000000000000000     0.0000000000000000
    -0.0000000000000000     0.0000000000000000       -0.0000000000000000     0.0000000000000000        0.2775551186802463     0.0000000000000000
    1    2
     0.1649580442203360     0.0000000000000000       -0.2979533578980524     0.0000000000000000        0.0000000000000000     0.0000000000000000
    -0.2979533578980524     0.0000000000000000        0.5090049469971230     0.0000000000000000        0.0000000000000000     0.0000000000000000
     0.0000000000000000     0.0000000000000000       -0.0000000000000000     0.0000000000000000        0.0803127852503200     0.0000000000000000
    2    1
     0.1649580442203360     0.0000000000000000       -0.2979533578980524     0.0000000000000000       -0.0000000000000000     0.0000000000000000
    -0.2979533578980524     0.0000000000000000        0.5090049469971230     0.0000000000000000        0.0000000000000000     0.0000000000000000
     0.0000000000000000     0.0000000000000000        0.0000000000000000     0.0000000000000000        0.0803127852503200     0.0000000000000000
    2    2
     1.4414475934185875     0.0000000000000000        0.2378314467907964     0.0000000000000000       -0.0000000000000000     0.0000000000000000
     0.2378314467907964     0.0000000000000000        1.1668234937657389     0.0000000000000000       -0.0000000000000000     0.0000000000000000
     0.0000000000000000     0.0000000000000000        0.0000000000000000     0.0000000000000000        0.2775551186802463     0.0000000000000000

     Dynamical Matrix in cartesian axes

     q = (     0.000000000000     0.234695231378     0.000000000000 )

    1    1
     1.0295114439393143     0.0000000000000000        0.0000000000000000     0.0000000000000000       -0.0000000000000000     0.0000000000000000
     0.0000000000000000     0.0000000000000000        1.5787596432450126     0.0000000000000000        0.0000000000000000     0.0000000000000000
    -0.0000000000000000     0.0000000000000000       -0.0000000000000000     0.0000000000000000        0.2775551186802463     0.0000000000000000
    1    2
    -0.6810283983855172     0.0000000000000000       -0.0000000000000000     0.0000000000000000       -0.0000000000000000     0.0000000000000000
    -0.0000000000000000     0.0000000000000000        0.0070654071680574     0.0000000000000000       -0.0000000000000000     0.0000000000000000
     0.0000000000000000     0.0000000000000000        0.0000000000000000     0.0000000000000000       -0.0803127852503201     0.0000000000000000
    2    1
    -0.6810283983855172     0.0000000000000000       -0.0000000000000000     0.0000000000000000        0.0000000000000000     0.0000000000000000
    -0.0000000000000000     0.0000000000000000        0.0070654071680574     0.0000000000000000        0.0000000000000000     0.0000000000000000
     0.0000000000000000     0.0000000000000000        0.0000000000000000     0.0000000000000000       -0.0803127852503201     0.0000000000000000
    2    2
     1.0295114439393143     0.0000000000000000        0.0000000000000000     0.0000000000000000        0.0000000000000000     0.0000000000000000
     0.0000000000000000     0.0000000000000000        1.5787596432450126     0.0000000000000000       -0.0000000000000000     0.0000000000000000
     0.0000000000000000     0.0000000000000000        0.0000000000000000     0.0000000000000000        0.2775551186802463     0.0000000000000000

     Diagonalizing the dynamical matrix

     q = (    -0.203252032520     0.117347615689     0.000000000000 )

***************************************************************************
   freq (    1) =    13.96434907 [THz] =   465.80047966 [cm-1]
(   0.000000  0.000000   0.000000  0.000000   0.707107  0.000000 )
(   0.000000  0.000000   0.000000  0.000000   0.707107  0.000000 )
   freq (    2) =    18.56143109 [THz] =   619.14260820 [cm-1]
(   0.353553  0.000000   0.612372  0.000000   0.000000  0.000000 )
(   0.353553  0.000000   0.612372  0.000000  -0.000000  0.000000 )
   freq (    3) =    18.80970591 [THz] =   627.42416354 [cm-1]
(   0.000000  0.000000   0.000000  0.000000  -0.707107  0.000000 )
(   0.000000  0.000000   0.000000  0.000000   0.707107  0.000000 )
   freq (    4) =    39.41891451 [THz] =  1314.87326722 [cm-1]
(  -0.612372  0.000000   0.353553  0.000000  -0.000000  0.000000 )
(   0.612372  0.000000  -0.353553  0.000000   0.000000  0.000000 )
   freq (    5) =    39.59572210 [THz] =  1320.77093275 [cm-1]
(   0.612372  0.000000  -0.353553  0.000000  -0.000000  0.000000 )
(   0.612372  0.000000  -0.353553  0.000000  -0.000000  0.000000 )
   freq (    6) =    41.12323086 [THz] =  1371.72313300 [cm-1]
(  -0.353553  0.000000  -0.612372  0.000000   0.000000  0.000000 )
(   0.353553  0.000000   0.612372  0.000000  -0.000000  0.000000 )
***************************************************************************
