Dynamical matrix file
File generated with the CellConstructor by Lorenzo Monacelli
1 2 0     1.8897259890000000     0.0000000000000000     0.0000000000000000     0.0000000000000000     0.0000000000000000     0.0000000000000000
Basis vectors
    2.4600000000000000     0.0000000000000000     0.0000000000000000
   -1.2300000000000000     2.1304224933097187     0.0000000000000000
    0.0000000000000000     0.0000000000000000    15.0000000000000000
	1  'C '  10947.3571678344233078
    1     1     0.0000000000000000    -0.0000000000000002     7.4999999999999982
    2     1     1.2299999999999998     0.7101408311032394     7.4999999999999982

     Dynamical Matrix in cartesian axes

     q = (     0.067750677507    -0.039115871896     0.000000000000 )

    1    1
     1.2078999954357936     0.0000000000000000       -0.0818457285199995     0.0000000000000000       -0.0000000000000000    -0.0000000000000000
    -0.0818457285199995     0.0000000000000000        1.1133926886497083     0.0000000000000000       -0.0000000000000000    -0.0000000000000000
    -0.0000000000000000     0.0000000000000000       -0.0000000000000000     0.0000000000000000        0.3304945482684253     0.0000000000000000
    1    2
    -0.8997368382322710     0.3947726660115611       -0.0265950310622254    -0.1141187330102762       -0.0000000000000000    -0.0000000000000000
    -0.0265950310622255    -0.1141187330102762       -0.9304461349180360     0.2629997035654373       -0.0000000000000000    -0.0000000000000000
    -0.0000000000000000     0.0000000000000000        0.0000000000000000     0.0000000000000000       -0.3054701006270321     0.1126070656659096
    2    1
    -0.8997368382322710    -0.3947726660115611       -0.0265950310622254     0.1141187330102762        0.0000000000000000    -0.0000000000000000
    -0.0265950310622255     0.1141187330102762       -0.9304461349180360    -0.2629997035654373        0.0000000000000000    -0.0000000000000000
     0.0000000000000000     0.0000000000000000       -0.0000000000000000     0.0000000000000000       -0.3054701006270321    -0.1126070656659096
    2    2
     1.2078999954357936     0.0000000000000000       -0.0818457285199995     0.0000000000000000        0.0000000000000000    -0.0000000000000000
    -0.0818457285199995     0.0000000000000000        1.1133926886497083     0.0000000000000000        0.0000000000000000    -0.0000000000000000
     0.0000000000000000     0.0000000000000000        0.0000000000000000     0.0000000000000000        0.3304945482684253     0.0000000000000000

     Dynamical Matrix in cartesian axes

     q = (    -0.067750677507     0.039115871896     0.000000000000 )

    1    1
     1.2078999954357936     0.0000000000000000       -0.0818457285199995     0.0000000000000000       -0.0000000000000000     0.0000000000000000
    -0.0818457285199995     0.0000000000000000        1.1133926886497083     0.0000000000000000       -0.0000000000000000     0.0000000000000000
    -0.0000000000000000    -0.0000000000000000       -0.0000000000000000    -0.0000000000000000        0.3304945482684253     0.0000000000000000
    1    2
    -0.8997368382322710    -0.3947726660115612       -0.0265950310622254     0.1141187330102762       -0.0000000000000000     0.0000000000000000
    -0.0265950310622255     0.1141187330102762       -0.9304461349180360    -0.2629997035654372       -0.0000000000000000     0.0000000000000000
    -0.0000000000000000    -0.0000000000000000        0.0000000000000000    -0.0000000000000000       -0.3054701006270321    -0.1126070656659096
    2    1
    -0.8997368382322710     0.3947726660115612       -0.0265950310622254    -0.1141187330102762        0.0000000000000000     0.0000000000000000
    -0.0265950310622255    -0.1141187330102762       -0.9304461349180360     0.2629997035654372        0.0000000000000000     0.0000000000000000
     0.0000000000000000    -0.0000000000000000       -0.0000000000000000    -0.0000000000000000       -0.3054701006270321     0.1126070656659096
    2    2
     1.2078999954357936     0.0000000000000000       -0.0818457285199995     0.0000000000000000        0.0000000000000000     0.0000000000000000
    -0.0818457285199995     0.0000000000000000        1.1133926886497083     0.0000000000000000        0.0000000000000000     0.0000000000000000
     0.0000000000000000    -0.0000000000000000        0.0000000000000000    -0.0000000000000000        0.3304945482684253     0.0000000000000000

     Dynamical Matrix in cartesian axes

     q = (    -0.067750677507    -0.039115871896     0.000000000000 )

    1    1
     1.2078999954357936     0.0000000000000000        0.0818457285199996     0.0000000000000000       -0.0000000000000000    -0.0000000000000000
     0.0818457285199996     0.0000000000000000        1.1133926886497083     0.0000000000000000       -0.0000000000000000    -0.0000000000000000
    -0.0000000000000000     0.0000000000000000       -0.0000000000000000     0.0000000000000000        0.3304945482684253     0.0000000000000000
    1    2
    -0.7917515596474143    -0.5818086486964300       -0.0855322086374160     0.0800913365269738        0.0000000000000000     0.0000000000000000
    -0.0855322086374160     0.0800913365269738       -0.6929874722850238    -0.6742901581036409        0.0000000000000000     0.0000000000000000
     0.0000000000000000     0.0000000000000000        0.0000000000000000     0.0000000000000000       -0.2502556237574707    -0.2082413416993245
    2    1
    -0.7917515596474143     0.5818086486964300       -0.0855322086374160    -0.0800913365269738       -0.0000000000000000     0.0000000000000000
    -0.0855322086374160    -0.0800913365269738       -0.6929874722850238     0.6742901581036409       -0.0000000000000000     0.0000000000000000
    -0.0000000000000000     0.0000000000000000       -0.0000000000000000     0.0000000000000000       -0.2502556237574707     0.2082413416993245
    2    2
     1.2078999954357936     0.0000000000000000        0.0818457285199996     0.0000000000000000        0.0000000000000000    -0.0000000000000000
     0.0818457285199996     0.0000000000000000        1.1133926886497083     0.0000000000000000        0.0000000000000000    -0.0000000000000000
     0.0000000000000000     0.0000000000000000        0.0000000000000000     0.0000000000000000        0.3304945482684253     0.0000000000000000

     Dynamical Matrix in cartesian axes

     q = (     0.067750677507     0.039115871896     0.000000000000 )

    1    1
     1.2078999954357936     0.0000000000000000        0.0818457285199996     0.0000000000000000       -0.0000000000000000     0.0000000000000000
     0.0818457285199996     0.0000000000000000        1.1133926886497083     0.0000000000000000       -0.0000000000000000     0.0000000000000000
    -0.0000000000000000    -0.0000000000000000       -0.0000000000000000    -0.0000000000000000        0.3304945482684253     0.0000000000000000
    1    2
    -0.7917515596474143     0.5818086486964300       -0.0855322086374160    -0.0800913365269738        0.0000000000000000    -0.0000000000000000
    -0.0855322086374160    -0.0800913365269738       -0.6929874722850238     0.6742901581036409        0.0000000000000000    -0.0000000000000000
     0.0000000000000000    -0.0000000000000000        0.0000000000000000    -0.0000000000000000       -0.2502556237574707     0.2082413416993245
    2    1
    -0.7917515596474143    -0.5818086486964300       -0.0855322086374160     0.0800913365269738       -0.0000000000000000    -0.0000000000000000
    -0.0855322086374160     0.0800913365269738       -0.6929874722850238    -0.6742901581036409       -0.0000000000000000    -0.0000000000000000
    -0.0000000000000000    -0.0000000000000000       -0.0000000000000000    -0.0000000000000000       -0.2502556237574707    -0.2082413416993245
    2    2
     1.2078999954357936     0.0000000000000000        0.0818457285199996     0.0000000000000000        0.0000000000000000     0.0000000000000000
     0.0818457285199996     0.0000000000000000        1.1133926886497083     0.0000000000000000        0.0000000000000000     0.0000000000000000
     0.0000000000000000    -0.0000000000000000        0.0000000000000000    -0.0000000000000000        0.3304945482684253     0.0000000000000000

     Dynamical Matrix in cartesian axes

     q = (    -0.000000000000    -0.078231743793     0.000000000000 )

    1    1
     1.0661390352566651     0.0000000000000000       -0.0000000000000000     0.0000000000000000        0.0000000000000000     0.0000000000000000
    -0.0000000000000000     0.0000000000000000        1.2551536488288368     0.0000000000000000       -0.0000000000000000     0.0000000000000000
     0.0000000000000000     0.0000000000000000       -0.0000000000000000    -0.0000000000000000        0.3304945482684253     0.0000000000000000
    1    2
    -0.9458007832609178    -0.1971132223423757        0.0000000000000000     0.0000000000000000        0.0000000000000000     0.0000000000000000
     0.0000000000000000     0.0000000000000000       -0.8843821898893887    -0.4606591472346238       -0.0000000000000000     0.0000000000000000
    -0.0000000000000000     0.0000000000000000        0.0000000000000000     0.0000000000000000       -0.3054701006270319    -0.1126070656659098
    2    1
    -0.9458007832609178     0.1971132223423757        0.0000000000000000     0.0000000000000000       -0.0000000000000000     0.0000000000000000
     0.0000000000000000     0.0000000000000000       -0.8843821898893887     0.4606591472346238        0.0000000000000000     0.0000000000000000
     0.0000000000000000     0.0000000000000000       -0.0000000000000000     0.0000000000000000       -0.3054701006270319     0.1126070656659098
    2    2
     1.0661390352566651     0.0000000000000000       -0.0000000000000000     0.0000000000000000        0.0000000000000000     0.0000000000000000
    -0.0000000000000000     0.0000000000000000        1.2551536488288368     0.0000000000000000        0.0000000000000000     0.0000000000000000
     0.0000000000000000     0.0000000000000000        0.0000000000000000    -0.0000000000000000        0.3304945482684253     0.0000000000000000

     Dynamical Matrix in cartesian axes

     q = (     0.000000000000     0.078231743793     0.000000000000 )

    1    1
     1.0661390352566651     0.0000000000000000       -0.0000000000000000     0.0000000000000000        0.0000000000000000     0.0000000000000000
    -0.0000000000000000     0.0000000000000000        1.2551536488288368     0.0000000000000000       -0.0000000000000000    -0.0000000000000000
     0.0000000000000000     0.0000000000000000       -0.0000000000000000     0.0000000000000000        0.3304945482684253     0.0000000000000000
    1    2
    -0.9458007832609178     0.1971132223423757        0.0000000000000000     0.0000000000000000       -0.0000000000000000     0.0000000000000000
     0.0000000000000000     0.0000000000000000       -0.8843821898893887     0.4606591472346238       -0.0000000000000000     0.0000000000000000
    -0.0000000000000000     0.0000000000000000        0.0000000000000000    -0.0000000000000000       -0.3054701006270319     0.1126070656659098
    2    1
    -0.9458007832609178    -0.1971132223423757        0.0000000000000000     0.0000000000000000        0.0000000000000000     0.0000000000000000
     0.0000000000000000     0.0000000000000000       -0.8843821898893887    -0.4606591472346238        0.0000000000000000     0.0000000000000000
     0.0000000000000000     0.0000000000000000       -0.0000000000000000    -0.0000000000000000       -0.3054701006270319    -0.1126070656659098
    2    2
     1.0661390352566651     0.0000000000000000       -0.0000000000000000     0.0000000000000000        0.0000000000000000     0.0000000000000000
    -0.0000000000000000     0.0000000000000000        1.2551536488288368     0.0000000000000000        0.0000000000000000    -0.0000000000000000
     0.0000000000000000     0.0000000000000000        0.0000000000000000     0.0000000000000000        0.3304945482684253     0.0000000000000000

     Diagonalizing the dynamical matrix

     q = (     0.067750677507    -0.039115871896     0.000000000000 )

***************************************************************************
   freq (    1) =     2.20770037 [THz] =    73.64094723 [cm-1]
(   0.000000  0.000000   0.000000  0.000000  -0.706393 -0.031755 )
(  -0.000000  0.000000  -0.000000 -0.000000  -0.651810 -0.274124 )
   freq (    2) =     9.94389357 [THz] =   331.69253853 [cm-1]
(   0.353553  0.000000   0.612372 -0.000000   0.000000 -0.000000 )
(   0.346117  0.072134   0.599492  0.124939  -0.000000 -0.000000 )
   freq (    3) =    15.97057846 [THz] =   532.72107905 [cm-1]
(  -0.612372  0.000000   0.353553 -0.000000   0.000000 -0.000000 )
(  -0.543111 -0.282897   0.313565  0.163331  -0.000000 -0.000000 )
   freq (    4) =    25.46784166 [THz] =   849.51563458 [cm-1]
(   0.000000  0.000000  -0.000000  0.000000   0.381743 -0.595208 )
(   0.000000 -0.000000   0.000000  0.000000  -0.564053  0.426432 )
   freq (    5) =    44.82398174 [THz] =  1495.16687732 [cm-1]
(   0.353553  0.000000   0.612372  0.000000   0.000000 -0.000000 )
(  -0.346117 -0.072134  -0.599492 -0.124939   0.000000  0.000000 )
   freq (    6) =    47.18843556 [THz] =  1574.03655594 [cm-1]
(  -0.612372  0.000000   0.353553  0.000000   0.000000  0.000000 )
(   0.543111  0.282897  -0.313565 -0.163331   0.000000  0.000000 )
***************************************************************************
