Dynamical matrix file
File generated with the CellConstructor by Lorenzo Monacelli
1 2 0     1.8897259890000000     0.0000000000000000     0.0000000000000000     0.0000000000000000     0.0000000000000000     0.0000000000000000
Basis vectors
    2.4600000000000000     0.0000000000000000     0.0000000000000000
   -1.2300000000000000     2.1304224933097187     0.0000000000000000
    0.0000000000000000     0.0000000000000000    15.0000000000000000
	1  'C '  10947.3571678344233078
    1     1     0.0000000000000000    -0.0000000000000002     7.4999999999999982
    2     1     1.2299999999999998     0.7101408311032394     7.4999999999999982

     Dynamical Matrix in cartesian axes

     q = (     0.067750677507     0.195579359482     0.000000000000 )

    1    1
     1.1094287188625120     0.0000000000000000        0.0596840868102031     0.0214506281956393        0.0000000000000000     0.0000000000000000
     0.0596840868102031    -0.0214506281956393        1.4518538075263081    -0.0000000000000000        0.0000000000000000     0.0000000000000000
     0.0000000000000000     0.0000000000000000        0.0000000000000000     0.0000000000000000        0.2735124043101491     0.0000000000000000
    1    2
    -0.4324110840105422     0.3428322371049892       -0.0616308848328442    -0.0496104276348969        0.0000000000000000     0.0000000000000000
    -0.0616308848328442    -0.0496104276348969        0.1044869386581331     0.2621087857125734        0.0000000000000000     0.0000000000000000
     0.0000000000000000     0.0000000000000000        0.0000000000000000     0.0000000000000000       -0.0418261386909618     0.1205668959894174
    2    1
    -0.4324110840105422    -0.3428322371049892       -0.0616308848328442     0.0496104276348969        0.0000000000000000     0.0000000000000000
    -0.0616308848328442     0.0496104276348969        0.1044869386581331    -0.2621087857125734        0.0000000000000000     0.0000000000000000
     0.0000000000000000     0.0000000000000000        0.0000000000000000     0.0000000000000000       -0.0418261386909618    -0.1205668959894174
    2    2
     1.1094287188625120    -0.0000000000000000        0.0596840868102031    -0.0214506281956393        0.0000000000000000     0.0000000000000000
     0.0596840868102031     0.0214506281956393        1.4518538075263081     0.0000000000000000        0.0000000000000000     0.0000000000000000
     0.0000000000000000     0.0000000000000000        0.0000000000000000     0.0000000000000000        0.2735124043101491     0.0000000000000000

     Dynamical Matrix in cartesian axes

     q = (    -0.067750677507    -0.195579359482     0.000000000000 )

    1    1
     1.1094287188625120    -0.0000000000000000        0.0596840868102031    -0.0214506281956393        0.0000000000000000     0.0000000000000000
     0.0596840868102031     0.0214506281956393        1.4518538075263081     0.0000000000000000        0.0000000000000000     0.0000000000000000
     0.0000000000000000     0.0000000000000000        0.0000000000000000     0.0000000000000000        0.2735124043101491     0.0000000000000000
    1    2
    -0.4324110840105422    -0.3428322371049892       -0.0616308848328442     0.0496104276348969        0.0000000000000000     0.0000000000000000
    -0.0616308848328442     0.0496104276348970        0.1044869386581331    -0.2621087857125734        0.0000000000000000     0.0000000000000000
     0.0000000000000000     0.0000000000000000        0.0000000000000000     0.0000000000000000       -0.0418261386909618    -0.1205668959894174
    2    1
    -0.4324110840105422     0.3428322371049892       -0.0616308848328442    -0.0496104276348969        0.0000000000000000     0.0000000000000000
    -0.0616308848328442    -0.0496104276348970        0.1044869386581331     0.2621087857125734        0.0000000000000000     0.0000000000000000
     0.0000000000000000     0.0000000000000000        0.0000000000000000     0.0000000000000000       -0.0418261386909618     0.1205668959894174
    2    2
     1.1094287188625120     0.0000000000000000        0.0596840868102031     0.0214506281956393        0.0000000000000000     0.0000000000000000
     0.0596840868102031    -0.0214506281956393        1.4518538075263081    -0.0000000000000000        0.0000000000000000     0.0000000000000000
     0.0000000000000000     0.0000000000000000        0.0000000000000000     0.0000000000000000        0.2735124043101491     0.0000000000000000

     Dynamical Matrix in cartesian axes

     q = (    -0.067750677507     0.195579359482     0.000000000000 )

    1    1
     1.1094287188625120     0.0000000000000000       -0.0596840868102031    -0.0214506281956393        0.0000000000000000     0.0000000000000000
    -0.0596840868102031     0.0214506281956393        1.4518538075263079    -0.0000000000000000        0.0000000000000000     0.0000000000000000
     0.0000000000000000     0.0000000000000000        0.0000000000000000     0.0000000000000000        0.2735124043101491     0.0000000000000000
    1    2
    -0.5131069626570015    -0.2030628800310145       -0.0121484504862203     0.0781791253863876        0.0000000000000000     0.0000000000000000
    -0.0121484504862204     0.0781791253863876       -0.1747494041090744     0.2215427310055368        0.0000000000000000     0.0000000000000000
     0.0000000000000000     0.0000000000000000        0.0000000000000000     0.0000000000000000       -0.1253270648289108     0.0240609456939778
    2    1
    -0.5131069626570015     0.2030628800310145       -0.0121484504862203    -0.0781791253863876        0.0000000000000000     0.0000000000000000
    -0.0121484504862204    -0.0781791253863876       -0.1747494041090744    -0.2215427310055368        0.0000000000000000     0.0000000000000000
     0.0000000000000000     0.0000000000000000        0.0000000000000000     0.0000000000000000       -0.1253270648289108    -0.0240609456939778
    2    2
     1.1094287188625120    -0.0000000000000000       -0.0596840868102031     0.0214506281956393        0.0000000000000000     0.0000000000000000
    -0.0596840868102031    -0.0214506281956393        1.4518538075263079     0.0000000000000000        0.0000000000000000     0.0000000000000000
     0.0000000000000000     0.0000000000000000        0.0000000000000000     0.0000000000000000        0.2735124043101491     0.0000000000000000

     Dynamical Matrix in cartesian axes

     q = (     0.067750677507    -0.195579359482     0.000000000000 )

    1    1
     1.1094287188625120    -0.0000000000000000       -0.0596840868102031     0.0214506281956393        0.0000000000000000     0.0000000000000000
    -0.0596840868102031    -0.0214506281956393        1.4518538075263079     0.0000000000000000        0.0000000000000000     0.0000000000000000
     0.0000000000000000     0.0000000000000000        0.0000000000000000     0.0000000000000000        0.2735124043101491     0.0000000000000000
    1    2
    -0.5131069626570015     0.2030628800310145       -0.0121484504862203    -0.0781791253863876        0.0000000000000000     0.0000000000000000
    -0.0121484504862204    -0.0781791253863876       -0.1747494041090743    -0.2215427310055368        0.0000000000000000     0.0000000000000000
     0.0000000000000000     0.0000000000000000        0.0000000000000000     0.0000000000000000       -0.1253270648289108    -0.0240609456939778
    2    1
    -0.5131069626570015    -0.2030628800310145       -0.0121484504862203     0.0781791253863876        0.0000000000000000     0.0000000000000000
    -0.0121484504862204     0.0781791253863876       -0.1747494041090743     0.2215427310055368        0.0000000000000000     0.0000000000000000
     0.0000000000000000     0.0000000000000000        0.0000000000000000     0.0000000000000000       -0.1253270648289108     0.0240609456939778
    2    2
     1.1094287188625120     0.0000000000000000       -0.0596840868102031    -0.0214506281956393        0.0000000000000000     0.0000000000000000
    -0.0596840868102031     0.0214506281956393        1.4518538075263079    -0.0000000000000000        0.0000000000000000     0.0000000000000000
     0.0000000000000000     0.0000000000000000        0.0000000000000000     0.0000000000000000        0.2735124043101491     0.0000000000000000

     Dynamical Matrix in cartesian axes

     q = (    -0.135501355014     0.156463487585     0.000000000000 )

    1    1
     1.3145595999810471     0.0000000000000000       -0.1781164562430944    -0.0214506281956393        0.0000000000000000     0.0000000000000000
    -0.1781164562430945     0.0214506281956393        1.2467229264077726    -0.0000000000000000        0.0000000000000000     0.0000000000000000
     0.0000000000000000     0.0000000000000000        0.0000000000000000     0.0000000000000000        0.2735124043101491     0.0000000000000000
    1    2
    -0.2698596604837403    -0.1830964368766594       -0.1525873458756029     0.1447700601803401        0.0000000000000000     0.0000000000000000
    -0.1525873458756029     0.1447700601803401       -0.4179967062823354     0.1646165859021374        0.0000000000000000     0.0000000000000000
     0.0000000000000000     0.0000000000000000        0.0000000000000000     0.0000000000000000       -0.1253270648289108    -0.0240609456939777
    2    1
    -0.2698596604837403     0.1830964368766594       -0.1525873458756029    -0.1447700601803401        0.0000000000000000     0.0000000000000000
    -0.1525873458756029    -0.1447700601803401       -0.4179967062823354    -0.1646165859021374        0.0000000000000000     0.0000000000000000
     0.0000000000000000     0.0000000000000000        0.0000000000000000     0.0000000000000000       -0.1253270648289108     0.0240609456939777
    2    2
     1.3145595999810471    -0.0000000000000000       -0.1781164562430944     0.0214506281956393        0.0000000000000000     0.0000000000000000
    -0.1781164562430945    -0.0214506281956393        1.2467229264077726     0.0000000000000000        0.0000000000000000     0.0000000000000000
     0.0000000000000000     0.0000000000000000        0.0000000000000000     0.0000000000000000        0.2735124043101491     0.0000000000000000

     Dynamical Matrix in cartesian axes

     q = (     0.203252032520     0.039115871896     0.000000000000 )

    1    1
     1.4179354707396703     0.0000000000000000        0.1184323694328914    -0.0214506281956393        0.0000000000000000     0.0000000000000000
     0.1184323694328913     0.0214506281956393        1.1433470556491496    -0.0000000000000000        0.0000000000000000     0.0000000000000000
     0.0000000000000000     0.0000000000000000        0.0000000000000000     0.0000000000000000        0.2735124043101491     0.0000000000000000
    1    2
     0.0831114998545147     0.2393257506704096       -0.2632991067400338    -0.0101490429577070        0.0000000000000000     0.0000000000000000
    -0.2632991067400338    -0.0101490429577070        0.2448126983835192     0.3656152434791105        0.0000000000000000     0.0000000000000000
     0.0000000000000000     0.0000000000000000        0.0000000000000000     0.0000000000000000        0.0418261492312548     0.1205668923328596
    2    1
     0.0831114998545147    -0.2393257506704096       -0.2632991067400338     0.0101490429577070        0.0000000000000000     0.0000000000000000
    -0.2632991067400338     0.0101490429577070        0.2448126983835192    -0.3656152434791105        0.0000000000000000     0.0000000000000000
     0.0000000000000000     0.0000000000000000        0.0000000000000000     0.0000000000000000        0.0418261492312548    -0.1205668923328596
    2    2
     1.4179354707396703    -0.0000000000000000        0.1184323694328914     0.0214506281956393        0.0000000000000000     0.0000000000000000
     0.1184323694328913    -0.0214506281956393        1.1433470556491496     0.0000000000000000        0.0000000000000000     0.0000000000000000
     0.0000000000000000     0.0000000000000000        0.0000000000000000     0.0000000000000000        0.2735124043101491     0.0000000000000000

     Dynamical Matrix in cartesian axes

     q = (    -0.203252032520    -0.039115871896     0.000000000000 )

    1    1
     1.4179354707396703    -0.0000000000000000        0.1184323694328914     0.0214506281956393        0.0000000000000000     0.0000000000000000
     0.1184323694328913    -0.0214506281956393        1.1433470556491496     0.0000000000000000        0.0000000000000000     0.0000000000000000
     0.0000000000000000     0.0000000000000000        0.0000000000000000     0.0000000000000000        0.2735124043101491     0.0000000000000000
    1    2
     0.0831114998545146    -0.2393257506704096       -0.2632991067400338     0.0101490429577070        0.0000000000000000     0.0000000000000000
    -0.2632991067400338     0.0101490429577070        0.2448126983835192    -0.3656152434791105        0.0000000000000000     0.0000000000000000
     0.0000000000000000     0.0000000000000000        0.0000000000000000     0.0000000000000000        0.0418261492312548    -0.1205668923328596
    2    1
     0.0831114998545146     0.2393257506704096       -0.2632991067400338    -0.0101490429577070        0.0000000000000000     0.0000000000000000
    -0.2632991067400338    -0.0101490429577070        0.2448126983835192     0.3656152434791105        0.0000000000000000     0.0000000000000000
     0.0000000000000000     0.0000000000000000        0.0000000000000000     0.0000000000000000        0.0418261492312548     0.1205668923328596
    2    2
     1.4179354707396703     0.0000000000000000        0.1184323694328914    -0.0214506281956393        0.0000000000000000     0.0000000000000000
     0.1184323694328913     0.0214506281956393        1.1433470556491496    -0.0000000000000000        0.0000000000000000     0.0000000000000000
     0.0000000000000000     0.0000000000000000        0.0000000000000000     0.0000000000000000        0.2735124043101491     0.0000000000000000

     Dynamical Matrix in cartesian axes

     q = (     0.135501355014    -0.156463487585     0.000000000000 )

    1    1
     1.3145595999810471    -0.0000000000000000       -0.1781164562430944     0.0214506281956393        0.0000000000000000     0.0000000000000000
    -0.1781164562430945    -0.0214506281956393        1.2467229264077726     0.0000000000000000        0.0000000000000000     0.0000000000000000
     0.0000000000000000     0.0000000000000000        0.0000000000000000     0.0000000000000000        0.2735124043101491     0.0000000000000000
    1    2
    -0.2698596604837403     0.1830964368766594       -0.1525873458756029    -0.1447700601803401        0.0000000000000000     0.0000000000000000
    -0.1525873458756029    -0.1447700601803401       -0.4179967062823354    -0.1646165859021375        0.0000000000000000     0.0000000000000000
     0.0000000000000000     0.0000000000000000        0.0000000000000000     0.0000000000000000       -0.1253270648289108     0.0240609456939777
    2    1
    -0.2698596604837403    -0.1830964368766594       -0.1525873458756029     0.1447700601803401        0.0000000000000000     0.0000000000000000
    -0.1525873458756029     0.1447700601803401       -0.4179967062823354     0.1646165859021375        0.0000000000000000     0.0000000000000000
     0.0000000000000000     0.0000000000000000        0.0000000000000000     0.0000000000000000       -0.1253270648289108    -0.0240609456939777
    2    2
     1.3145595999810471     0.0000000000000000       -0.1781164562430944    -0.0214506281956393        0.0000000000000000     0.0000000000000000
    -0.1781164562430945     0.0214506281956393        1.2467229264077726    -0.0000000000000000        0.0000000000000000     0.0000000000000000
     0.0000000000000000     0.0000000000000000        0.0000000000000000     0.0000000000000000        0.2735124043101491     0.0000000000000000

     Dynamical Matrix in cartesian axes

     q = (    -0.135501355014    -0.156463487585     0.000000000000 )

    1    1
     1.3145595999810471    -0.0000000000000000        0.1781164562430945    -0.0214506281956393        0.0000000000000000     0.0000000000000000
     0.1781164562430945     0.0214506281956393        1.2467229264077726     0.0000000000000000        0.0000000000000000     0.0000000000000000
     0.0000000000000000     0.0000000000000000        0.0000000000000000     0.0000000000000000        0.2735124043101491     0.0000000000000000
    1    2
    -0.0236363164793517    -0.3252535412514613       -0.2016682262442713     0.0597594759805470        0.0000000000000000     0.0000000000000000
    -0.2016682262442713     0.0597594759805470        0.3515605147173856    -0.2796874528980586        0.0000000000000000     0.0000000000000000
     0.0000000000000000     0.0000000000000000        0.0000000000000000     0.0000000000000000        0.0418261492312548    -0.1205668923328596
    2    1
    -0.0236363164793517     0.3252535412514613       -0.2016682262442713    -0.0597594759805470        0.0000000000000000     0.0000000000000000
    -0.2016682262442713    -0.0597594759805470        0.3515605147173856     0.2796874528980586        0.0000000000000000     0.0000000000000000
     0.0000000000000000     0.0000000000000000        0.0000000000000000     0.0000000000000000        0.0418261492312548     0.1205668923328596
    2    2
     1.3145595999810471     0.0000000000000000        0.1781164562430945     0.0214506281956393        0.0000000000000000     0.0000000000000000
     0.1781164562430945    -0.0214506281956393        1.2467229264077726    -0.0000000000000000        0.0000000000000000     0.0000000000000000
     0.0000000000000000     0.0000000000000000        0.0000000000000000     0.0000000000000000        0.2735124043101491     0.0000000000000000

     Dynamical Matrix in cartesian axes

     q = (     0.203252032520    -0.039115871896     0.000000000000 )

    1    1
     1.4179354707396703    -0.0000000000000000       -0.1184323694328914    -0.0214506281956393        0.0000000000000000     0.0000000000000000
    -0.1184323694328914     0.0214506281956393        1.1433470556491494    -0.0000000000000000        0.0000000000000000     0.0000000000000000
     0.0000000000000000     0.0000000000000000        0.0000000000000000     0.0000000000000000        0.2735124043101491     0.0000000000000000
    1    2
    -0.0831114789319920     0.2393257579362470       -0.2632991058527753     0.0101490659760467        0.0000000000000000     0.0000000000000000
    -0.2632991058527753     0.0101490659760467       -0.2448126664204174     0.3656152648813156        0.0000000000000000     0.0000000000000000
     0.0000000000000000     0.0000000000000000        0.0000000000000000     0.0000000000000000       -0.0418261386909618     0.1205668959894173
    2    1
    -0.0831114789319920    -0.2393257579362470       -0.2632991058527753    -0.0101490659760467        0.0000000000000000     0.0000000000000000
    -0.2632991058527753    -0.0101490659760467       -0.2448126664204174    -0.3656152648813156        0.0000000000000000     0.0000000000000000
     0.0000000000000000     0.0000000000000000        0.0000000000000000     0.0000000000000000       -0.0418261386909618    -0.1205668959894173
    2    2
     1.4179354707396703     0.0000000000000000       -0.1184323694328914     0.0214506281956393        0.0000000000000000     0.0000000000000000
    -0.1184323694328914    -0.0214506281956393        1.1433470556491494     0.0000000000000000        0.0000000000000000     0.0000000000000000
     0.0000000000000000     0.0000000000000000        0.0000000000000000     0.0000000000000000        0.2735124043101491     0.0000000000000000

     Dynamical Matrix in cartesian axes

     q = (    -0.203252032520     0.039115871896     0.000000000000 )

    1    1
     1.4179354707396703     0.0000000000000000       -0.1184323694328914     0.0214506281956393        0.0000000000000000     0.0000000000000000
    -0.1184323694328914    -0.0214506281956393        1.1433470556491494     0.0000000000000000        0.0000000000000000     0.0000000000000000
     0.0000000000000000     0.0000000000000000        0.0000000000000000     0.0000000000000000        0.2735124043101491     0.0000000000000000
    1    2
    -0.0831114789319920    -0.2393257579362470       -0.2632991058527753    -0.0101490659760467        0.0000000000000000     0.0000000000000000
    -0.2632991058527753    -0.0101490659760467       -0.2448126664204174    -0.3656152648813156        0.0000000000000000     0.0000000000000000
     0.0000000000000000     0.0000000000000000        0.0000000000000000     0.0000000000000000       -0.0418261386909618    -0.1205668959894173
    2    1
    -0.0831114789319920     0.2393257579362470       -0.2632991058527753     0.0101490659760467        0.0000000000000000     0.0000000000000000
    -0.2632991058527753     0.0101490659760467       -0.2448126664204174     0.3656152648813156        0.0000000000000000     0.0000000000000000
     0.0000000000000000     0.0000000000000000        0.0000000000000000     0.0000000000000000       -0.0418261386909618     0.1205668959894173
    2    2
     1.4179354707396703    -0.0000000000000000       -0.1184323694328914    -0.0214506281956393        0.0000000000000000     0.0000000000000000
    -0.1184323694328914     0.0214506281956393        1.1433470556491494    -0.0000000000000000        0.0000000000000000     0.0000000000000000
     0.0000000000000000     0.0000000000000000        0.0000000000000000     0.0000000000000000        0.2735124043101491     0.0000000000000000

     Dynamical Matrix in cartesian axes

     q = (     0.135501355014     0.156463487585     0.000000000000 )

    1    1
     1.3145595999810471     0.0000000000000000        0.1781164562430945     0.0214506281956393        0.0000000000000000     0.0000000000000000
     0.1781164562430945    -0.0214506281956393        1.2467229264077726    -0.0000000000000000        0.0000000000000000     0.0000000000000000
     0.0000000000000000     0.0000000000000000        0.0000000000000000     0.0000000000000000        0.2735124043101491     0.0000000000000000
    1    2
    -0.0236363164793517     0.3252535412514613       -0.2016682262442713    -0.0597594759805470        0.0000000000000000     0.0000000000000000
    -0.2016682262442713    -0.0597594759805470        0.3515605147173857     0.2796874528980586        0.0000000000000000     0.0000000000000000
     0.0000000000000000     0.0000000000000000        0.0000000000000000     0.0000000000000000        0.0418261492312548     0.1205668923328596
    2    1
    -0.0236363164793517    -0.3252535412514613       -0.2016682262442713     0.0597594759805470        0.0000000000000000     0.0000000000000000
    -0.2016682262442713     0.0597594759805470        0.3515605147173857    -0.2796874528980586        0.0000000000000000     0.0000000000000000
     0.0000000000000000     0.0000000000000000        0.0000000000000000     0.0000000000000000        0.0418261492312548    -0.1205668923328596
    2    2
     1.3145595999810471    -0.0000000000000000        0.1781164562430945    -0.0214506281956393        0.0000000000000000     0.0000000000000000
     0.1781164562430945     0.0214506281956393        1.2467229264077726     0.0000000000000000        0.0000000000000000     0.0000000000000000
     0.0000000000000000     0.0000000000000000        0.0000000000000000     0.0000000000000000        0.2735124043101491     0.0000000000000000

     Diagonalizing the dynamical matrix

     q = (     0.067750677507     0.195579359482     0.000000000000 )

***************************************************************************
   freq (    1) =    12.01000436 [THz] =   400.61056640 [cm-1]
(   0.000000  0.000000  -0.000000  0.000000   0.638317 -0.304223 )
(   0.000000  0.000000  -0.000000 -0.000000   0.496628  0.503350 )
   freq (    2) =    19.91417188 [THz] =   664.26517749 [cm-1]
(   0.000000  0.000000  -0.000000  0.000000   0.603479 -0.368527 )
(   0.000000  0.000000  -0.000000 -0.000000  -0.545962 -0.449361 )
   freq (    3) =    23.13304543 [THz] =   771.63522646 [cm-1]
(   0.698629  0.000000  -0.065955  0.086994  -0.000000  0.000000 )
(   0.535726  0.448418   0.005262 -0.109043   0.000000  0.000000 )
   freq (    4) =    33.96854657 [THz] =  1133.06858806 [cm-1]
(  -0.163712  0.000000  -0.038803  0.686799  -0.000000  0.000000 )
(  -0.075872  0.145069  -0.626573 -0.283910   0.000000 -0.000000 )
   freq (    5) =    40.58264994 [THz] =  1353.69129696 [cm-1]
(   0.643836  0.000000  -0.146172  0.253197   0.000000  0.000000 )
(  -0.500480 -0.405024  -0.045656  0.288774   0.000000 -0.000000 )
   freq (    6) =    41.57471884 [THz] =  1386.78314896 [cm-1]
(  -0.265691  0.000000  -0.503731  0.419123   0.000000  0.000000 )
(   0.242642  0.108244   0.289279  0.587985   0.000000 -0.000000 )
***************************************************************************
