Dynamical matrix file
File generated with the CellConstructor by Lorenzo Monacelli
1 2 0     1.8897259890000000     0.0000000000000000     0.0000000000000000     0.0000000000000000     0.0000000000000000     0.0000000000000000
Basis vectors
    2.4600000000000000     0.0000000000000000     0.0000000000000000
   -1.2300000000000000     2.1304224933097187     0.0000000000000000
    0.0000000000000000     0.0000000000000000    15.0000000000000000
	1  'C '  10947.3571678344233078
    1     1     0.0000000000000000    -0.0000000000000002     7.4999999999999982
    2     1     1.2299999999999998     0.7101408311032394     7.4999999999999982

     Dynamical Matrix in cartesian axes

     q = (     0.000000000000     0.000000000000     0.000000000000 )

    1    1
     1.0932821531568782     0.0000000000000000       -0.0000000000000001     0.0000000000000000        0.0000000000000000     0.0000000000000000
    -0.0000000000000001     0.0000000000000000        1.0932821531568786     0.0000000000000000        0.0000000000000000     0.0000000000000000
    -0.0000000000000000     0.0000000000000000       -0.0000000000000000     0.0000000000000000        0.3420222210772874     0.0000000000000000
    1    2
    -1.0932821531568779     0.0000000000000000        0.0000000000000002     0.0000000000000000        0.0000000000000000     0.0000000000000000
     0.0000000000000002     0.0000000000000000       -1.0932821531568784     0.0000000000000000        0.0000000000000000     0.0000000000000000
     0.0000000000000000     0.0000000000000000        0.0000000000000000     0.0000000000000000       -0.3420222210772874     0.0000000000000000
    2    1
    -1.0932821531568779     0.0000000000000000        0.0000000000000002     0.0000000000000000        0.0000000000000000     0.0000000000000000
     0.0000000000000002     0.0000000000000000       -1.0932821531568784     0.0000000000000000        0.0000000000000000     0.0000000000000000
     0.0000000000000000     0.0000000000000000       -0.0000000000000000     0.0000000000000000       -0.3420222210772874     0.0000000000000000
    2    2
     1.0932821531568782     0.0000000000000000        0.0000000000000000     0.0000000000000000        0.0000000000000000     0.0000000000000000
    -0.0000000000000001     0.0000000000000000        1.0932821531568786     0.0000000000000000        0.0000000000000000     0.0000000000000000
     0.0000000000000000     0.0000000000000000        0.0000000000000000     0.0000000000000000        0.3420222210772874     0.0000000000000000

     Diagonalizing the dynamical matrix

     q = (     0.000000000000     0.000000000000     0.000000000000 )

***************************************************************************
   freq (    1) =    -0.00000045 [THz] =    -0.00001513 [cm-1]
(   0.022115  0.000000  -0.077306  0.000000  -0.702520  0.000000 )
(   0.022115  0.000000  -0.077306  0.000000  -0.702520  0.000000 )
   freq (    2) =     0.00000050 [THz] =     0.00001680 [cm-1]
(   0.461527  0.000000  -0.530729  0.000000   0.072931  0.000000 )
(   0.461527  0.000000  -0.530729  0.000000   0.072931  0.000000 )
   freq (    3) =     0.00000095 [THz] =     0.00003174 [cm-1]
(  -0.535260  0.000000  -0.460815  0.000000   0.033859  0.000000 )
(  -0.535260  0.000000  -0.460815  0.000000   0.033859  0.000000 )
   freq (    4) =    26.00535519 [THz] =   867.44515339 [cm-1]
(   0.000000  0.000000  -0.000000  0.000000   0.707107  0.000000 )
(   0.000000  0.000000  -0.000000  0.000000  -0.707107  0.000000 )
   freq (    5) =    46.49451885 [THz] =  1550.88998944 [cm-1]
(  -0.627861  0.000000  -0.325255  0.000000   0.000000  0.000000 )
(   0.627861  0.000000   0.325255  0.000000  -0.000000  0.000000 )
   freq (    6) =    46.49451885 [THz] =  1550.88998944 [cm-1]
(   0.325255  0.000000  -0.627861  0.000000   0.000000  0.000000 )
(  -0.325255  0.000000   0.627861  0.000000  -0.000000  0.000000 )
***************************************************************************
