Dynamical matrix file
File generated with the CellConstructor by Lorenzo Monacelli
1 2 0     1.8897259890000000     0.0000000000000000     0.0000000000000000     0.0000000000000000     0.0000000000000000     0.0000000000000000
Basis vectors
    2.4600000000000000     0.0000000000000000     0.0000000000000000
   -1.2300000000000000     2.1304224933097187     0.0000000000000000
    0.0000000000000000     0.0000000000000000    15.0000000000000000
	1  'C '  10947.3571678344233078
    1     1     0.0000000000000000    -0.0000000000000002     7.4999999999999982
    2     1     1.2299999999999998     0.7101408311032394     7.4999999999999982

     Dynamical Matrix in cartesian axes

     q = (     0.067750677507    -0.117347615689     0.000000000000 )

    1    1
     1.1560100009940903    -0.0000000000000000       -0.1397382657715473     0.0110803051526845       -0.0000000000000000    -0.0000000000000000
    -0.1397382657715472    -0.0110803051526845        1.3173658517126796     0.0000000000000000       -0.0000000000000000    -0.0000000000000000
    -0.0000000000000000     0.0000000000000000       -0.0000000000000000     0.0000000000000000        0.3064559807361585     0.0000000000000000
    1    2
    -0.7246753942287190     0.2004902130528016        0.0033470578016519    -0.1157530784759206       -0.0000000000000000    -0.0000000000000000
     0.0033470578016519    -0.1157530784759206       -0.7285402436742731    -0.2004902130528021        0.0000000000000000    -0.0000000000000000
     0.0000000000000000     0.0000000000000000        0.0000000000000000     0.0000000000000000       -0.2707517878941973    -0.0000000000000001
    2    1
    -0.7246753942287190    -0.2004902130528016        0.0033470578016519     0.1157530784759206        0.0000000000000000    -0.0000000000000000
     0.0033470578016519     0.1157530784759206       -0.7285402436742731     0.2004902130528021       -0.0000000000000000    -0.0000000000000000
    -0.0000000000000000     0.0000000000000000       -0.0000000000000000     0.0000000000000000       -0.2707517878941973     0.0000000000000001
    2    2
     1.1560100009940903     0.0000000000000000       -0.1397382657715473    -0.0110803051526845        0.0000000000000000    -0.0000000000000000
    -0.1397382657715472     0.0110803051526845        1.3173658517126796     0.0000000000000000        0.0000000000000000    -0.0000000000000000
     0.0000000000000000     0.0000000000000000        0.0000000000000000     0.0000000000000000        0.3064559807361585     0.0000000000000000

     Dynamical Matrix in cartesian axes

     q = (    -0.067750677507     0.117347615689     0.000000000000 )

    1    1
     1.1560100009940903     0.0000000000000000       -0.1397382657715473    -0.0110803051526845       -0.0000000000000000     0.0000000000000000
    -0.1397382657715472     0.0110803051526845        1.3173658517126796     0.0000000000000000       -0.0000000000000000     0.0000000000000000
    -0.0000000000000000    -0.0000000000000000       -0.0000000000000000    -0.0000000000000000        0.3064559807361585     0.0000000000000000
    1    2
    -0.7246753942287190    -0.2004902130528016        0.0033470578016520     0.1157530784759206       -0.0000000000000000     0.0000000000000000
     0.0033470578016519     0.1157530784759206       -0.7285402436742731     0.2004902130528021       -0.0000000000000000     0.0000000000000000
    -0.0000000000000000    -0.0000000000000000       -0.0000000000000000    -0.0000000000000000       -0.2707517878941973     0.0000000000000001
    2    1
    -0.7246753942287190     0.2004902130528016        0.0033470578016520    -0.1157530784759206        0.0000000000000000     0.0000000000000000
     0.0033470578016519    -0.1157530784759206       -0.7285402436742731    -0.2004902130528021        0.0000000000000000     0.0000000000000000
     0.0000000000000000    -0.0000000000000000        0.0000000000000000    -0.0000000000000000       -0.2707517878941973    -0.0000000000000001
    2    2
     1.1560100009940903    -0.0000000000000000       -0.1397382657715473     0.0110803051526845        0.0000000000000000     0.0000000000000000
    -0.1397382657715472    -0.0110803051526845        1.3173658517126796     0.0000000000000000        0.0000000000000000     0.0000000000000000
     0.0000000000000000    -0.0000000000000000        0.0000000000000000    -0.0000000000000000        0.3064559807361585     0.0000000000000000

     Dynamical Matrix in cartesian axes

     q = (    -0.067750677507    -0.117347615689     0.000000000000 )

    1    1
     1.1560100009940903    -0.0000000000000000        0.1397382657715472    -0.0110803051526845       -0.0000000000000000    -0.0000000000000000
     0.1397382657715472     0.0110803051526845        1.3173658517126796     0.0000000000000000       -0.0000000000000000     0.0000000000000000
    -0.0000000000000000     0.0000000000000000       -0.0000000000000000    -0.0000000000000000        0.3064559807361585     0.0000000000000000
    1    2
    -0.5359672994609999    -0.5273422099917566       -0.1019186370293338     0.0549778991837913        0.0000000000000000     0.0000000000000000
    -0.1019186370293339     0.0549778991837913       -0.1906404828160084    -0.7311794707830673        0.0000000000000000    -0.0000000000000000
    -0.0000000000000000     0.0000000000000000       -0.0000000000000000     0.0000000000000000       -0.1353758871141945    -0.2344779303814098
    2    1
    -0.5359672994609999     0.5273422099917566       -0.1019186370293338    -0.0549778991837913       -0.0000000000000000     0.0000000000000000
    -0.1019186370293339    -0.0549778991837913       -0.1906404828160084     0.7311794707830673       -0.0000000000000000    -0.0000000000000000
     0.0000000000000000     0.0000000000000000        0.0000000000000000     0.0000000000000000       -0.1353758871141945     0.2344779303814098
    2    2
     1.1560100009940903     0.0000000000000000        0.1397382657715472     0.0110803051526845        0.0000000000000000    -0.0000000000000000
     0.1397382657715472    -0.0110803051526845        1.3173658517126796    -0.0000000000000000        0.0000000000000000     0.0000000000000000
     0.0000000000000000     0.0000000000000000        0.0000000000000000    -0.0000000000000000        0.3064559807361585     0.0000000000000000

     Dynamical Matrix in cartesian axes

     q = (     0.067750677507     0.117347615689     0.000000000000 )

    1    1
     1.1560100009940903     0.0000000000000000        0.1397382657715472     0.0110803051526845       -0.0000000000000000     0.0000000000000000
     0.1397382657715472    -0.0110803051526845        1.3173658517126796    -0.0000000000000000       -0.0000000000000000    -0.0000000000000000
    -0.0000000000000000    -0.0000000000000000       -0.0000000000000000     0.0000000000000000        0.3064559807361585     0.0000000000000000
    1    2
    -0.5359672994609999     0.5273422099917566       -0.1019186370293338    -0.0549778991837913        0.0000000000000000     0.0000000000000000
    -0.1019186370293339    -0.0549778991837913       -0.1906404828160084     0.7311794707830673        0.0000000000000000     0.0000000000000000
    -0.0000000000000000    -0.0000000000000000       -0.0000000000000000    -0.0000000000000000       -0.1353758871141945     0.2344779303814098
    2    1
    -0.5359672994609999    -0.5273422099917566       -0.1019186370293338     0.0549778991837913       -0.0000000000000000     0.0000000000000000
    -0.1019186370293339     0.0549778991837913       -0.1906404828160084    -0.7311794707830673       -0.0000000000000000     0.0000000000000000
     0.0000000000000000    -0.0000000000000000        0.0000000000000000    -0.0000000000000000       -0.1353758871141945    -0.2344779303814098
    2    2
     1.1560100009940903    -0.0000000000000000        0.1397382657715472    -0.0110803051526845        0.0000000000000000     0.0000000000000000
     0.1397382657715472     0.0110803051526845        1.3173658517126796     0.0000000000000000        0.0000000000000000    -0.0000000000000000
     0.0000000000000000    -0.0000000000000000        0.0000000000000000     0.0000000000000000        0.3064559807361585     0.0000000000000000

     Dynamical Matrix in cartesian axes

     q = (     0.135501355014     0.000000000000     0.000000000000 )

    1    1
     1.3980437770719734     0.0000000000000000        0.0000000000000000    -0.0110803051526845        0.0000000000000000     0.0000000000000000
     0.0000000000000000     0.0110803051526845        1.0753320756347966    -0.0000000000000000       -0.0000000000000000    -0.0000000000000000
     0.0000000000000000     0.0000000000000000       -0.0000000000000000     0.0000000000000000        0.3064559807361585     0.0000000000000000
    1    2
    -0.3652363157637447     0.6326078982453764       -0.2004902164259538    -0.1157530726334499       -0.0000000000000000     0.0000000000000000
    -0.2004902164259538    -0.1157530726334499       -0.3613714665132637     0.6259137825294475        0.0000000000000000     0.0000000000000000
     0.0000000000000000    -0.0000000000000000        0.0000000000000000    -0.0000000000000000       -0.1353758871141945     0.2344779303814098
    2    1
    -0.3652363157637447    -0.6326078982453764       -0.2004902164259538     0.1157530726334499        0.0000000000000000     0.0000000000000000
    -0.2004902164259538     0.1157530726334499       -0.3613714665132637    -0.6259137825294475       -0.0000000000000000     0.0000000000000000
    -0.0000000000000000    -0.0000000000000000       -0.0000000000000000    -0.0000000000000000       -0.1353758871141945    -0.2344779303814098
    2    2
     1.3980437770719734     0.0000000000000000        0.0000000000000000     0.0110803051526845        0.0000000000000000     0.0000000000000000
     0.0000000000000000    -0.0110803051526845        1.0753320756347966     0.0000000000000000        0.0000000000000000    -0.0000000000000000
     0.0000000000000000     0.0000000000000000        0.0000000000000000     0.0000000000000000        0.3064559807361585     0.0000000000000000

     Dynamical Matrix in cartesian axes

     q = (    -0.135501355014     0.000000000000     0.000000000000 )

    1    1
     1.3980437770719734     0.0000000000000000        0.0000000000000000     0.0110803051526845        0.0000000000000000     0.0000000000000000
     0.0000000000000000    -0.0110803051526845        1.0753320756347966     0.0000000000000000       -0.0000000000000000     0.0000000000000000
     0.0000000000000000     0.0000000000000000       -0.0000000000000000    -0.0000000000000000        0.3064559807361585     0.0000000000000000
    1    2
    -0.3652363157637447    -0.6326078982453764       -0.2004902164259537     0.1157530726334500       -0.0000000000000000    -0.0000000000000000
    -0.2004902164259538     0.1157530726334499       -0.3613714665132637    -0.6259137825294475       -0.0000000000000000     0.0000000000000000
    -0.0000000000000000     0.0000000000000000        0.0000000000000000     0.0000000000000000       -0.1353758871141945    -0.2344779303814098
    2    1
    -0.3652363157637447     0.6326078982453764       -0.2004902164259537    -0.1157530726334500        0.0000000000000000    -0.0000000000000000
    -0.2004902164259538    -0.1157530726334499       -0.3613714665132637     0.6259137825294475        0.0000000000000000     0.0000000000000000
     0.0000000000000000     0.0000000000000000       -0.0000000000000000     0.0000000000000000       -0.1353758871141945     0.2344779303814098
    2    2
     1.3980437770719734     0.0000000000000000        0.0000000000000000    -0.0110803051526845        0.0000000000000000     0.0000000000000000
     0.0000000000000000     0.0110803051526845        1.0753320756347966    -0.0000000000000000        0.0000000000000000     0.0000000000000000
     0.0000000000000000     0.0000000000000000        0.0000000000000000    -0.0000000000000000        0.3064559807361585     0.0000000000000000

     Diagonalizing the dynamical matrix

     q = (     0.067750677507    -0.117347615689     0.000000000000 )

***************************************************************************
   freq (    1) =     5.94128301 [THz] =   198.17984085 [cm-1]
(  -0.000000  0.000000  -0.000000 -0.000000   0.514074  0.485518 )
(  -0.000000  0.000000  -0.000000  0.000000   0.514074  0.485518 )
   freq (    2) =    17.78806448 [THz] =   593.34587848 [cm-1]
(   0.608754  0.000000   0.343082  0.108228   0.000000 -0.000000 )
(   0.601495  0.093728   0.355655 -0.054114   0.000000  0.000000 )
   freq (    3) =    23.88838085 [THz] =   796.83050055 [cm-1]
(   0.000000  0.000000  -0.000000 -0.000000   0.332259  0.624183 )
(   0.000000  0.000000  -0.000000 -0.000000  -0.332259 -0.624183 )
   freq (    4) =    24.87980238 [THz] =   829.90075836 [cm-1]
(  -0.365433  0.000000   0.551980  0.248549   0.000000  0.000000 )
(  -0.295312 -0.215250   0.592464  0.124275  -0.000000 -0.000000 )
   freq (    5) =    42.64562291 [THz] =  1422.50465851 [cm-1]
(  -0.605358  0.000000  -0.333211 -0.150041   0.000000 -0.000000 )
(   0.591248  0.129939   0.357650 -0.075020  -0.000000  0.000000 )
   freq (    6) =    46.22253097 [THz] =  1541.81745164 [cm-1]
(  -0.359748  0.000000   0.580552  0.183140   0.000000  0.000000 )
(   0.322899  0.158604  -0.601827 -0.091570   0.000000 -0.000000 )
***************************************************************************
