&control
 calculation='nscf', prefix='graphene', outdir='./tmp', pseudo_dir='/root/phonon/pseudo',
 verbosity='high', disk_io='low'
/
&system
 ibrav=4, celldm(1)=4.648726286, celldm(3)=6.097560976, nat=2, ntyp=1,
 ecutwfc=60, ecutrho=240, nbnd=14,
 occupations='smearing', smearing='fd', degauss=0.020
/
&electrons
 conv_thr=1.0d-12, diago_full_acc=.true., diago_david_ndim=8,
 electron_maxstep=300, diago_thr_init=1.0d-5
/
ATOMIC_SPECIES
 C 12.011 C_ONCV_PBE-1.2.upf
ATOMIC_POSITIONS (crystal)
 C 0.000000000 0.000000000 0.0
 C 0.333333333 0.666666667 0.0
K_POINTS crystal
144
0.0000000000 0.0000000000 0.0 1.0
0.0000000000 0.0833333333 0.0 1.0
0.0000000000 0.1666666667 0.0 1.0
0.0000000000 0.2500000000 0.0 1.0
0.0000000000 0.3333333333 0.0 1.0
0.0000000000 0.4166666667 0.0 1.0
0.0000000000 0.5000000000 0.0 1.0
0.0000000000 0.5833333333 0.0 1.0
0.0000000000 0.6666666667 0.0 1.0
0.0000000000 0.7500000000 0.0 1.0
0.0000000000 0.8333333333 0.0 1.0
0.0000000000 0.9166666667 0.0 1.0
0.0833333333 0.0000000000 0.0 1.0
0.0833333333 0.0833333333 0.0 1.0
0.0833333333 0.1666666667 0.0 1.0
0.0833333333 0.2500000000 0.0 1.0
0.0833333333 0.3333333333 0.0 1.0
0.0833333333 0.4166666667 0.0 1.0
0.0833333333 0.5000000000 0.0 1.0
0.0833333333 0.5833333333 0.0 1.0
0.0833333333 0.6666666667 0.0 1.0
0.0833333333 0.7500000000 0.0 1.0
0.0833333333 0.8333333333 0.0 1.0
0.0833333333 0.9166666667 0.0 1.0
0.1666666667 0.0000000000 0.0 1.0
0.1666666667 0.0833333333 0.0 1.0
0.1666666667 0.1666666667 0.0 1.0
0.1666666667 0.2500000000 0.0 1.0
0.1666666667 0.3333333333 0.0 1.0
0.1666666667 0.4166666667 0.0 1.0
0.1666666667 0.5000000000 0.0 1.0
0.1666666667 0.5833333333 0.0 1.0
0.1666666667 0.6666666667 0.0 1.0
0.1666666667 0.7500000000 0.0 1.0
0.1666666667 0.8333333333 0.0 1.0
0.1666666667 0.9166666667 0.0 1.0
0.2500000000 0.0000000000 0.0 1.0
0.2500000000 0.0833333333 0.0 1.0
0.2500000000 0.1666666667 0.0 1.0
0.2500000000 0.2500000000 0.0 1.0
0.2500000000 0.3333333333 0.0 1.0
0.2500000000 0.4166666667 0.0 1.0
0.2500000000 0.5000000000 0.0 1.0
0.2500000000 0.5833333333 0.0 1.0
0.2500000000 0.6666666667 0.0 1.0
0.2500000000 0.7500000000 0.0 1.0
0.2500000000 0.8333333333 0.0 1.0
0.2500000000 0.9166666667 0.0 1.0
0.3333333333 0.0000000000 0.0 1.0
0.3333333333 0.0833333333 0.0 1.0
0.3333333333 0.1666666667 0.0 1.0
0.3333333333 0.2500000000 0.0 1.0
0.3333333333 0.3333333333 0.0 1.0
0.3333333333 0.4166666667 0.0 1.0
0.3333333333 0.5000000000 0.0 1.0
0.3333333333 0.5833333333 0.0 1.0
0.3333333333 0.6666666667 0.0 1.0
0.3333333333 0.7500000000 0.0 1.0
0.3333333333 0.8333333333 0.0 1.0
0.3333333333 0.9166666667 0.0 1.0
0.4166666667 0.0000000000 0.0 1.0
0.4166666667 0.0833333333 0.0 1.0
0.4166666667 0.1666666667 0.0 1.0
0.4166666667 0.2500000000 0.0 1.0
0.4166666667 0.3333333333 0.0 1.0
0.4166666667 0.4166666667 0.0 1.0
0.4166666667 0.5000000000 0.0 1.0
0.4166666667 0.5833333333 0.0 1.0
0.4166666667 0.6666666667 0.0 1.0
0.4166666667 0.7500000000 0.0 1.0
0.4166666667 0.8333333333 0.0 1.0
0.4166666667 0.9166666667 0.0 1.0
0.5000000000 0.0000000000 0.0 1.0
0.5000000000 0.0833333333 0.0 1.0
0.5000000000 0.1666666667 0.0 1.0
0.5000000000 0.2500000000 0.0 1.0
0.5000000000 0.3333333333 0.0 1.0
0.5000000000 0.4166666667 0.0 1.0
0.5000000000 0.5000000000 0.0 1.0
0.5000000000 0.5833333333 0.0 1.0
0.5000000000 0.6666666667 0.0 1.0
0.5000000000 0.7500000000 0.0 1.0
0.5000000000 0.8333333333 0.0 1.0
0.5000000000 0.9166666667 0.0 1.0
0.5833333333 0.0000000000 0.0 1.0
0.5833333333 0.0833333333 0.0 1.0
0.5833333333 0.1666666667 0.0 1.0
0.5833333333 0.2500000000 0.0 1.0
0.5833333333 0.3333333333 0.0 1.0
0.5833333333 0.4166666667 0.0 1.0
0.5833333333 0.5000000000 0.0 1.0
0.5833333333 0.5833333333 0.0 1.0
0.5833333333 0.6666666667 0.0 1.0
0.5833333333 0.7500000000 0.0 1.0
0.5833333333 0.8333333333 0.0 1.0
0.5833333333 0.9166666667 0.0 1.0
0.6666666667 0.0000000000 0.0 1.0
0.6666666667 0.0833333333 0.0 1.0
0.6666666667 0.1666666667 0.0 1.0
0.6666666667 0.2500000000 0.0 1.0
0.6666666667 0.3333333333 0.0 1.0
0.6666666667 0.4166666667 0.0 1.0
0.6666666667 0.5000000000 0.0 1.0
0.6666666667 0.5833333333 0.0 1.0
0.6666666667 0.6666666667 0.0 1.0
0.6666666667 0.7500000000 0.0 1.0
0.6666666667 0.8333333333 0.0 1.0
0.6666666667 0.9166666667 0.0 1.0
0.7500000000 0.0000000000 0.0 1.0
0.7500000000 0.0833333333 0.0 1.0
0.7500000000 0.1666666667 0.0 1.0
0.7500000000 0.2500000000 0.0 1.0
0.7500000000 0.3333333333 0.0 1.0
0.7500000000 0.4166666667 0.0 1.0
0.7500000000 0.5000000000 0.0 1.0
0.7500000000 0.5833333333 0.0 1.0
0.7500000000 0.6666666667 0.0 1.0
0.7500000000 0.7500000000 0.0 1.0
0.7500000000 0.8333333333 0.0 1.0
0.7500000000 0.9166666667 0.0 1.0
0.8333333333 0.0000000000 0.0 1.0
0.8333333333 0.0833333333 0.0 1.0
0.8333333333 0.1666666667 0.0 1.0
0.8333333333 0.2500000000 0.0 1.0
0.8333333333 0.3333333333 0.0 1.0
0.8333333333 0.4166666667 0.0 1.0
0.8333333333 0.5000000000 0.0 1.0
0.8333333333 0.5833333333 0.0 1.0
0.8333333333 0.6666666667 0.0 1.0
0.8333333333 0.7500000000 0.0 1.0
0.8333333333 0.8333333333 0.0 1.0
0.8333333333 0.9166666667 0.0 1.0
0.9166666667 0.0000000000 0.0 1.0
0.9166666667 0.0833333333 0.0 1.0
0.9166666667 0.1666666667 0.0 1.0
0.9166666667 0.2500000000 0.0 1.0
0.9166666667 0.3333333333 0.0 1.0
0.9166666667 0.4166666667 0.0 1.0
0.9166666667 0.5000000000 0.0 1.0
0.9166666667 0.5833333333 0.0 1.0
0.9166666667 0.6666666667 0.0 1.0
0.9166666667 0.7500000000 0.0 1.0
0.9166666667 0.8333333333 0.0 1.0
0.9166666667 0.9166666667 0.0 1.0
