 written on 28Jun2026 at 21:46:28 
           2
         157
    3    2    1    1    2    2    1    1    1    1    1    2    2    1    1
    1    1    1    1    1    1    2    3    1    1    1    1    1    1    1
    1    1    1    1    3    1    1    1    1    1    1    1    1    1    1
    1    1    2    1    1    1    1    1    1    1    1    1    1    1    2
    1    1    1    1    1    1    1    1    1    1    1    1    2    1    1
    1    1    1    1    1    1    1    1    1    2    1    1    1    1    1
    1    1    1    1    1    1    1    2    1    1    1    1    1    1    1
    1    1    1    1    2    1    1    1    1    1    1    1    1    1    1
    1    1    3    1    1    1    1    1    1    1    1    1    1    1    3
    2    1    1    1    1    1    1    1    1    2    2    1    1    1    1
    1    2    2    1    1    2    3
   -8   -4    0    1    1    0.037596   -0.009712
   -8   -4    0    2    1   -0.024785   -0.019237
   -8   -4    0    1    2    0.049604    0.007855
   -8   -4    0    2    2   -0.021697    0.009712
   -7   -5    0    1    1   -0.015621   -0.000488
   -7   -5    0    2    1   -0.040591    0.009291
   -7   -5    0    1    2   -0.013193   -0.012516
   -7   -5    0    2    2    0.035215    0.000488
   -7   -4    0    1    1    0.008397    0.000158
   -7   -4    0    2    1   -0.038846    0.001869
   -7   -4    0    1    2   -0.002548    0.007344
   -7   -4    0    2    2   -0.001166   -0.000158
   -7   -3    0    1    1    0.009169   -0.000003
   -7   -3    0    2    1   -0.025343   -0.016642
   -7   -3    0    1    2   -0.011403   -0.013328
   -7   -3    0    2    2   -0.001938    0.000003
   -7   -2    0    1    1   -0.014898   -0.001023
   -7   -2    0    2    1   -0.037793    0.000778
   -7   -2    0    1    2   -0.016913   -0.022670
   -7   -2    0    2    2    0.034491    0.001024
   -6   -6    0    1    1    0.008274   -0.000000
   -6   -6    0    2    1   -0.007471   -0.001002
   -6   -6    0    1    2   -0.007471    0.001002
   -6   -6    0    2    2    0.017780    0.000000
   -6   -5    0    1    1   -0.008450   -0.005618
   -6   -5    0    2    1   -0.053793   -0.005973
   -6   -5    0    1    2    0.000100   -0.010943
   -6   -5    0    2    2    0.020752    0.005618
   -6   -4    0    1    1   -0.020185    0.003382
   -6   -4    0    2    1   -0.037995    0.010427
   -6   -4    0    1    2   -0.037159    0.008393
   -6   -4    0    2    2    0.006337   -0.003382
   -6   -3    0    1    1   -0.014458    0.011661
   -6   -3    0    2    1    0.032787    0.011808
   -6   -3    0    1    2   -0.035896    0.008858
   -6   -3    0    2    2   -0.011369   -0.011661
   -6   -2    0    1    1   -0.019533    0.003613
   -6   -2    0    2    1    0.033633    0.011689
   -6   -2    0    1    2    0.001092   -0.010731
   -6   -2    0    2    2    0.005685   -0.003614
   -6   -1    0    1    1   -0.008795   -0.005917
   -6   -1    0    2    1   -0.036985    0.010101
   -6   -1    0    1    2   -0.008916    0.000417
   -6   -1    0    2    2    0.021097    0.005917
   -6    0    0    1    1    0.007011   -0.000000
   -6    0    0    2    1   -0.054801   -0.005848
   -6    0    0    1    2   -0.054801    0.005848
   -6    0    0    2    2    0.019041    0.000000
   -5   -7    0    1    1   -0.015621    0.000488
   -5   -7    0    2    1   -0.013193    0.012516
   -5   -7    0    1    2   -0.040591   -0.009291
   -5   -7    0    2    2    0.035215   -0.000488
   -5   -6    0    1    1   -0.009382    0.004767
   -5   -6    0    2    1   -0.016853    0.022671
   -5   -6    0    1    2    0.006927    0.010405
   -5   -6    0    2    2    0.021687   -0.004767
   -5   -5    0    1    1    0.004887   -0.001256
   -5   -5    0    2    1   -0.005330   -0.002911
   -5   -5    0    1    2    0.051294    0.007046
   -5   -5    0    2    2   -0.020671    0.001256
   -5   -4    0    1    1    0.000800   -0.007920
   -5   -4    0    2    1    0.009830   -0.011166
   -5   -4    0    1    2    0.026355    0.003618
   -5   -4    0    2    2   -0.028813    0.007920
   -5   -3    0    1    1    0.004690    0.001163
   -5   -3    0    2    1    0.050704    0.001025
   -5   -3    0    1    2   -0.008347    0.014430
   -5   -3    0    2    2   -0.021481   -0.001163
   -5   -2    0    1    1    0.005261    0.001888
   -5   -2    0    2    1    0.082020    0.006372
   -5   -2    0    1    2    0.027416    0.005475
   -5   -2    0    2    2   -0.022051   -0.001888
   -5   -1    0    1    1    0.001547   -0.007321
   -5   -1    0    2    1    0.051963    0.001883
   -5   -1    0    1    2    0.051192    0.006799
   -5   -1    0    2    2   -0.029558    0.007321
   -5    0    0    1    1    0.004441   -0.001582
   -5    0    0    2    1    0.010198   -0.011113
   -5    0    0    1    2    0.005857    0.009083
   -5    0    0    2    2   -0.020225    0.001582
   -5    1    0    1    1   -0.010051    0.004942
   -5    1    0    2    1   -0.006594   -0.003700
   -5    1    0    1    2   -0.040486   -0.008878
   -5    1    0    2    2    0.022355   -0.004943
   -5    2    0    1    1   -0.014898    0.001023
   -5    2    0    2    1   -0.016913    0.022670
   -5    2    0    1    2   -0.037793   -0.000778
   -5    2    0    2    2    0.034491   -0.001024
   -4   -8    0    1    1    0.037596    0.009712
   -4   -8    0    2    1    0.049604   -0.007855
   -4   -8    0    1    2   -0.024785    0.019237
   -4   -8    0    2    2   -0.021697   -0.009712
   -4   -7    0    1    1    0.008482    0.000120
   -4   -7    0    2    1    0.048994   -0.009189
   -4   -7    0    1    2    0.030821   -0.008857
   -4   -7    0    2    2   -0.001253   -0.000120
   -4   -6    0    1    1   -0.021287   -0.002998
   -4   -6    0    2    1   -0.013255    0.008531
   -4   -6    0    1    2    0.049737   -0.001172
   -4   -6    0    2    2    0.007443    0.002998
   -4   -5    0    1    1   -0.000144    0.006882
   -4   -5    0    2    1    0.002213    0.007127
   -4   -5    0    1    2    0.029114    0.012704
   -4   -5    0    2    2   -0.027863   -0.006882
   -4   -4    0    1    1    0.029193   -0.000053
   -4   -4    0    2    1    0.052038   -0.007729
   -4   -4    0    1    2    0.017253   -0.002173
   -4   -4    0    2    2   -0.038910    0.000053
   -4   -3    0    1    1    0.037194   -0.008552
   -4   -3    0    2    1    0.025637   -0.012193
   -4   -3    0    1    2    0.002291   -0.001011
   -4   -3    0    2    2   -0.003635    0.008552
   -4   -2    0    1    1    0.044880   -0.004286
   -4   -2    0    2    1   -0.023953   -0.011809
   -4   -2    0    1    2    0.002136    0.000705
   -4   -2    0    2    2    0.019216    0.004286
   -4   -1    0    1    1    0.037758   -0.007027
   -4   -1    0    2    1   -0.023762   -0.010606
   -4   -1    0    1    2    0.017375   -0.000789
   -4   -1    0    2    2   -0.004197    0.007028
   -4    0    0    1    1    0.029794   -0.000380
   -4    0    0    2    1    0.025952   -0.010847
   -4    0    0    1    2    0.029446    0.011016
   -4    0    0    2    2   -0.039508    0.000382
   -4    1    0    1    1   -0.000417    0.005351
   -4    1    0    2    1    0.051777   -0.009015
   -4    1    0    1    2    0.049780   -0.002268
   -4    1    0    2    2   -0.027589   -0.005352
   -4    2    0    1    1   -0.021204   -0.003033
   -4    2    0    2    1    0.001732    0.005375
   -4    2    0    1    2    0.031018   -0.007771
   -4    2    0    2    2    0.007359    0.003032
   -4    3    0    1    1    0.009536    0.001006
   -4    3    0    2    1   -0.012738    0.009546
   -4    3    0    1    2   -0.024543    0.020080
   -4    3    0    2    2   -0.002307   -0.001006
   -4    4    0    1    1    0.037596    0.009712
   -4    4    0    2    1    0.049604   -0.007855
   -4    4    0    1    2   -0.024785    0.019237
   -4    4    0    2    2   -0.021697   -0.009712
   -3   -7    0    1    1    0.009515   -0.000496
   -3   -7    0    2    1    0.045897   -0.008611
   -3   -7    0    1    2    0.033620   -0.010404
   -3   -7    0    2    2   -0.002287    0.000496
   -3   -6    0    1    1   -0.014605   -0.011570
   -3   -6    0    2    1   -0.005727   -0.012062
   -3   -6    0    1    2    0.082688   -0.009318
   -3   -6    0    2    2   -0.011223    0.011570
   -3   -5    0    1    1    0.004930   -0.001052
   -3   -5    0    2    1   -0.036578   -0.011034
   -3   -5    0    1    2   -0.018410    0.009730
   -3   -5    0    2    2   -0.021718    0.001052
   -3   -4    0    1    1    0.039206    0.010554
   -3   -4    0    2    1    0.026241   -0.000897
   -3   -4    0    1    2   -0.090587   -0.001771
   -3   -4    0    2    2   -0.005651   -0.010555
   -3   -3    0    1    1    0.006496    0.002358
   -3   -3    0    2    1    0.013878    0.006234
   -3   -3    0    1    2   -0.034426   -0.013468
   -3   -3    0    2    2    0.042724   -0.002358
   -3   -2    0    1    1   -0.033971    0.013770
   -3   -2    0    2    1   -0.093479    0.005679
   -3   -2    0    1    2   -0.027037    0.003416
   -3   -2    0    2    2    0.073515   -0.013770
   -3   -1    0    1    1   -0.035035    0.015058
   -3   -1    0    2    1   -0.152103    0.005619
   -3   -1    0    1    2   -0.036168   -0.012256
   -3   -1    0    2    2    0.074575   -0.015059
   -3    0    0    1    1    0.005626    0.003610
   -3    0    0    2    1   -0.094773    0.007787
   -3    0    0    1    2   -0.090457   -0.002062
   -3    0    0    2    2    0.043591   -0.003609
   -3    1    0    1    1    0.039586    0.009214
   -3    1    0    2    1    0.013418    0.006822
   -3    1    0    1    2   -0.017229    0.008298
   -3    1    0    2    2   -0.006029   -0.009214
   -3    2    0    1    1    0.004671   -0.002381
   -3    2    0    2    1    0.026679   -0.002727
   -3    2    0    1    2    0.082274   -0.009315
   -3    2    0    2    2   -0.021459    0.002381
   -3    3    0    1    1   -0.015125   -0.010639
   -3    3    0    2    1   -0.036841   -0.011337
   -3    3    0    1    2    0.032541   -0.009491
   -3    3    0    2    2   -0.010703    0.010639
   -3    4    0    1    1    0.009457    0.000460
   -3    4    0    2    1   -0.006572   -0.010034
   -3    4    0    1    2   -0.035255    0.000146
   -3    4    0    2    2   -0.002228   -0.000460
   -2   -7    0    1    1   -0.015432    0.001108
   -2   -7    0    2    1   -0.016236    0.013294
   -2   -7    0    1    2   -0.038258   -0.010274
   -2   -7    0    2    2    0.035028   -0.001108
   -2   -6    0    1    1   -0.020120   -0.003887
   -2   -6    0    2    1   -0.014882    0.012535
   -2   -6    0    1    2    0.050399   -0.005891
   -2   -6    0    2    2    0.006275    0.003886
   -2   -5    0    1    1    0.005408   -0.002958
   -2   -5    0    2    1   -0.035007   -0.008556
   -2   -5    0    1    2   -0.021152    0.006647
   -2   -5    0    2    2   -0.022199    0.002958
   -2   -4    0    1    1    0.047687    0.004733
   -2   -4    0    2    1   -0.007231   -0.008576
   -2   -4    0    1    2   -0.152411   -0.001811
   -2   -4    0    2    2    0.016399   -0.004732
   -2   -3    0    1    1   -0.031865   -0.011273
   -2   -3    0    2    1    0.001825    0.004788
   -2   -3    0    1    2   -0.010011   -0.034564
   -2   -3    0    2    2    0.071394    0.011274
   -2   -2    0    1    1   -0.234336   -0.000997
   -2   -2    0    2    1   -0.029533    0.012827
   -2   -2    0    1    2    0.327084   -0.013306
   -2   -2    0    2    2    0.012553    0.000997
   -2   -1    0    1    1   -0.181024    0.049019
   -2   -1    0    2    1   -0.002019    0.032170
   -2   -1    0    1    2    0.325810   -0.014023
   -2   -1    0    2    2   -0.036282   -0.049023
   -2    0    0    1    1   -0.236419   -0.000528
   -2    0    0    2    1   -0.003305    0.032910
   -2    0    0    1    2   -0.011272   -0.035584
   -2    0    0    2    2    0.014622    0.000526
   -2    1    0    1    1   -0.031447   -0.010688
   -2    1    0    2    1   -0.030515    0.014035
   -2    1    0    1    2   -0.150863   -0.001423
   -2    1    0    2    2    0.070974    0.010688
   -2    2    0    1    1    0.049433    0.004674
   -2    2    0    2    1    0.003515    0.004998
   -2    2    0    1    2   -0.020133    0.007128
   -2    2    0    2    2    0.014655   -0.004674
   -2    3    0    1    1    0.004828   -0.002719
   -2    3    0    2    1   -0.005795   -0.008886
   -2    3    0    1    2    0.048763   -0.005867
   -2    3    0    2    2   -0.021619    0.002719
   -2    4    0    1    1   -0.021645   -0.002999
   -2    4    0    2    1   -0.036367   -0.007829
   -2    4    0    1    2   -0.039495   -0.010381
   -2    4    0    2    2    0.007799    0.002999
   -2    5    0    1    1   -0.015432    0.001108
   -2    5    0    2    1   -0.016236    0.013294
   -2    5    0    1    2   -0.038258   -0.010274
   -2    5    0    2    2    0.035028   -0.001108
   -1   -6    0    1    1   -0.009288    0.006769
   -1   -6    0    2    1   -0.017091    0.023259
   -1   -6    0    1    2    0.007114    0.011077
   -1   -6    0    2    2    0.021596   -0.006769
   -1   -5    0    1    1    0.001328    0.006661
   -1   -5    0    2    1    0.004527    0.010335
   -1   -5    0    1    2    0.026074    0.010289
   -1   -5    0    2    2   -0.029341   -0.006662
   -1   -4    0    1    1    0.038710    0.006400
   -1   -4    0    2    1    0.031015   -0.001579
   -1   -4    0    1    2   -0.096707   -0.001978
   -1   -4    0    2    2   -0.005157   -0.006400
   -1   -3    0    1    1   -0.035941   -0.014619
   -1   -3    0    2    1    0.002226    0.001168
   -1   -3    0    1    2   -0.013629   -0.036325
   -1   -3    0    2    2    0.075485    0.014620
   -1   -2    0    1    1   -0.185430   -0.054631
   -1   -2    0    2    1   -0.026289   -0.007796
   -1   -2    0    1    2    0.345845   -0.017535
   -1   -2    0    2    2   -0.031856    0.054631
   -1   -1    0    1    1    0.495808   -0.005186
   -1   -1    0    2    1    0.317182    0.005440
   -1   -1    0    1    2   -1.809491    0.284458
   -1   -1    0    2    2   -0.830886    0.005181
   -1    0    0    1    1    0.494788   -0.006227
   -1    0    0    2    1    0.331802   -0.003799
   -1    0    0    1    2    0.345958   -0.020373
   -1    0    0    2    2   -0.829891    0.006216
   -1    1    0    1    1   -0.185070   -0.056901
   -1    1    0    2    1    0.315877    0.004328
   -1    1    0    1    2   -0.012930   -0.036950
   -1    1    0    2    2   -0.032222    0.056900
   -1    2    0    1    1   -0.033902   -0.013683
   -1    2    0    2    1   -0.024907   -0.008158
   -1    2    0    1    2   -0.094809    0.000042
   -1    2    0    2    2    0.073449    0.013684
   -1    3    0    1    1    0.040142    0.007149
   -1    3    0    2    1    0.004734    0.001910
   -1    3    0    1    2    0.026198    0.010429
   -1    3    0    2    2   -0.006588   -0.007149
   -1    4    0    1    1    0.000326    0.005850
   -1    4    0    2    1    0.031253   -0.001733
   -1    4    0    1    2    0.005944    0.009535
   -1    4    0    2    2   -0.028342   -0.005850
   -1    5    0    1    1   -0.010171    0.006210
   -1    5    0    2    1    0.002818    0.009427
   -1    5    0    1    2   -0.056415    0.008282
   -1    5    0    2    2    0.022477   -0.006210
    0   -6    0    1    1    0.007225    0.000000
    0   -6    0    2    1   -0.007078   -0.005360
    0   -6    0    1    2   -0.007078    0.005360
    0   -6    0    2    2    0.018834   -0.000000
    0   -5    0    1    1    0.004997    0.001021
    0   -5    0    2    1   -0.006766   -0.003912
    0   -5    0    1    2    0.053718    0.009281
    0   -5    0    2    2   -0.020782   -0.001021
    0   -4    0    1    1    0.030905    0.000365
    0   -4    0    2    1    0.054080   -0.007613
    0   -4    0    1    2    0.016122   -0.001041
    0   -4    0    2    2   -0.040630   -0.000366
    0   -3    0    1    1    0.003854   -0.000853
    0   -3    0    2    1    0.016147   -0.000024
    0   -3    0    1    2   -0.037386   -0.010440
    0   -3    0    2    2    0.045375    0.000853
    0   -2    0    1    1   -0.243628    0.000268
    0   -2    0    2    1   -0.037722    0.009684
    0   -2    0    1    2    0.314113   -0.017681
    0   -2    0    2    2    0.021891   -0.000268
    0   -1    0    1    1    0.489803    0.000881
    0   -1    0    2    1    0.314577    0.019982
    0   -1    0    1    2   -1.833533    0.286742
    0   -1    0    2    2   -0.824812   -0.000878
    0    0    0    1    1   -1.277096    0.000000
    0    0    0    2    1   -1.832331   -0.285034
    0    0    0    1    2   -1.832331    0.285034
    0    0    0    2    2   -5.100071   -0.000000
    0    1    0    1    1    0.489803   -0.000881
    0    1    0    2    1   -1.833533   -0.286742
    0    1    0    1    2    0.314577   -0.019982
    0    1    0    2    2   -0.824812    0.000878
    0    2    0    1    1   -0.243628   -0.000268
    0    2    0    2    1    0.314113    0.017681
    0    2    0    1    2   -0.037722   -0.009684
    0    2    0    2    2    0.021891    0.000268
    0    3    0    1    1    0.003854    0.000853
    0    3    0    2    1   -0.037386    0.010440
    0    3    0    1    2    0.016147    0.000024
    0    3    0    2    2    0.045375   -0.000853
    0    4    0    1    1    0.030905   -0.000365
    0    4    0    2    1    0.016122    0.001041
    0    4    0    1    2    0.054080    0.007613
    0    4    0    2    2   -0.040630    0.000366
    0    5    0    1    1    0.004997   -0.001021
    0    5    0    2    1    0.053718   -0.009281
    0    5    0    1    2   -0.006766    0.003912
    0    5    0    2    2   -0.020782    0.001021
    0    6    0    1    1    0.007225   -0.000000
    0    6    0    2    1   -0.007078   -0.005360
    0    6    0    1    2   -0.007078    0.005360
    0    6    0    2    2    0.018834    0.000000
    1   -5    0    1    1   -0.010171   -0.006210
    1   -5    0    2    1   -0.056415   -0.008282
    1   -5    0    1    2    0.002818   -0.009427
    1   -5    0    2    2    0.022477    0.006210
    1   -4    0    1    1    0.000326   -0.005850
    1   -4    0    2    1    0.005944   -0.009535
    1   -4    0    1    2    0.031253    0.001733
    1   -4    0    2    2   -0.028342    0.005850
    1   -3    0    1    1    0.040142   -0.007149
    1   -3    0    2    1    0.026198   -0.010429
    1   -3    0    1    2    0.004734   -0.001910
    1   -3    0    2    2   -0.006588    0.007149
    1   -2    0    1    1   -0.033902    0.013683
    1   -2    0    2    1   -0.094809   -0.000042
    1   -2    0    1    2   -0.024907    0.008158
    1   -2    0    2    2    0.073449   -0.013684
    1   -1    0    1    1   -0.185070    0.056901
    1   -1    0    2    1   -0.012930    0.036950
    1   -1    0    1    2    0.315877   -0.004328
    1   -1    0    2    2   -0.032222   -0.056900
    1    0    0    1    1    0.494788    0.006227
    1    0    0    2    1    0.345958    0.020373
    1    0    0    1    2    0.331802    0.003799
    1    0    0    2    2   -0.829891   -0.006216
    1    1    0    1    1    0.495808    0.005186
    1    1    0    2    1   -1.809491   -0.284458
    1    1    0    1    2    0.317182   -0.005440
    1    1    0    2    2   -0.830886   -0.005181
    1    2    0    1    1   -0.185430    0.054631
    1    2    0    2    1    0.345845    0.017535
    1    2    0    1    2   -0.026289    0.007796
    1    2    0    2    2   -0.031856   -0.054631
    1    3    0    1    1   -0.035941    0.014619
    1    3    0    2    1   -0.013629    0.036325
    1    3    0    1    2    0.002226   -0.001168
    1    3    0    2    2    0.075485   -0.014620
    1    4    0    1    1    0.038710   -0.006400
    1    4    0    2    1   -0.096707    0.001978
    1    4    0    1    2    0.031015    0.001579
    1    4    0    2    2   -0.005157    0.006400
    1    5    0    1    1    0.001328   -0.006661
    1    5    0    2    1    0.026074   -0.010289
    1    5    0    1    2    0.004527   -0.010335
    1    5    0    2    2   -0.029341    0.006662
    1    6    0    1    1   -0.009288   -0.006769
    1    6    0    2    1    0.007114   -0.011077
    1    6    0    1    2   -0.017091   -0.023259
    1    6    0    2    2    0.021596    0.006769
    2   -5    0    1    1   -0.015432   -0.001108
    2   -5    0    2    1   -0.038258    0.010274
    2   -5    0    1    2   -0.016236   -0.013294
    2   -5    0    2    2    0.035028    0.001108
    2   -4    0    1    1   -0.021645    0.002999
    2   -4    0    2    1   -0.039495    0.010381
    2   -4    0    1    2   -0.036367    0.007829
    2   -4    0    2    2    0.007799   -0.002999
    2   -3    0    1    1    0.004828    0.002719
    2   -3    0    2    1    0.048763    0.005867
    2   -3    0    1    2   -0.005795    0.008886
    2   -3    0    2    2   -0.021619   -0.002719
    2   -2    0    1    1    0.049433   -0.004674
    2   -2    0    2    1   -0.020133   -0.007128
    2   -2    0    1    2    0.003515   -0.004998
    2   -2    0    2    2    0.014655    0.004674
    2   -1    0    1    1   -0.031447    0.010688
    2   -1    0    2    1   -0.150863    0.001423
    2   -1    0    1    2   -0.030515   -0.014035
    2   -1    0    2    2    0.070974   -0.010688
    2    0    0    1    1   -0.236419    0.000528
    2    0    0    2    1   -0.011272    0.035584
    2    0    0    1    2   -0.003305   -0.032910
    2    0    0    2    2    0.014622   -0.000526
    2    1    0    1    1   -0.181024   -0.049019
    2    1    0    2    1    0.325810    0.014023
    2    1    0    1    2   -0.002019   -0.032170
    2    1    0    2    2   -0.036282    0.049023
    2    2    0    1    1   -0.234336    0.000997
    2    2    0    2    1    0.327084    0.013306
    2    2    0    1    2   -0.029533   -0.012827
    2    2    0    2    2    0.012553   -0.000997
    2    3    0    1    1   -0.031865    0.011273
    2    3    0    2    1   -0.010011    0.034564
    2    3    0    1    2    0.001825   -0.004788
    2    3    0    2    2    0.071394   -0.011274
    2    4    0    1    1    0.047687   -0.004733
    2    4    0    2    1   -0.152411    0.001811
    2    4    0    1    2   -0.007231    0.008576
    2    4    0    2    2    0.016399    0.004732
    2    5    0    1    1    0.005408    0.002958
    2    5    0    2    1   -0.021152   -0.006647
    2    5    0    1    2   -0.035007    0.008556
    2    5    0    2    2   -0.022199   -0.002958
    2    6    0    1    1   -0.020120    0.003887
    2    6    0    2    1    0.050399    0.005891
    2    6    0    1    2   -0.014882   -0.012535
    2    6    0    2    2    0.006275   -0.003886
    2    7    0    1    1   -0.015432   -0.001108
    2    7    0    2    1   -0.038258    0.010274
    2    7    0    1    2   -0.016236   -0.013294
    2    7    0    2    2    0.035028    0.001108
    3   -4    0    1    1    0.009457   -0.000460
    3   -4    0    2    1   -0.035255   -0.000146
    3   -4    0    1    2   -0.006572    0.010034
    3   -4    0    2    2   -0.002228    0.000460
    3   -3    0    1    1   -0.015125    0.010639
    3   -3    0    2    1    0.032541    0.009491
    3   -3    0    1    2   -0.036841    0.011337
    3   -3    0    2    2   -0.010703   -0.010639
    3   -2    0    1    1    0.004671    0.002381
    3   -2    0    2    1    0.082274    0.009315
    3   -2    0    1    2    0.026679    0.002727
    3   -2    0    2    2   -0.021459   -0.002381
    3   -1    0    1    1    0.039586   -0.009214
    3   -1    0    2    1   -0.017229   -0.008298
    3   -1    0    1    2    0.013418   -0.006822
    3   -1    0    2    2   -0.006029    0.009214
    3    0    0    1    1    0.005626   -0.003610
    3    0    0    2    1   -0.090457    0.002062
    3    0    0    1    2   -0.094773   -0.007787
    3    0    0    2    2    0.043591    0.003609
    3    1    0    1    1   -0.035035   -0.015058
    3    1    0    2    1   -0.036168    0.012256
    3    1    0    1    2   -0.152103   -0.005619
    3    1    0    2    2    0.074575    0.015059
    3    2    0    1    1   -0.033971   -0.013770
    3    2    0    2    1   -0.027037   -0.003416
    3    2    0    1    2   -0.093479   -0.005679
    3    2    0    2    2    0.073515    0.013770
    3    3    0    1    1    0.006496   -0.002358
    3    3    0    2    1   -0.034426    0.013468
    3    3    0    1    2    0.013878   -0.006234
    3    3    0    2    2    0.042724    0.002358
    3    4    0    1    1    0.039206   -0.010554
    3    4    0    2    1   -0.090587    0.001771
    3    4    0    1    2    0.026241    0.000897
    3    4    0    2    2   -0.005651    0.010555
    3    5    0    1    1    0.004930    0.001052
    3    5    0    2    1   -0.018410   -0.009730
    3    5    0    1    2   -0.036578    0.011034
    3    5    0    2    2   -0.021718   -0.001052
    3    6    0    1    1   -0.014605    0.011570
    3    6    0    2    1    0.082688    0.009318
    3    6    0    1    2   -0.005727    0.012062
    3    6    0    2    2   -0.011223   -0.011570
    3    7    0    1    1    0.009515    0.000496
    3    7    0    2    1    0.033620    0.010404
    3    7    0    1    2    0.045897    0.008611
    3    7    0    2    2   -0.002287   -0.000496
    4   -4    0    1    1    0.037596   -0.009712
    4   -4    0    2    1   -0.024785   -0.019237
    4   -4    0    1    2    0.049604    0.007855
    4   -4    0    2    2   -0.021697    0.009712
    4   -3    0    1    1    0.009536   -0.001006
    4   -3    0    2    1   -0.024543   -0.020080
    4   -3    0    1    2   -0.012738   -0.009546
    4   -3    0    2    2   -0.002307    0.001006
    4   -2    0    1    1   -0.021204    0.003033
    4   -2    0    2    1    0.031018    0.007771
    4   -2    0    1    2    0.001732   -0.005375
    4   -2    0    2    2    0.007359   -0.003032
    4   -1    0    1    1   -0.000417   -0.005351
    4   -1    0    2    1    0.049780    0.002268
    4   -1    0    1    2    0.051777    0.009015
    4   -1    0    2    2   -0.027589    0.005352
    4    0    0    1    1    0.029794    0.000380
    4    0    0    2    1    0.029446   -0.011016
    4    0    0    1    2    0.025952    0.010847
    4    0    0    2    2   -0.039508   -0.000382
    4    1    0    1    1    0.037758    0.007027
    4    1    0    2    1    0.017375    0.000789
    4    1    0    1    2   -0.023762    0.010606
    4    1    0    2    2   -0.004197   -0.007028
    4    2    0    1    1    0.044880    0.004286
    4    2    0    2    1    0.002136   -0.000705
    4    2    0    1    2   -0.023953    0.011809
    4    2    0    2    2    0.019216   -0.004286
    4    3    0    1    1    0.037194    0.008552
    4    3    0    2    1    0.002291    0.001011
    4    3    0    1    2    0.025637    0.012193
    4    3    0    2    2   -0.003635   -0.008552
    4    4    0    1    1    0.029193    0.000053
    4    4    0    2    1    0.017253    0.002173
    4    4    0    1    2    0.052038    0.007729
    4    4    0    2    2   -0.038910   -0.000053
    4    5    0    1    1   -0.000144   -0.006882
    4    5    0    2    1    0.029114   -0.012704
    4    5    0    1    2    0.002213   -0.007127
    4    5    0    2    2   -0.027863    0.006882
    4    6    0    1    1   -0.021287    0.002998
    4    6    0    2    1    0.049737    0.001172
    4    6    0    1    2   -0.013255   -0.008531
    4    6    0    2    2    0.007443   -0.002998
    4    7    0    1    1    0.008482   -0.000120
    4    7    0    2    1    0.030821    0.008857
    4    7    0    1    2    0.048994    0.009189
    4    7    0    2    2   -0.001253    0.000120
    4    8    0    1    1    0.037596   -0.009712
    4    8    0    2    1   -0.024785   -0.019237
    4    8    0    1    2    0.049604    0.007855
    4    8    0    2    2   -0.021697    0.009712
    5   -2    0    1    1   -0.014898   -0.001023
    5   -2    0    2    1   -0.037793    0.000778
    5   -2    0    1    2   -0.016913   -0.022670
    5   -2    0    2    2    0.034491    0.001024
    5   -1    0    1    1   -0.010051   -0.004942
    5   -1    0    2    1   -0.040486    0.008878
    5   -1    0    1    2   -0.006594    0.003700
    5   -1    0    2    2    0.022355    0.004943
    5    0    0    1    1    0.004441    0.001582
    5    0    0    2    1    0.005857   -0.009083
    5    0    0    1    2    0.010198    0.011113
    5    0    0    2    2   -0.020225   -0.001582
    5    1    0    1    1    0.001547    0.007321
    5    1    0    2    1    0.051192   -0.006799
    5    1    0    1    2    0.051963   -0.001883
    5    1    0    2    2   -0.029558   -0.007321
    5    2    0    1    1    0.005261   -0.001888
    5    2    0    2    1    0.027416   -0.005475
    5    2    0    1    2    0.082020   -0.006372
    5    2    0    2    2   -0.022051    0.001888
    5    3    0    1    1    0.004690   -0.001163
    5    3    0    2    1   -0.008347   -0.014430
    5    3    0    1    2    0.050704   -0.001025
    5    3    0    2    2   -0.021481    0.001163
    5    4    0    1    1    0.000800    0.007920
    5    4    0    2    1    0.026355   -0.003618
    5    4    0    1    2    0.009830    0.011166
    5    4    0    2    2   -0.028813   -0.007920
    5    5    0    1    1    0.004887    0.001256
    5    5    0    2    1    0.051294   -0.007046
    5    5    0    1    2   -0.005330    0.002911
    5    5    0    2    2   -0.020671   -0.001256
    5    6    0    1    1   -0.009382   -0.004767
    5    6    0    2    1    0.006927   -0.010405
    5    6    0    1    2   -0.016853   -0.022671
    5    6    0    2    2    0.021687    0.004767
    5    7    0    1    1   -0.015621   -0.000488
    5    7    0    2    1   -0.040591    0.009291
    5    7    0    1    2   -0.013193   -0.012516
    5    7    0    2    2    0.035215    0.000488
    6    0    0    1    1    0.007011    0.000000
    6    0    0    2    1   -0.054801   -0.005848
    6    0    0    1    2   -0.054801    0.005848
    6    0    0    2    2    0.019041   -0.000000
    6    1    0    1    1   -0.008795    0.005917
    6    1    0    2    1   -0.008916   -0.000417
    6    1    0    1    2   -0.036985   -0.010101
    6    1    0    2    2    0.021097   -0.005917
    6    2    0    1    1   -0.019533   -0.003613
    6    2    0    2    1    0.001092    0.010731
    6    2    0    1    2    0.033633   -0.011689
    6    2    0    2    2    0.005685    0.003614
    6    3    0    1    1   -0.014458   -0.011661
    6    3    0    2    1   -0.035896   -0.008858
    6    3    0    1    2    0.032787   -0.011808
    6    3    0    2    2   -0.011369    0.011661
    6    4    0    1    1   -0.020185   -0.003382
    6    4    0    2    1   -0.037159   -0.008393
    6    4    0    1    2   -0.037995   -0.010427
    6    4    0    2    2    0.006337    0.003382
    6    5    0    1    1   -0.008450    0.005618
    6    5    0    2    1    0.000100    0.010943
    6    5    0    1    2   -0.053793    0.005973
    6    5    0    2    2    0.020752   -0.005618
    6    6    0    1    1    0.008274    0.000000
    6    6    0    2    1   -0.007471   -0.001002
    6    6    0    1    2   -0.007471    0.001002
    6    6    0    2    2    0.017780   -0.000000
    7    2    0    1    1   -0.014898    0.001023
    7    2    0    2    1   -0.016913    0.022670
    7    2    0    1    2   -0.037793   -0.000778
    7    2    0    2    2    0.034491   -0.001024
    7    3    0    1    1    0.009169    0.000003
    7    3    0    2    1   -0.011403    0.013328
    7    3    0    1    2   -0.025343    0.016642
    7    3    0    2    2   -0.001938   -0.000003
    7    4    0    1    1    0.008397   -0.000158
    7    4    0    2    1   -0.002548   -0.007344
    7    4    0    1    2   -0.038846   -0.001869
    7    4    0    2    2   -0.001166    0.000158
    7    5    0    1    1   -0.015621    0.000488
    7    5    0    2    1   -0.013193    0.012516
    7    5    0    1    2   -0.040591   -0.009291
    7    5    0    2    2    0.035215   -0.000488
    8    4    0    1    1    0.037596    0.009712
    8    4    0    2    1    0.049604   -0.007855
    8    4    0    1    2   -0.024785    0.019237
    8    4    0    2    2   -0.021697   -0.009712
