Dynamical matrix file
File generated with the CellConstructor by Lorenzo Monacelli
1 2 0     1.8897259890000000     0.0000000000000000     0.0000000000000000     0.0000000000000000     0.0000000000000000     0.0000000000000000
Basis vectors
    2.4600000000000000     0.0000000000000000     0.0000000000000000
   -1.2300000000000000     2.1304224933097187     0.0000000000000000
    0.0000000000000000     0.0000000000000000    15.0000000000000000
	1  'C '  10947.3571678344233078
    1     1     0.0000000000000000    -0.0000000000000002     7.4999999999999982
    2     1     1.2299999999999998     0.7101408311032394     7.4999999999999982

     Dynamical Matrix in cartesian axes

     q = (     0.067750677507    -0.117347615689     0.000000000000 )

    1    1
     1.1698049391245631    -0.0000000000000000       -0.1409513002407893     0.0109619151759226       -0.0000000000000000     0.0000000000000000
    -0.1409513002407894    -0.0109619151759226        1.3325614813978586     0.0000000000000000       -0.0000000000000000     0.0000000000000000
     0.0000000000000000    -0.0000000000000000        0.0000000000000000    -0.0000000000000000        0.3057959919865654     0.0000000000000000
    1    2
    -0.7337576965305361     0.2058999952086009        0.0019781301081004    -0.1188764176598285       -0.0000000000000000    -0.0000000000000000
     0.0019781301081004    -0.1188764176598285       -0.7360418444313439    -0.2058999952086013       -0.0000000000000000    -0.0000000000000000
     0.0000000000000000    -0.0000000000000000        0.0000000000000000    -0.0000000000000000       -0.2706046622200813    -0.0000000000000001
    2    1
    -0.7337576965305361    -0.2058999952086009        0.0019781301081004     0.1188764176598285        0.0000000000000000    -0.0000000000000000
     0.0019781301081004     0.1188764176598285       -0.7360418444313439     0.2058999952086013        0.0000000000000000    -0.0000000000000000
    -0.0000000000000000    -0.0000000000000000       -0.0000000000000000    -0.0000000000000000       -0.2706046622200813     0.0000000000000001
    2    2
     1.1698049391245631     0.0000000000000000       -0.1409513002407893    -0.0109619151759226        0.0000000000000000     0.0000000000000000
    -0.1409513002407894     0.0109619151759226        1.3325614813978586    -0.0000000000000000        0.0000000000000000     0.0000000000000000
    -0.0000000000000000    -0.0000000000000000       -0.0000000000000000    -0.0000000000000000        0.3057959919865654     0.0000000000000000

     Dynamical Matrix in cartesian axes

     q = (    -0.067750677507     0.117347615689     0.000000000000 )

    1    1
     1.1698049391245631     0.0000000000000000       -0.1409513002407893    -0.0109619151759226       -0.0000000000000000     0.0000000000000000
    -0.1409513002407894     0.0109619151759226        1.3325614813978586    -0.0000000000000000       -0.0000000000000000     0.0000000000000000
     0.0000000000000000     0.0000000000000000        0.0000000000000000     0.0000000000000000        0.3057959919865654     0.0000000000000000
    1    2
    -0.7337576965305361    -0.2058999952086009        0.0019781301081004     0.1188764176598285       -0.0000000000000000     0.0000000000000000
     0.0019781301081004     0.1188764176598285       -0.7360418444313439     0.2058999952086013       -0.0000000000000000     0.0000000000000000
     0.0000000000000000    -0.0000000000000000        0.0000000000000000    -0.0000000000000000       -0.2706046622200813     0.0000000000000001
    2    1
    -0.7337576965305361     0.2058999952086009        0.0019781301081004    -0.1188764176598285        0.0000000000000000     0.0000000000000000
     0.0019781301081004    -0.1188764176598285       -0.7360418444313439    -0.2058999952086013        0.0000000000000000     0.0000000000000000
    -0.0000000000000000    -0.0000000000000000       -0.0000000000000000    -0.0000000000000000       -0.2706046622200813    -0.0000000000000001
    2    2
     1.1698049391245631    -0.0000000000000000       -0.1409513002407893     0.0109619151759226        0.0000000000000000     0.0000000000000000
    -0.1409513002407894    -0.0109619151759226        1.3325614813978586     0.0000000000000000        0.0000000000000000     0.0000000000000000
    -0.0000000000000000     0.0000000000000000       -0.0000000000000000     0.0000000000000000        0.3057959919865654     0.0000000000000000

     Dynamical Matrix in cartesian axes

     q = (    -0.067750677507    -0.117347615689     0.000000000000 )

    1    1
     1.1698049391245631    -0.0000000000000000        0.1409513002407892    -0.0109619151759226       -0.0000000000000000     0.0000000000000000
     0.1409513002407893     0.0109619151759226        1.3325614813978586     0.0000000000000000       -0.0000000000000000     0.0000000000000000
     0.0000000000000000    -0.0000000000000000        0.0000000000000000     0.0000000000000000        0.3057959919865654     0.0000000000000000
    1    2
    -0.5451934592373850    -0.5325028237009395       -0.1039390643405135     0.0577250948754278       -0.0000000000000000    -0.0000000000000000
    -0.1039390643405136     0.0577250948754278       -0.1897062741505427    -0.7403809386584153       -0.0000000000000000    -0.0000000000000000
    -0.0000000000000000    -0.0000000000000000       -0.0000000000000000    -0.0000000000000000       -0.1353023242808495    -0.2343505158079327
    2    1
    -0.5451934592373850     0.5325028237009395       -0.1039390643405135    -0.0577250948754278        0.0000000000000000    -0.0000000000000000
    -0.1039390643405136    -0.0577250948754278       -0.1897062741505427     0.7403809386584153        0.0000000000000000    -0.0000000000000000
     0.0000000000000000    -0.0000000000000000        0.0000000000000000    -0.0000000000000000       -0.1353023242808495     0.2343505158079327
    2    2
     1.1698049391245631     0.0000000000000000        0.1409513002407892     0.0109619151759226        0.0000000000000000     0.0000000000000000
     0.1409513002407893    -0.0109619151759226        1.3325614813978586    -0.0000000000000000        0.0000000000000000     0.0000000000000000
    -0.0000000000000000    -0.0000000000000000       -0.0000000000000000     0.0000000000000000        0.3057959919865654     0.0000000000000000

     Dynamical Matrix in cartesian axes

     q = (     0.067750677507     0.117347615689     0.000000000000 )

    1    1
     1.1698049391245631     0.0000000000000000        0.1409513002407892     0.0109619151759226       -0.0000000000000000     0.0000000000000000
     0.1409513002407893    -0.0109619151759226        1.3325614813978586    -0.0000000000000000       -0.0000000000000000     0.0000000000000000
     0.0000000000000000     0.0000000000000000        0.0000000000000000    -0.0000000000000000        0.3057959919865654     0.0000000000000000
    1    2
    -0.5451934592373853     0.5325028237009395       -0.1039390643405135    -0.0577250948754278       -0.0000000000000000     0.0000000000000000
    -0.1039390643405136    -0.0577250948754278       -0.1897062741505427     0.7403809386584153        0.0000000000000000     0.0000000000000000
    -0.0000000000000000     0.0000000000000000       -0.0000000000000000     0.0000000000000000       -0.1353023242808495     0.2343505158079327
    2    1
    -0.5451934592373853    -0.5325028237009395       -0.1039390643405135     0.0577250948754278        0.0000000000000000     0.0000000000000000
    -0.1039390643405136     0.0577250948754278       -0.1897062741505427    -0.7403809386584153       -0.0000000000000000     0.0000000000000000
     0.0000000000000000     0.0000000000000000        0.0000000000000000     0.0000000000000000       -0.1353023242808495    -0.2343505158079327
    2    2
     1.1698049391245631    -0.0000000000000000        0.1409513002407892    -0.0109619151759226        0.0000000000000000     0.0000000000000000
     0.1409513002407893     0.0109619151759226        1.3325614813978586     0.0000000000000000        0.0000000000000000     0.0000000000000000
    -0.0000000000000000     0.0000000000000000       -0.0000000000000000    -0.0000000000000000        0.3057959919865654     0.0000000000000000

     Dynamical Matrix in cartesian axes

     q = (     0.135501355014     0.000000000000     0.000000000000 )

    1    1
     1.4139397525345054     0.0000000000000000        0.0000000000000000    -0.0109619151759226        0.0000000000000000     0.0000000000000000
     0.0000000000000000     0.0109619151759226        1.0884266679879162     0.0000000000000000       -0.0000000000000000     0.0000000000000000
     0.0000000000000000     0.0000000000000000        0.0000000000000000    -0.0000000000000000        0.3057959919865654     0.0000000000000000
    1    2
    -0.3685919405867233     0.6384200113210587       -0.2058999986727699    -0.1188764116597118       -0.0000000000000000    -0.0000000000000000
    -0.2058999986727699    -0.1188764116597118       -0.3663077928012047     0.6344637510382960       -0.0000000000000000     0.0000000000000000
    -0.0000000000000000     0.0000000000000000        0.0000000000000000    -0.0000000000000000       -0.1353023242808495     0.2343505158079327
    2    1
    -0.3685919405867233    -0.6384200113210587       -0.2058999986727699     0.1188764116597118        0.0000000000000000    -0.0000000000000000
    -0.2058999986727699     0.1188764116597118       -0.3663077928012047    -0.6344637510382960        0.0000000000000000     0.0000000000000000
     0.0000000000000000     0.0000000000000000       -0.0000000000000000    -0.0000000000000000       -0.1353023242808495    -0.2343505158079327
    2    2
     1.4139397525345054     0.0000000000000000        0.0000000000000000     0.0109619151759226        0.0000000000000000     0.0000000000000000
     0.0000000000000000    -0.0109619151759226        1.0884266679879162    -0.0000000000000000        0.0000000000000000     0.0000000000000000
     0.0000000000000000     0.0000000000000000       -0.0000000000000000    -0.0000000000000000        0.3057959919865654     0.0000000000000000

     Dynamical Matrix in cartesian axes

     q = (    -0.135501355014     0.000000000000     0.000000000000 )

    1    1
     1.4139397525345054     0.0000000000000000        0.0000000000000000     0.0109619151759226        0.0000000000000000     0.0000000000000000
     0.0000000000000000    -0.0109619151759226        1.0884266679879162    -0.0000000000000000       -0.0000000000000000     0.0000000000000000
     0.0000000000000000     0.0000000000000000        0.0000000000000000     0.0000000000000000        0.3057959919865654     0.0000000000000000
    1    2
    -0.3685919405867233    -0.6384200113210586       -0.2058999986727699     0.1188764116597118        0.0000000000000000    -0.0000000000000000
    -0.2058999986727699     0.1188764116597118       -0.3663077928012047    -0.6344637510382960        0.0000000000000000     0.0000000000000000
    -0.0000000000000000    -0.0000000000000000       -0.0000000000000000    -0.0000000000000000       -0.1353023242808495    -0.2343505158079327
    2    1
    -0.3685919405867233     0.6384200113210586       -0.2058999986727699    -0.1188764116597118       -0.0000000000000000    -0.0000000000000000
    -0.2058999986727699    -0.1188764116597118       -0.3663077928012047     0.6344637510382960       -0.0000000000000000     0.0000000000000000
     0.0000000000000000    -0.0000000000000000        0.0000000000000000    -0.0000000000000000       -0.1353023242808495     0.2343505158079327
    2    2
     1.4139397525345054     0.0000000000000000        0.0000000000000000    -0.0109619151759226        0.0000000000000000     0.0000000000000000
     0.0000000000000000     0.0109619151759226        1.0884266679879162     0.0000000000000000        0.0000000000000000     0.0000000000000000
     0.0000000000000000     0.0000000000000000       -0.0000000000000000     0.0000000000000000        0.3057959919865654     0.0000000000000000

     Diagonalizing the dynamical matrix

     q = (     0.067750677507    -0.117347615689     0.000000000000 )

***************************************************************************
   freq (    1) =     5.89845770 [THz] =   196.75134252 [cm-1]
(  -0.000000  0.000000  -0.000000  0.000000  -0.096740  0.700458 )
(  -0.000000  0.000000  -0.000000  0.000000  -0.096740  0.700458 )
   freq (    2) =    17.84199190 [THz] =   595.14470340 [cm-1]
(   0.608656  0.000000   0.342798  0.109673  -0.000000 -0.000000 )
(   0.601199  0.094979   0.355712 -0.054836  -0.000000  0.000000 )
   freq (    3) =    23.87167335 [THz] =   796.27319830 [cm-1]
(   0.000000  0.000000  -0.000000 -0.000000  -0.540237  0.456228 )
(   0.000000  0.000000  -0.000000 -0.000000   0.540237 -0.456228 )
   freq (    4) =    25.02508507 [THz] =   834.74686641 [cm-1]
(  -0.365782  0.000000   0.550248  0.251854  -0.000000  0.000000 )
(  -0.293638 -0.218112   0.591900  0.125927   0.000000 -0.000000 )
   freq (    5) =    42.93233965 [THz] =  1432.06849803 [cm-1]
(   0.605148  0.000000   0.332598  0.152233  -0.000000  0.000000 )
(  -0.590612 -0.131838  -0.357774  0.076117   0.000000 -0.000000 )
   freq (    6) =    46.47727250 [THz] =  1550.31471317 [cm-1]
(  -0.359914  0.000000   0.579709  0.185469  -0.000000 -0.000000 )
(   0.322086  0.160621  -0.601550 -0.092734   0.000000 -0.000000 )
***************************************************************************
