Dynamical matrix file
File generated with the CellConstructor by Lorenzo Monacelli
1 2 0     1.8897259890000000     0.0000000000000000     0.0000000000000000     0.0000000000000000     0.0000000000000000     0.0000000000000000
Basis vectors
    2.4600000000000000     0.0000000000000000     0.0000000000000000
   -1.2300000000000000     2.1304224933097187     0.0000000000000000
    0.0000000000000000     0.0000000000000000    15.0000000000000000
	1  'C '  10947.3571678344233078
    1     1     0.0000000000000000    -0.0000000000000002     7.4999999999999982
    2     1     1.2299999999999998     0.7101408311032394     7.4999999999999982

     Dynamical Matrix in cartesian axes

     q = (    -0.203252032520     0.117347615689     0.000000000000 )

    1    1
     1.4593986922571465     0.0000000000000000       -0.2393259193161208     0.0000000000000000       -0.0000000000000000     0.0000000000000000
    -0.2393259193161210     0.0000000000000000        1.1830489243747127     0.0000000000000000       -0.0000000000000000     0.0000000000000000
     0.0000000000000000     0.0000000000000000       -0.0000000000000000     0.0000000000000000        0.2770210321942049     0.0000000000000000
    1    2
    -0.1643709041532844     0.0000000000000000       -0.3064493133510650     0.0000000000000000        0.0000000000000000     0.0000000000000000
    -0.3064493133510649     0.0000000000000000       -0.5182280912657112     0.0000000000000000        0.0000000000000000     0.0000000000000000
    -0.0000000000000000     0.0000000000000000       -0.0000000000000000     0.0000000000000000       -0.0799714105564805     0.0000000000000000
    2    1
    -0.1643709041532844     0.0000000000000000       -0.3064493133510650     0.0000000000000000       -0.0000000000000000     0.0000000000000000
    -0.3064493133510649     0.0000000000000000       -0.5182280912657112     0.0000000000000000       -0.0000000000000000     0.0000000000000000
     0.0000000000000000     0.0000000000000000        0.0000000000000000     0.0000000000000000       -0.0799714105564805     0.0000000000000000
    2    2
     1.4593986922571465     0.0000000000000000       -0.2393259193161208     0.0000000000000000        0.0000000000000000     0.0000000000000000
    -0.2393259193161210     0.0000000000000000        1.1830489243747127     0.0000000000000000        0.0000000000000000     0.0000000000000000
    -0.0000000000000000     0.0000000000000000        0.0000000000000000     0.0000000000000000        0.2770210321942049     0.0000000000000000

     Dynamical Matrix in cartesian axes

     q = (     0.203252032520     0.117347615689     0.000000000000 )

    1    1
     1.4593986922571465     0.0000000000000000        0.2393259193161209     0.0000000000000000       -0.0000000000000000     0.0000000000000000
     0.2393259193161208     0.0000000000000000        1.1830489243747129     0.0000000000000000       -0.0000000000000000     0.0000000000000000
     0.0000000000000000     0.0000000000000000        0.0000000000000000     0.0000000000000000        0.2770210321942049     0.0000000000000000
    1    2
     0.1643709041532842     0.0000000000000000       -0.3064493133510645     0.0000000000000000       -0.0000000000000000     0.0000000000000000
    -0.3064493133510645     0.0000000000000000        0.5182280912657106     0.0000000000000000        0.0000000000000000     0.0000000000000000
     0.0000000000000000     0.0000000000000000       -0.0000000000000000     0.0000000000000000        0.0799714105564804     0.0000000000000000
    2    1
     0.1643709041532842     0.0000000000000000       -0.3064493133510645     0.0000000000000000        0.0000000000000000     0.0000000000000000
    -0.3064493133510645     0.0000000000000000        0.5182280912657106     0.0000000000000000       -0.0000000000000000     0.0000000000000000
     0.0000000000000000     0.0000000000000000        0.0000000000000000     0.0000000000000000        0.0799714105564804     0.0000000000000000
    2    2
     1.4593986922571465     0.0000000000000000        0.2393259193161209     0.0000000000000000        0.0000000000000000     0.0000000000000000
     0.2393259193161208     0.0000000000000000        1.1830489243747129     0.0000000000000000        0.0000000000000000     0.0000000000000000
    -0.0000000000000000     0.0000000000000000       -0.0000000000000000     0.0000000000000000        0.2770210321942049     0.0000000000000000

     Dynamical Matrix in cartesian axes

     q = (     0.000000000000     0.234695231378     0.000000000000 )

    1    1
     1.0448740404334953     0.0000000000000000        0.0000000000000000     0.0000000000000000       -0.0000000000000000     0.0000000000000000
     0.0000000000000000     0.0000000000000000        1.5975735761983638     0.0000000000000000       -0.0000000000000000     0.0000000000000000
    -0.0000000000000000     0.0000000000000000        0.0000000000000000     0.0000000000000000        0.2770210321942049     0.0000000000000000
    1    2
    -0.6951566848219244     0.0000000000000000       -0.0000000000000001     0.0000000000000000       -0.0000000000000000     0.0000000000000000
    -0.0000000000000000     0.0000000000000000        0.0125576894029288     0.0000000000000000        0.0000000000000000     0.0000000000000000
     0.0000000000000000     0.0000000000000000       -0.0000000000000000     0.0000000000000000       -0.0799714105564805     0.0000000000000000
    2    1
    -0.6951566848219244     0.0000000000000000       -0.0000000000000001     0.0000000000000000        0.0000000000000000     0.0000000000000000
    -0.0000000000000000     0.0000000000000000        0.0125576894029288     0.0000000000000000       -0.0000000000000000     0.0000000000000000
    -0.0000000000000000     0.0000000000000000        0.0000000000000000     0.0000000000000000       -0.0799714105564805     0.0000000000000000
    2    2
     1.0448740404334953     0.0000000000000000        0.0000000000000000     0.0000000000000000        0.0000000000000000     0.0000000000000000
     0.0000000000000000     0.0000000000000000        1.5975735761983638     0.0000000000000000        0.0000000000000000     0.0000000000000000
     0.0000000000000000     0.0000000000000000       -0.0000000000000000     0.0000000000000000        0.2770210321942049     0.0000000000000000

     Diagonalizing the dynamical matrix

     q = (    -0.203252032520     0.117347615689     0.000000000000 )

***************************************************************************
   freq (    1) =    13.95752561 [THz] =   465.57287339 [cm-1]
(   0.000000  0.000000  -0.000000  0.000000  -0.707107  0.000000 )
(  -0.000000  0.000000   0.000000  0.000000  -0.707107  0.000000 )
   freq (    2) =    18.59427388 [THz] =   620.23812555 [cm-1]
(   0.353553  0.000000   0.612372  0.000000  -0.000000  0.000000 )
(   0.353553  0.000000   0.612372  0.000000   0.000000  0.000000 )
   freq (    3) =    18.78668450 [THz] =   626.65625192 [cm-1]
(  -0.000000  0.000000  -0.000000  0.000000  -0.707107  0.000000 )
(  -0.000000  0.000000  -0.000000  0.000000   0.707107  0.000000 )
   freq (    4) =    39.58561900 [THz] =  1320.43392958 [cm-1]
(   0.612372  0.000000  -0.353553  0.000000   0.000000  0.000000 )
(  -0.612372  0.000000   0.353553  0.000000   0.000000  0.000000 )
   freq (    5) =    39.89801344 [THz] =  1330.85428477 [cm-1]
(   0.612372  0.000000  -0.353553  0.000000  -0.000000  0.000000 )
(   0.612372  0.000000  -0.353553  0.000000   0.000000  0.000000 )
   freq (    6) =    41.47621234 [THz] =  1383.49732604 [cm-1]
(  -0.353553  0.000000  -0.612372  0.000000  -0.000000  0.000000 )
(   0.353553  0.000000   0.612372  0.000000   0.000000  0.000000 )
***************************************************************************
