Dynamical matrix file
File generated with the CellConstructor by Lorenzo Monacelli
1 2 0     1.8897259890000000     0.0000000000000000     0.0000000000000000     0.0000000000000000     0.0000000000000000     0.0000000000000000
Basis vectors
    2.4600000000000000     0.0000000000000000     0.0000000000000000
   -1.2300000000000000     2.1304224933097187     0.0000000000000000
    0.0000000000000000     0.0000000000000000    15.0000000000000000
	1  'C '  10947.3571678344233078
    1     1     0.0000000000000000    -0.0000000000000002     7.4999999999999982
    2     1     1.2299999999999998     0.7101408311032394     7.4999999999999982

     Dynamical Matrix in cartesian axes

     q = (     0.067750677507     0.195579359482     0.000000000000 )

    1    1
     1.1235345587694043     0.0000000000000000        0.0602376016300308     0.0207748819820578        0.0000000000000000     0.0000000000000000
     0.0602376016300309    -0.0207748819820578        1.4683249029458081    -0.0000000000000000        0.0000000000000000     0.0000000000000000
     0.0000000000000000     0.0000000000000000        0.0000000000000000     0.0000000000000000        0.2731672936544734     0.0000000000000000
    1    2
    -0.4424357685966933     0.3481390843015121       -0.0633334470500109    -0.0522945966079260        0.0000000000000000     0.0000000000000000
    -0.0633334470500109    -0.0522945966079260        0.1101370120757744     0.2637765470779610        0.0000000000000000     0.0000000000000000
     0.0000000000000000     0.0000000000000000        0.0000000000000000     0.0000000000000000       -0.0417074617304098     0.1206873988117431
    2    1
    -0.4424357685966933    -0.3481390843015121       -0.0633334470500109     0.0522945966079260        0.0000000000000000     0.0000000000000000
    -0.0633334470500109     0.0522945966079260        0.1101370120757744    -0.2637765470779610        0.0000000000000000     0.0000000000000000
     0.0000000000000000     0.0000000000000000        0.0000000000000000     0.0000000000000000       -0.0417074617304098    -0.1206873988117431
    2    2
     1.1235345587694043    -0.0000000000000000        0.0602376016300308    -0.0207748819820578        0.0000000000000000     0.0000000000000000
     0.0602376016300309     0.0207748819820578        1.4683249029458081     0.0000000000000000        0.0000000000000000     0.0000000000000000
     0.0000000000000000     0.0000000000000000        0.0000000000000000     0.0000000000000000        0.2731672936544734     0.0000000000000000

     Dynamical Matrix in cartesian axes

     q = (    -0.067750677507    -0.195579359482     0.000000000000 )

    1    1
     1.1235345587694043    -0.0000000000000000        0.0602376016300308    -0.0207748819820578        0.0000000000000000     0.0000000000000000
     0.0602376016300309     0.0207748819820578        1.4683249029458081     0.0000000000000000        0.0000000000000000     0.0000000000000000
     0.0000000000000000     0.0000000000000000        0.0000000000000000     0.0000000000000000        0.2731672936544734     0.0000000000000000
    1    2
    -0.4424357685966933    -0.3481390843015121       -0.0633334470500109     0.0522945966079260        0.0000000000000000     0.0000000000000000
    -0.0633334470500109     0.0522945966079260        0.1101370120757744    -0.2637765470779610        0.0000000000000000     0.0000000000000000
     0.0000000000000000     0.0000000000000000        0.0000000000000000     0.0000000000000000       -0.0417074617304098    -0.1206873988117431
    2    1
    -0.4424357685966933     0.3481390843015121       -0.0633334470500109    -0.0522945966079260        0.0000000000000000     0.0000000000000000
    -0.0633334470500109    -0.0522945966079260        0.1101370120757744     0.2637765470779610        0.0000000000000000     0.0000000000000000
     0.0000000000000000     0.0000000000000000        0.0000000000000000     0.0000000000000000       -0.0417074617304098     0.1206873988117431
    2    2
     1.1235345587694043     0.0000000000000000        0.0602376016300308     0.0207748819820578        0.0000000000000000     0.0000000000000000
     0.0602376016300309    -0.0207748819820578        1.4683249029458081    -0.0000000000000000        0.0000000000000000     0.0000000000000000
     0.0000000000000000     0.0000000000000000        0.0000000000000000     0.0000000000000000        0.2731672936544734     0.0000000000000000

     Dynamical Matrix in cartesian axes

     q = (    -0.067750677507     0.195579359482     0.000000000000 )

    1    1
     1.1235345587694043     0.0000000000000000       -0.0602376016300308    -0.0207748819820578        0.0000000000000000     0.0000000000000000
    -0.0602376016300309     0.0207748819820578        1.4683249029458081    -0.0000000000000000        0.0000000000000000     0.0000000000000000
     0.0000000000000000     0.0000000000000000        0.0000000000000000     0.0000000000000000        0.2731672936544734     0.0000000000000000
    1    2
    -0.5227151692606006    -0.2090910882292782       -0.0136217279784070     0.0809956719615593        0.0000000000000000     0.0000000000000000
    -0.0136217279784070     0.0809956719615593       -0.1733686912770193     0.2272697188413904        0.0000000000000000     0.0000000000000000
     0.0000000000000000     0.0000000000000000        0.0000000000000000     0.0000000000000000       -0.1253720848587474     0.0242239743665107
    2    1
    -0.5227151692606006     0.2090910882292782       -0.0136217279784070    -0.0809956719615593        0.0000000000000000     0.0000000000000000
    -0.0136217279784070    -0.0809956719615593       -0.1733686912770193    -0.2272697188413904        0.0000000000000000     0.0000000000000000
     0.0000000000000000     0.0000000000000000        0.0000000000000000     0.0000000000000000       -0.1253720848587474    -0.0242239743665107
    2    2
     1.1235345587694043    -0.0000000000000000       -0.0602376016300308     0.0207748819820578        0.0000000000000000     0.0000000000000000
    -0.0602376016300309    -0.0207748819820578        1.4683249029458081     0.0000000000000000        0.0000000000000000     0.0000000000000000
     0.0000000000000000     0.0000000000000000        0.0000000000000000     0.0000000000000000        0.2731672936544734     0.0000000000000000

     Dynamical Matrix in cartesian axes

     q = (     0.067750677507    -0.195579359482     0.000000000000 )

    1    1
     1.1235345587694043    -0.0000000000000000       -0.0602376016300308     0.0207748819820578        0.0000000000000000     0.0000000000000000
    -0.0602376016300309    -0.0207748819820578        1.4683249029458081     0.0000000000000000        0.0000000000000000     0.0000000000000000
     0.0000000000000000     0.0000000000000000        0.0000000000000000     0.0000000000000000        0.2731672936544734     0.0000000000000000
    1    2
    -0.5227151692606006     0.2090910882292782       -0.0136217279784070    -0.0809956719615593        0.0000000000000000     0.0000000000000000
    -0.0136217279784070    -0.0809956719615593       -0.1733686912770193    -0.2272697188413904        0.0000000000000000     0.0000000000000000
     0.0000000000000000     0.0000000000000000        0.0000000000000000     0.0000000000000000       -0.1253720848587474    -0.0242239743665107
    2    1
    -0.5227151692606006    -0.2090910882292782       -0.0136217279784070     0.0809956719615593        0.0000000000000000     0.0000000000000000
    -0.0136217279784070     0.0809956719615593       -0.1733686912770193     0.2272697188413904        0.0000000000000000     0.0000000000000000
     0.0000000000000000     0.0000000000000000        0.0000000000000000     0.0000000000000000       -0.1253720848587474     0.0242239743665107
    2    2
     1.1235345587694043     0.0000000000000000       -0.0602376016300308    -0.0207748819820578        0.0000000000000000     0.0000000000000000
    -0.0602376016300309     0.0207748819820578        1.4683249029458081    -0.0000000000000000        0.0000000000000000     0.0000000000000000
     0.0000000000000000     0.0000000000000000        0.0000000000000000     0.0000000000000000        0.2731672936544734     0.0000000000000000

     Dynamical Matrix in cartesian axes

     q = (    -0.135501355014     0.156463487585     0.000000000000 )

    1    1
     1.3299600236270532     0.0000000000000000       -0.1794173993331880    -0.0207748819820578        0.0000000000000000     0.0000000000000000
    -0.1794173993331880     0.0207748819820578        1.2618994380881592    -0.0000000000000000        0.0000000000000000     0.0000000000000000
     0.0000000000000000     0.0000000000000000        0.0000000000000000     0.0000000000000000        0.2731672936544734     0.0000000000000000
    1    2
    -0.2725020732456562    -0.1883238265890244       -0.1580823263174048     0.1484519360887601        0.0000000000000000     0.0000000000000000
    -0.1580823263174048     0.1484519360887601       -0.4235817872919637     0.1701451959769126        0.0000000000000000     0.0000000000000000
     0.0000000000000000     0.0000000000000000        0.0000000000000000     0.0000000000000000       -0.1253720848587475    -0.0242239743665107
    2    1
    -0.2725020732456562     0.1883238265890244       -0.1580823263174048    -0.1484519360887601        0.0000000000000000     0.0000000000000000
    -0.1580823263174048    -0.1484519360887601       -0.4235817872919637    -0.1701451959769126        0.0000000000000000     0.0000000000000000
     0.0000000000000000     0.0000000000000000        0.0000000000000000     0.0000000000000000       -0.1253720848587475     0.0242239743665107
    2    2
     1.3299600236270532    -0.0000000000000000       -0.1794173993331880     0.0207748819820578        0.0000000000000000     0.0000000000000000
    -0.1794173993331880    -0.0207748819820578        1.2618994380881592     0.0000000000000000        0.0000000000000000     0.0000000000000000
     0.0000000000000000     0.0000000000000000        0.0000000000000000     0.0000000000000000        0.2731672936544734     0.0000000000000000

     Dynamical Matrix in cartesian axes

     q = (     0.203252032520     0.039115871896     0.000000000000 )

    1    1
     1.4342946101763605    -0.0000000000000000        0.1191797977031571    -0.0207748819820578        0.0000000000000000     0.0000000000000000
     0.1191797977031571     0.0207748819820578        1.1575648515388519     0.0000000000000000        0.0000000000000000     0.0000000000000000
     0.0000000000000000     0.0000000000000000        0.0000000000000000     0.0000000000000000        0.2731672936544734     0.0000000000000000
    1    2
     0.0828545780915270     0.2395787249973486       -0.2709377571837754    -0.0103827281915580        0.0000000000000000     0.0000000000000000
    -0.2709377571837754    -0.0103827281915580        0.2494442319247562     0.3723368773316412        0.0000000000000000     0.0000000000000000
     0.0000000000000000     0.0000000000000000        0.0000000000000000     0.0000000000000000        0.0417074722812375     0.1206873951655604
    2    1
     0.0828545780915270    -0.2395787249973486       -0.2709377571837754     0.0103827281915580        0.0000000000000000     0.0000000000000000
    -0.2709377571837754     0.0103827281915580        0.2494442319247562    -0.3723368773316412        0.0000000000000000     0.0000000000000000
     0.0000000000000000     0.0000000000000000        0.0000000000000000     0.0000000000000000        0.0417074722812375    -0.1206873951655604
    2    2
     1.4342946101763605     0.0000000000000000        0.1191797977031571     0.0207748819820578        0.0000000000000000     0.0000000000000000
     0.1191797977031571    -0.0207748819820578        1.1575648515388519    -0.0000000000000000        0.0000000000000000     0.0000000000000000
     0.0000000000000000     0.0000000000000000        0.0000000000000000     0.0000000000000000        0.2731672936544734     0.0000000000000000

     Dynamical Matrix in cartesian axes

     q = (    -0.203252032520    -0.039115871896     0.000000000000 )

    1    1
     1.4342946101763605     0.0000000000000000        0.1191797977031571     0.0207748819820578        0.0000000000000000     0.0000000000000000
     0.1191797977031571    -0.0207748819820578        1.1575648515388519    -0.0000000000000000        0.0000000000000000     0.0000000000000000
     0.0000000000000000     0.0000000000000000        0.0000000000000000     0.0000000000000000        0.2731672936544734     0.0000000000000000
    1    2
     0.0828545780915270    -0.2395787249973486       -0.2709377571837754     0.0103827281915580        0.0000000000000000     0.0000000000000000
    -0.2709377571837754     0.0103827281915580        0.2494442319247562    -0.3723368773316412        0.0000000000000000     0.0000000000000000
     0.0000000000000000     0.0000000000000000        0.0000000000000000     0.0000000000000000        0.0417074722812375    -0.1206873951655604
    2    1
     0.0828545780915270     0.2395787249973486       -0.2709377571837754    -0.0103827281915580        0.0000000000000000     0.0000000000000000
    -0.2709377571837754    -0.0103827281915580        0.2494442319247562     0.3723368773316412        0.0000000000000000     0.0000000000000000
     0.0000000000000000     0.0000000000000000        0.0000000000000000     0.0000000000000000        0.0417074722812375     0.1206873951655604
    2    2
     1.4342946101763605    -0.0000000000000000        0.1191797977031571    -0.0207748819820578        0.0000000000000000     0.0000000000000000
     0.1191797977031571     0.0207748819820578        1.1575648515388519     0.0000000000000000        0.0000000000000000     0.0000000000000000
     0.0000000000000000     0.0000000000000000        0.0000000000000000     0.0000000000000000        0.2731672936544734     0.0000000000000000

     Dynamical Matrix in cartesian axes

     q = (     0.135501355014    -0.156463487585     0.000000000000 )

    1    1
     1.3299600236270532    -0.0000000000000000       -0.1794173993331880     0.0207748819820578        0.0000000000000000     0.0000000000000000
    -0.1794173993331880    -0.0207748819820578        1.2618994380881592     0.0000000000000000        0.0000000000000000     0.0000000000000000
     0.0000000000000000     0.0000000000000000        0.0000000000000000     0.0000000000000000        0.2731672936544734     0.0000000000000000
    1    2
    -0.2725020732456563     0.1883238265890244       -0.1580823263174048    -0.1484519360887601        0.0000000000000000     0.0000000000000000
    -0.1580823263174048    -0.1484519360887601       -0.4235817872919636    -0.1701451959769126        0.0000000000000000     0.0000000000000000
     0.0000000000000000     0.0000000000000000        0.0000000000000000     0.0000000000000000       -0.1253720848587475     0.0242239743665107
    2    1
    -0.2725020732456563    -0.1883238265890244       -0.1580823263174048     0.1484519360887601        0.0000000000000000     0.0000000000000000
    -0.1580823263174048     0.1484519360887601       -0.4235817872919636     0.1701451959769126        0.0000000000000000     0.0000000000000000
     0.0000000000000000     0.0000000000000000        0.0000000000000000     0.0000000000000000       -0.1253720848587475    -0.0242239743665107
    2    2
     1.3299600236270532     0.0000000000000000       -0.1794173993331880    -0.0207748819820578        0.0000000000000000     0.0000000000000000
    -0.1794173993331880     0.0207748819820578        1.2618994380881592    -0.0000000000000000        0.0000000000000000     0.0000000000000000
     0.0000000000000000     0.0000000000000000        0.0000000000000000     0.0000000000000000        0.2731672936544734     0.0000000000000000

     Dynamical Matrix in cartesian axes

     q = (    -0.135501355014    -0.156463487585     0.000000000000 )

    1    1
     1.3299600236270532    -0.0000000000000000        0.1794173993331881    -0.0207748819820578        0.0000000000000000     0.0000000000000000
     0.1794173993331880     0.0207748819820578        1.2618994380881592     0.0000000000000000        0.0000000000000000     0.0000000000000000
     0.0000000000000000     0.0000000000000000        0.0000000000000000     0.0000000000000000        0.2731672936544734     0.0000000000000000
    1    2
    -0.0268421620990804    -0.3301556328735899       -0.2076043147055038     0.0626773303362698        0.0000000000000000     0.0000000000000000
    -0.2076043147055038     0.0626773303362698        0.3591409721153638    -0.2817599694553998        0.0000000000000000     0.0000000000000000
     0.0000000000000000     0.0000000000000000        0.0000000000000000     0.0000000000000000        0.0417074722812375    -0.1206873951655604
    2    1
    -0.0268421620990804     0.3301556328735899       -0.2076043147055038    -0.0626773303362698        0.0000000000000000     0.0000000000000000
    -0.2076043147055038    -0.0626773303362698        0.3591409721153638     0.2817599694553998        0.0000000000000000     0.0000000000000000
     0.0000000000000000     0.0000000000000000        0.0000000000000000     0.0000000000000000        0.0417074722812375     0.1206873951655604
    2    2
     1.3299600236270532     0.0000000000000000        0.1794173993331881     0.0207748819820578        0.0000000000000000     0.0000000000000000
     0.1794173993331880    -0.0207748819820578        1.2618994380881592    -0.0000000000000000        0.0000000000000000     0.0000000000000000
     0.0000000000000000     0.0000000000000000        0.0000000000000000     0.0000000000000000        0.2731672936544734     0.0000000000000000

     Dynamical Matrix in cartesian axes

     q = (     0.203252032520    -0.039115871896     0.000000000000 )

    1    1
     1.4342946101763605     0.0000000000000000       -0.1191797977031571    -0.0207748819820578        0.0000000000000000     0.0000000000000000
    -0.1191797977031572     0.0207748819820578        1.1575648515388519    -0.0000000000000000        0.0000000000000000     0.0000000000000000
     0.0000000000000000     0.0000000000000000        0.0000000000000000     0.0000000000000000        0.2731672936544734     0.0000000000000000
    1    2
    -0.0828545571468886     0.2395787322407252       -0.2709377562760874     0.0103827518776898        0.0000000000000000     0.0000000000000000
    -0.2709377562760875     0.0103827518776897       -0.2494441993740305     0.3723368991387478        0.0000000000000000     0.0000000000000000
     0.0000000000000000     0.0000000000000000        0.0000000000000000     0.0000000000000000       -0.0417074617304098     0.1206873988117431
    2    1
    -0.0828545571468886    -0.2395787322407252       -0.2709377562760874    -0.0103827518776898        0.0000000000000000     0.0000000000000000
    -0.2709377562760875    -0.0103827518776897       -0.2494441993740305    -0.3723368991387478        0.0000000000000000     0.0000000000000000
     0.0000000000000000     0.0000000000000000        0.0000000000000000     0.0000000000000000       -0.0417074617304098    -0.1206873988117431
    2    2
     1.4342946101763605    -0.0000000000000000       -0.1191797977031571     0.0207748819820578        0.0000000000000000     0.0000000000000000
    -0.1191797977031572    -0.0207748819820578        1.1575648515388519     0.0000000000000000        0.0000000000000000     0.0000000000000000
     0.0000000000000000     0.0000000000000000        0.0000000000000000     0.0000000000000000        0.2731672936544734     0.0000000000000000

     Dynamical Matrix in cartesian axes

     q = (    -0.203252032520     0.039115871896     0.000000000000 )

    1    1
     1.4342946101763605    -0.0000000000000000       -0.1191797977031571     0.0207748819820578        0.0000000000000000     0.0000000000000000
    -0.1191797977031572    -0.0207748819820578        1.1575648515388519     0.0000000000000000        0.0000000000000000     0.0000000000000000
     0.0000000000000000     0.0000000000000000        0.0000000000000000     0.0000000000000000        0.2731672936544734     0.0000000000000000
    1    2
    -0.0828545571468886    -0.2395787322407252       -0.2709377562760874    -0.0103827518776898        0.0000000000000000     0.0000000000000000
    -0.2709377562760874    -0.0103827518776898       -0.2494441993740305    -0.3723368991387478        0.0000000000000000     0.0000000000000000
     0.0000000000000000     0.0000000000000000        0.0000000000000000     0.0000000000000000       -0.0417074617304098    -0.1206873988117431
    2    1
    -0.0828545571468886     0.2395787322407252       -0.2709377562760874     0.0103827518776898        0.0000000000000000     0.0000000000000000
    -0.2709377562760874     0.0103827518776898       -0.2494441993740305     0.3723368991387478        0.0000000000000000     0.0000000000000000
     0.0000000000000000     0.0000000000000000        0.0000000000000000     0.0000000000000000       -0.0417074617304098     0.1206873988117431
    2    2
     1.4342946101763605     0.0000000000000000       -0.1191797977031571    -0.0207748819820578        0.0000000000000000     0.0000000000000000
    -0.1191797977031572     0.0207748819820578        1.1575648515388519    -0.0000000000000000        0.0000000000000000     0.0000000000000000
     0.0000000000000000     0.0000000000000000        0.0000000000000000     0.0000000000000000        0.2731672936544734     0.0000000000000000

     Dynamical Matrix in cartesian axes

     q = (     0.135501355014     0.156463487585     0.000000000000 )

    1    1
     1.3299600236270532     0.0000000000000000        0.1794173993331881     0.0207748819820578        0.0000000000000000     0.0000000000000000
     0.1794173993331880    -0.0207748819820578        1.2618994380881592    -0.0000000000000000        0.0000000000000000     0.0000000000000000
     0.0000000000000000     0.0000000000000000        0.0000000000000000     0.0000000000000000        0.2731672936544734     0.0000000000000000
    1    2
    -0.0268421620990804     0.3301556328735898       -0.2076043147055038    -0.0626773303362698        0.0000000000000000     0.0000000000000000
    -0.2076043147055038    -0.0626773303362698        0.3591409721153638     0.2817599694553999        0.0000000000000000     0.0000000000000000
     0.0000000000000000     0.0000000000000000        0.0000000000000000     0.0000000000000000        0.0417074722812375     0.1206873951655604
    2    1
    -0.0268421620990804    -0.3301556328735898       -0.2076043147055038     0.0626773303362698        0.0000000000000000     0.0000000000000000
    -0.2076043147055038     0.0626773303362698        0.3591409721153638    -0.2817599694553999        0.0000000000000000     0.0000000000000000
     0.0000000000000000     0.0000000000000000        0.0000000000000000     0.0000000000000000        0.0417074722812375    -0.1206873951655604
    2    2
     1.3299600236270532    -0.0000000000000000        0.1794173993331881    -0.0207748819820578        0.0000000000000000     0.0000000000000000
     0.1794173993331880     0.0207748819820578        1.2618994380881592     0.0000000000000000        0.0000000000000000     0.0000000000000000
     0.0000000000000000     0.0000000000000000        0.0000000000000000     0.0000000000000000        0.2731672936544734     0.0000000000000000

     Diagonalizing the dynamical matrix

     q = (     0.067750677507     0.195579359482     0.000000000000 )

***************************************************************************
   freq (    1) =    11.99269876 [THz] =   400.03331397 [cm-1]
(  -0.000000  0.000000   0.000000  0.000000   0.599903 -0.374321 )
(  -0.000000 -0.000000   0.000000  0.000000   0.549736  0.444736 )
   freq (    2) =    19.90746688 [THz] =   664.04152271 [cm-1]
(  -0.000000  0.000000   0.000000  0.000000   0.593651 -0.384160 )
(  -0.000000 -0.000000   0.000000  0.000000  -0.556993 -0.435613 )
   freq (    3) =    23.18455970 [THz] =   773.35355721 [cm-1]
(   0.698476  0.000000  -0.066024  0.088162   0.000000 -0.000000 )
(   0.537059  0.446582   0.005602 -0.110001  -0.000000 -0.000000 )
   freq (    4) =    34.14891582 [THz] =  1139.08505763 [cm-1]
(   0.165577  0.000000   0.031693 -0.686717  -0.000000  0.000000 )
(   0.075782 -0.147217   0.625075  0.286122   0.000000  0.000000 )
   freq (    5) =    40.91244750 [THz] =  1364.69215810 [cm-1]
(  -0.643050  0.000000   0.144023 -0.256406   0.000000  0.000000 )
(   0.501595  0.402387   0.048104 -0.290126  -0.000000 -0.000000 )
   freq (    6) =    41.80152678 [THz] =  1394.34864629 [cm-1]
(  -0.266838  0.000000  -0.500236  0.422565  -0.000000 -0.000000 )
(   0.244043  0.107916   0.286607  0.588773   0.000000  0.000000 )
***************************************************************************
