Dynamical matrix file
File generated with the CellConstructor by Lorenzo Monacelli
1 2 0     1.8897259890000000     0.0000000000000000     0.0000000000000000     0.0000000000000000     0.0000000000000000     0.0000000000000000
Basis vectors
    2.4600000000000000     0.0000000000000000     0.0000000000000000
   -1.2300000000000000     2.1304224933097187     0.0000000000000000
    0.0000000000000000     0.0000000000000000    15.0000000000000000
	1  'C '  10947.3571678344233078
    1     1     0.0000000000000000    -0.0000000000000002     7.4999999999999982
    2     1     1.2299999999999998     0.7101408311032394     7.4999999999999982

     Dynamical Matrix in cartesian axes

     q = (    -0.271002710027     0.000000000000     0.000000000000 )

    1    1
     1.2598674781093762     0.0000000000000000        0.0000000000000002     0.0499712145323892        0.0000000000000000     0.0000000000000000
     0.0000000000000002    -0.0499712145323892        1.2598674781093764     0.0000000000000000        0.0000000000000000     0.0000000000000000
     0.0000000000000000     0.0000000000000000        0.0000000000000000     0.0000000000000000        0.2569422136943718     0.0000000000000000
    1    2
    -0.0753256318485380     0.1304678039134283       -0.1304678039134283    -0.0753256318485381        0.0000000000000000     0.0000000000000000
    -0.1304678039134283    -0.0753256318485381        0.0753256318485380    -0.1304678039134284        0.0000000000000000     0.0000000000000000
     0.0000000000000000     0.0000000000000000        0.0000000000000000     0.0000000000000000       -0.0000000000000000     0.0000000000000000
    2    1
    -0.0753256318485380    -0.1304678039134283       -0.1304678039134283     0.0753256318485381        0.0000000000000000     0.0000000000000000
    -0.1304678039134283     0.0753256318485381        0.0753256318485380     0.1304678039134284        0.0000000000000000     0.0000000000000000
     0.0000000000000000     0.0000000000000000        0.0000000000000000     0.0000000000000000       -0.0000000000000000    -0.0000000000000000
    2    2
     1.2598674781093762     0.0000000000000000        0.0000000000000002    -0.0499712145323892        0.0000000000000000     0.0000000000000000
     0.0000000000000002     0.0499712145323892        1.2598674781093764     0.0000000000000000        0.0000000000000000     0.0000000000000000
     0.0000000000000000     0.0000000000000000        0.0000000000000000     0.0000000000000000        0.2569422136943718     0.0000000000000000

     Dynamical Matrix in cartesian axes

     q = (     0.271002710027     0.000000000000     0.000000000000 )

    1    1
     1.2598674781093759     0.0000000000000000        0.0000000000000001    -0.0499712145323892        0.0000000000000000     0.0000000000000000
     0.0000000000000001     0.0499712145323892        1.2598674781093764     0.0000000000000000        0.0000000000000000     0.0000000000000000
     0.0000000000000000     0.0000000000000000        0.0000000000000000     0.0000000000000000        0.2569422136943718     0.0000000000000000
    1    2
    -0.0753256318485380    -0.1304678039134283       -0.1304678039134283     0.0753256318485381        0.0000000000000000     0.0000000000000000
    -0.1304678039134283     0.0753256318485380        0.0753256318485381     0.1304678039134283        0.0000000000000000     0.0000000000000000
     0.0000000000000000     0.0000000000000000        0.0000000000000000     0.0000000000000000       -0.0000000000000000    -0.0000000000000000
    2    1
    -0.0753256318485380     0.1304678039134283       -0.1304678039134283    -0.0753256318485381        0.0000000000000000     0.0000000000000000
    -0.1304678039134283    -0.0753256318485380        0.0753256318485381    -0.1304678039134283        0.0000000000000000     0.0000000000000000
     0.0000000000000000     0.0000000000000000        0.0000000000000000     0.0000000000000000       -0.0000000000000000     0.0000000000000000
    2    2
     1.2598674781093759     0.0000000000000000        0.0000000000000001     0.0499712145323892        0.0000000000000000     0.0000000000000000
     0.0000000000000001    -0.0499712145323892        1.2598674781093764     0.0000000000000000        0.0000000000000000     0.0000000000000000
     0.0000000000000000     0.0000000000000000        0.0000000000000000     0.0000000000000000        0.2569422136943718     0.0000000000000000

     Diagonalizing the dynamical matrix

     q = (    -0.271002710027     0.000000000000     0.000000000000 )

***************************************************************************
   freq (    1) =    15.93816657 [THz] =   531.63993508 [cm-1]
(   0.000000  0.000000   0.000000  0.000000  -0.980275 -0.197640 )
(  -0.000000 -0.000000   0.000000 -0.000000  -0.000000 -0.000000 )
   freq (    2) =    15.93816657 [THz] =   531.63993508 [cm-1]
(   0.000000  0.000000  -0.000000 -0.000000   0.000000  0.000000 )
(   0.000000  0.000000  -0.000000  0.000000  -0.318976 -0.947763 )
   freq (    3) =    29.97129492 [THz] =   999.73464401 [cm-1]
(  -0.500000  0.000000   0.000000 -0.500000   0.000000  0.000000 )
(  -0.250000 -0.433013  -0.433013  0.250000   0.000000  0.000000 )
   freq (    4) =    35.98566547 [THz] =  1200.35242236 [cm-1]
(   0.707107  0.000000   0.000000 -0.707107   0.000000  0.000000 )
(   0.000000 -0.000000   0.000000 -0.000000   0.000000  0.000000 )
   freq (    5) =    35.98566547 [THz] =  1200.35242236 [cm-1]
(   0.000000  0.000000  -0.000000 -0.000000   0.000000  0.000000 )
(   0.662085  0.248282  -0.248282  0.662085   0.000000  0.000000 )
   freq (    6) =    38.65284142 [THz] =  1289.31982306 [cm-1]
(  -0.500000  0.000000   0.000000 -0.500000   0.000000  0.000000 )
(   0.250000  0.433013   0.433013 -0.250000   0.000000  0.000000 )
***************************************************************************
