Dynamical matrix file
File generated with the CellConstructor by Lorenzo Monacelli
1 2 0     1.8897259890000000     0.0000000000000000     0.0000000000000000     0.0000000000000000     0.0000000000000000     0.0000000000000000
Basis vectors
    2.4600000000000000     0.0000000000000000     0.0000000000000000
   -1.2300000000000000     2.1304224933097187     0.0000000000000000
    0.0000000000000000     0.0000000000000000    15.0000000000000000
	1  'C '  10947.3571678344233078
    1     1     0.0000000000000000    -0.0000000000000002     7.4999999999999982
    2     1     1.2299999999999998     0.7101408311032394     7.4999999999999982

     Dynamical Matrix in cartesian axes

     q = (     0.135501355014    -0.078231743793     0.000000000000 )

    1    1
     1.3966526394972736     0.0000000000000000       -0.2003169738145996     0.0000000000000000        0.0000000000000000     0.0000000000000000
    -0.2003169738145996     0.0000000000000000        1.1653465219870534     0.0000000000000000        0.0000000000000000     0.0000000000000000
     0.0000000000000000     0.0000000000000000        0.0000000000000000    -0.0000000000000000        0.2975941829950081     0.0000000000000000
    1    2
    -0.4218024066642393     0.4296655065090921       -0.1917297732095937    -0.1571975143885415        0.0000000000000000    -0.0000000000000000
    -0.1917297732095938    -0.1571975143885415       -0.6431928790126892     0.2481494520127632        0.0000000000000000    -0.0000000000000000
     0.0000000000000000    -0.0000000000000000        0.0000000000000000    -0.0000000000000000       -0.1777013011645964     0.1462691254949144
    2    1
    -0.4218024066642393    -0.4296655065090921       -0.1917297732095937     0.1571975143885415        0.0000000000000000    -0.0000000000000000
    -0.1917297732095938     0.1571975143885415       -0.6431928790126892    -0.2481494520127632        0.0000000000000000    -0.0000000000000000
    -0.0000000000000000    -0.0000000000000000       -0.0000000000000000    -0.0000000000000000       -0.1777013011645964    -0.1462691254949144
    2    2
     1.3966526394972736     0.0000000000000000       -0.2003169738145996     0.0000000000000000       -0.0000000000000000     0.0000000000000000
    -0.2003169738145996     0.0000000000000000        1.1653465219870534     0.0000000000000000       -0.0000000000000000     0.0000000000000000
    -0.0000000000000000     0.0000000000000000       -0.0000000000000000    -0.0000000000000000        0.2975941829950081     0.0000000000000000

     Dynamical Matrix in cartesian axes

     q = (    -0.135501355014     0.078231743793     0.000000000000 )

    1    1
     1.3966526394972736     0.0000000000000000       -0.2003169738145996     0.0000000000000000        0.0000000000000000     0.0000000000000000
    -0.2003169738145996     0.0000000000000000        1.1653465219870534     0.0000000000000000        0.0000000000000000    -0.0000000000000000
     0.0000000000000000     0.0000000000000000        0.0000000000000000     0.0000000000000000        0.2975941829950081     0.0000000000000000
    1    2
    -0.4218024066642393    -0.4296655065090921       -0.1917297732095938     0.1571975143885415        0.0000000000000000     0.0000000000000000
    -0.1917297732095938     0.1571975143885415       -0.6431928790126892    -0.2481494520127632        0.0000000000000000     0.0000000000000000
     0.0000000000000000     0.0000000000000000        0.0000000000000000     0.0000000000000000       -0.1777013011645964    -0.1462691254949144
    2    1
    -0.4218024066642393     0.4296655065090921       -0.1917297732095938    -0.1571975143885415        0.0000000000000000     0.0000000000000000
    -0.1917297732095938    -0.1571975143885415       -0.6431928790126892     0.2481494520127632        0.0000000000000000     0.0000000000000000
    -0.0000000000000000     0.0000000000000000       -0.0000000000000000     0.0000000000000000       -0.1777013011645964     0.1462691254949144
    2    2
     1.3966526394972736     0.0000000000000000       -0.2003169738145996     0.0000000000000000       -0.0000000000000000     0.0000000000000000
    -0.2003169738145996     0.0000000000000000        1.1653465219870534     0.0000000000000000       -0.0000000000000000    -0.0000000000000000
    -0.0000000000000000     0.0000000000000000       -0.0000000000000000     0.0000000000000000        0.2975941829950081     0.0000000000000000

     Dynamical Matrix in cartesian axes

     q = (    -0.135501355014    -0.078231743793     0.000000000000 )

    1    1
     1.3966526394972736     0.0000000000000000        0.2003169738145996     0.0000000000000000        0.0000000000000000     0.0000000000000000
     0.2003169738145998     0.0000000000000000        1.1653465219870534     0.0000000000000000        0.0000000000000000     0.0000000000000000
     0.0000000000000000     0.0000000000000000        0.0000000000000000     0.0000000000000000        0.2975941829950081     0.0000000000000000
    1    2
    -0.1612000066239397    -0.5801243621982279       -0.2320019325734473     0.0874440835455642        0.0000000000000000     0.0000000000000000
    -0.2320019325734473     0.0874440835455642        0.1066927498236466    -0.6810960925463713        0.0000000000000000     0.0000000000000000
     0.0000000000000000     0.0000000000000000        0.0000000000000000    -0.0000000000000000       -0.0378221146539956    -0.2270284060458902
    2    1
    -0.1612000066239397     0.5801243621982279       -0.2320019325734473    -0.0874440835455642       -0.0000000000000000     0.0000000000000000
    -0.2320019325734473    -0.0874440835455642        0.1066927498236466     0.6810960925463713       -0.0000000000000000     0.0000000000000000
    -0.0000000000000000     0.0000000000000000       -0.0000000000000000    -0.0000000000000000       -0.0378221146539956     0.2270284060458902
    2    2
     1.3966526394972736     0.0000000000000000        0.2003169738145996     0.0000000000000000       -0.0000000000000000     0.0000000000000000
     0.2003169738145998     0.0000000000000000        1.1653465219870534     0.0000000000000000       -0.0000000000000000     0.0000000000000000
    -0.0000000000000000     0.0000000000000000       -0.0000000000000000     0.0000000000000000        0.2975941829950081     0.0000000000000000

     Dynamical Matrix in cartesian axes

     q = (     0.135501355014     0.078231743793     0.000000000000 )

    1    1
     1.3966526394972736     0.0000000000000000        0.2003169738145996     0.0000000000000000        0.0000000000000000     0.0000000000000000
     0.2003169738145998     0.0000000000000000        1.1653465219870534     0.0000000000000000        0.0000000000000000     0.0000000000000000
     0.0000000000000000     0.0000000000000000        0.0000000000000000     0.0000000000000000        0.2975941829950081     0.0000000000000000
    1    2
    -0.1612000066239397     0.5801243621982279       -0.2320019325734473    -0.0874440835455642        0.0000000000000000    -0.0000000000000000
    -0.2320019325734473    -0.0874440835455642        0.1066927498236466     0.6810960925463713        0.0000000000000000    -0.0000000000000000
     0.0000000000000000    -0.0000000000000000        0.0000000000000000    -0.0000000000000000       -0.0378221146539956     0.2270284060458902
    2    1
    -0.1612000066239397    -0.5801243621982279       -0.2320019325734473     0.0874440835455642       -0.0000000000000000    -0.0000000000000000
    -0.2320019325734473     0.0874440835455642        0.1066927498236466    -0.6810960925463713       -0.0000000000000000    -0.0000000000000000
    -0.0000000000000000    -0.0000000000000000       -0.0000000000000000    -0.0000000000000000       -0.0378221146539956    -0.2270284060458902
    2    2
     1.3966526394972736     0.0000000000000000        0.2003169738145996     0.0000000000000000       -0.0000000000000000     0.0000000000000000
     0.2003169738145998     0.0000000000000000        1.1653465219870534     0.0000000000000000       -0.0000000000000000     0.0000000000000000
    -0.0000000000000000     0.0000000000000000       -0.0000000000000000     0.0000000000000000        0.2975941829950081     0.0000000000000000

     Dynamical Matrix in cartesian axes

     q = (    -0.000000000000    -0.156463487585     0.000000000000 )

    1    1
     1.0496934632319423     0.0000000000000000        0.0000000000000000     0.0000000000000000        0.0000000000000000     0.0000000000000000
     0.0000000000000000     0.0000000000000000        1.5123056982523846     0.0000000000000000        0.0000000000000000     0.0000000000000000
     0.0000000000000000     0.0000000000000000        0.0000000000000000     0.0000000000000000        0.2975941829950081     0.0000000000000000
    1    2
    -0.7538881151869137    -0.1573914247645992        0.0000000000000000     0.0000000000000000        0.0000000000000000    -0.0000000000000000
     0.0000000000000000     0.0000000000000000       -0.3111071704900142    -0.5204235337572571        0.0000000000000000    -0.0000000000000000
     0.0000000000000000     0.0000000000000000        0.0000000000000000    -0.0000000000000000       -0.1777013011645963    -0.1462691254949145
    2    1
    -0.7538881151869137     0.1573914247645992        0.0000000000000000     0.0000000000000000        0.0000000000000000    -0.0000000000000000
     0.0000000000000000     0.0000000000000000       -0.3111071704900142     0.5204235337572571        0.0000000000000000    -0.0000000000000000
     0.0000000000000000     0.0000000000000000       -0.0000000000000000    -0.0000000000000000       -0.1777013011645963     0.1462691254949145
    2    2
     1.0496934632319423     0.0000000000000000        0.0000000000000000     0.0000000000000000        0.0000000000000000     0.0000000000000000
     0.0000000000000000     0.0000000000000000        1.5123056982523846     0.0000000000000000       -0.0000000000000000     0.0000000000000000
     0.0000000000000000     0.0000000000000000       -0.0000000000000000     0.0000000000000000        0.2975941829950081     0.0000000000000000

     Dynamical Matrix in cartesian axes

     q = (     0.000000000000     0.156463487585     0.000000000000 )

    1    1
     1.0496934632319423     0.0000000000000000        0.0000000000000000     0.0000000000000000        0.0000000000000000     0.0000000000000000
     0.0000000000000000     0.0000000000000000        1.5123056982523846     0.0000000000000000        0.0000000000000000     0.0000000000000000
     0.0000000000000000     0.0000000000000000        0.0000000000000000     0.0000000000000000        0.2975941829950081     0.0000000000000000
    1    2
    -0.7538881151869137     0.1573914247645992        0.0000000000000000     0.0000000000000000        0.0000000000000000     0.0000000000000000
     0.0000000000000000     0.0000000000000000       -0.3111071704900142     0.5204235337572569        0.0000000000000000    -0.0000000000000000
     0.0000000000000000     0.0000000000000000        0.0000000000000000     0.0000000000000000       -0.1777013011645963     0.1462691254949145
    2    1
    -0.7538881151869137    -0.1573914247645992        0.0000000000000000     0.0000000000000000        0.0000000000000000     0.0000000000000000
     0.0000000000000000     0.0000000000000000       -0.3111071704900142    -0.5204235337572569        0.0000000000000000    -0.0000000000000000
     0.0000000000000000     0.0000000000000000       -0.0000000000000000     0.0000000000000000       -0.1777013011645963    -0.1462691254949145
    2    2
     1.0496934632319423     0.0000000000000000        0.0000000000000000     0.0000000000000000        0.0000000000000000     0.0000000000000000
     0.0000000000000000     0.0000000000000000        1.5123056982523846     0.0000000000000000       -0.0000000000000000     0.0000000000000000
     0.0000000000000000     0.0000000000000000       -0.0000000000000000     0.0000000000000000        0.2975941829950081     0.0000000000000000

     Diagonalizing the dynamical matrix

     q = (     0.135501355014    -0.078231743793     0.000000000000 )

***************************************************************************
   freq (    1) =     8.16524438 [THz] =   272.36319656 [cm-1]
(  -0.000000  0.000000  -0.000000  0.000000  -0.456170  0.540286 )
(  -0.000000  0.000000  -0.000000 -0.000000  -0.695564  0.127244 )
   freq (    2) =    16.62459934 [THz] =   554.53686432 [cm-1]
(  -0.353553  0.000000  -0.612372  0.000000   0.000000 -0.000000 )
(  -0.346091 -0.072255  -0.599448 -0.125149   0.000000 -0.000000 )
   freq (    3) =    22.84206619 [THz] =   761.92920521 [cm-1]
(  -0.000000  0.000000  -0.000000 -0.000000   0.549606 -0.444896 )
(  -0.000000 -0.000000  -0.000000 -0.000000  -0.707083 -0.005786 )
   freq (    4) =    29.92818882 [THz] =   998.29677963 [cm-1]
(  -0.612372  0.000000   0.353553  0.000000  -0.000000  0.000000 )
(  -0.314211 -0.525615   0.181410  0.303464   0.000000  0.000000 )
   freq (    5) =    42.41668685 [THz] =  1414.86817472 [cm-1]
(   0.353553  0.000000   0.612372  0.000000  -0.000000  0.000000 )
(  -0.346091 -0.072255  -0.599448 -0.125149   0.000000  0.000000 )
   freq (    6) =    45.76654406 [THz] =  1526.60736750 [cm-1]
(  -0.612372  0.000000   0.353553  0.000000  -0.000000 -0.000000 )
(   0.314211  0.525615  -0.181410 -0.303464   0.000000  0.000000 )
***************************************************************************
