Dynamical matrix file
File generated with the CellConstructor by Lorenzo Monacelli
1 2 0     1.8897259890000000     0.0000000000000000     0.0000000000000000     0.0000000000000000     0.0000000000000000     0.0000000000000000
Basis vectors
    2.4600000000000000     0.0000000000000000     0.0000000000000000
   -1.2300000000000000     2.1304224933097187     0.0000000000000000
    0.0000000000000000     0.0000000000000000    15.0000000000000000
	1  'C '  10947.3571678344233078
    1     1     0.0000000000000000    -0.0000000000000002     7.4999999999999982
    2     1     1.2299999999999998     0.7101408311032394     7.4999999999999982

     Dynamical Matrix in cartesian axes

     q = (     0.000000000000     0.000000000000     0.000000000000 )

    1    1
     1.1055525851834009     0.0000000000000000        0.0000000000000000     0.0000000000000000        0.0000000000000000     0.0000000000000000
     0.0000000000000000     0.0000000000000000        1.1055525851834014     0.0000000000000000        0.0000000000000000     0.0000000000000000
     0.0000000000000000     0.0000000000000000       -0.0000000000000000     0.0000000000000000        0.3413723262301373     0.0000000000000000
    1    2
    -1.1055525851834009     0.0000000000000000        0.0000000000000001     0.0000000000000000        0.0000000000000000     0.0000000000000000
     0.0000000000000000     0.0000000000000000       -1.1055525851834014     0.0000000000000000        0.0000000000000000     0.0000000000000000
     0.0000000000000000     0.0000000000000000        0.0000000000000000     0.0000000000000000       -0.3413723262301372     0.0000000000000000
    2    1
    -1.1055525851834009     0.0000000000000000        0.0000000000000001     0.0000000000000000        0.0000000000000000     0.0000000000000000
     0.0000000000000000     0.0000000000000000       -1.1055525851834014     0.0000000000000000        0.0000000000000000     0.0000000000000000
     0.0000000000000000     0.0000000000000000        0.0000000000000000     0.0000000000000000       -0.3413723262301372     0.0000000000000000
    2    2
     1.1055525851834009     0.0000000000000000        0.0000000000000001     0.0000000000000000        0.0000000000000000     0.0000000000000000
     0.0000000000000000     0.0000000000000000        1.1055525851834014     0.0000000000000000        0.0000000000000000     0.0000000000000000
     0.0000000000000000     0.0000000000000000       -0.0000000000000000     0.0000000000000000        0.3413723262301373     0.0000000000000000

     Diagonalizing the dynamical matrix

     q = (     0.000000000000     0.000000000000     0.000000000000 )

***************************************************************************
   freq (    1) =    -0.00000014 [THz] =    -0.00000452 [cm-1]
(   0.000000  0.000000   0.392232  0.000000   0.588348  0.000000 )
(   0.000000  0.000000   0.392232  0.000000   0.588348  0.000000 )
   freq (    2) =     0.00000027 [THz] =     0.00000903 [cm-1]
(  -0.707107  0.000000   0.000000  0.000000   0.000000  0.000000 )
(  -0.707107  0.000000   0.000000  0.000000   0.000000  0.000000 )
   freq (    3) =     0.00000047 [THz] =     0.00001565 [cm-1]
(   0.000000  0.000000  -0.588348  0.000000   0.392232  0.000000 )
(   0.000000  0.000000  -0.588348  0.000000   0.392232  0.000000 )
   freq (    4) =    25.98063636 [THz] =   866.62062188 [cm-1]
(   0.000000  0.000000   0.000000  0.000000  -0.707107  0.000000 )
(   0.000000  0.000000   0.000000  0.000000   0.707107  0.000000 )
   freq (    5) =    46.75470603 [THz] =  1559.56889806 [cm-1]
(  -0.707107  0.000000   0.000000  0.000000  -0.000000  0.000000 )
(   0.707107  0.000000   0.000000  0.000000   0.000000  0.000000 )
   freq (    6) =    46.75470603 [THz] =  1559.56889806 [cm-1]
(   0.000000  0.000000   0.707107  0.000000  -0.000000  0.000000 )
(   0.000000  0.000000  -0.707107  0.000000   0.000000  0.000000 )
***************************************************************************
