Dynamical matrix file
File generated with the CellConstructor by Lorenzo Monacelli
1 2 0     1.8897259890000000     0.0000000000000000     0.0000000000000000     0.0000000000000000     0.0000000000000000     0.0000000000000000
Basis vectors
    2.4600000000000000     0.0000000000000000     0.0000000000000000
   -1.2300000000000000     2.1304224933097187     0.0000000000000000
    0.0000000000000000     0.0000000000000000    15.0000000000000000
	1  'C '  10947.3571678344233078
    1     1     0.0000000000000000    -0.0000000000000002     7.4999999999999982
    2     1     1.2299999999999998     0.7101408311032394     7.4999999999999982

     Dynamical Matrix in cartesian axes

     q = (     0.067750677507    -0.039115871896     0.000000000000 )

    1    1
     1.2218804784014190     0.0000000000000000       -0.0825039922386619     0.0000000000000000       -0.0000000000000000    -0.0000000000000000
    -0.0825039922386619     0.0000000000000000        1.1266130741449989     0.0000000000000000       -0.0000000000000000    -0.0000000000000000
     0.0000000000000000     0.0000000000000000        0.0000000000000000     0.0000000000000000        0.3297698310540388     0.0000000000000000
    1    2
    -0.9096528218054585     0.4000957336517217       -0.0280537647291409    -0.1171352696086497       -0.0000000000000000     0.0000000000000000
    -0.0280537647291409    -0.1171352696086497       -0.9420465190417628     0.2648395747714153       -0.0000000000000000     0.0000000000000000
    -0.0000000000000000     0.0000000000000000       -0.0000000000000000    -0.0000000000000000       -0.3049582392450821     0.1124653935466204
    2    1
    -0.9096528218054585    -0.4000957336517217       -0.0280537647291409     0.1171352696086497        0.0000000000000000     0.0000000000000000
    -0.0280537647291409     0.1171352696086497       -0.9420465190417628    -0.2648395747714153        0.0000000000000000     0.0000000000000000
     0.0000000000000000     0.0000000000000000        0.0000000000000000    -0.0000000000000000       -0.3049582392450821    -0.1124653935466204
    2    2
     1.2218804784014190     0.0000000000000000       -0.0825039922386619     0.0000000000000000        0.0000000000000000    -0.0000000000000000
    -0.0825039922386619     0.0000000000000000        1.1266130741449989     0.0000000000000000        0.0000000000000000    -0.0000000000000000
    -0.0000000000000000     0.0000000000000000       -0.0000000000000000     0.0000000000000000        0.3297698310540388     0.0000000000000000

     Dynamical Matrix in cartesian axes

     q = (    -0.067750677507     0.039115871896     0.000000000000 )

    1    1
     1.2218804784014190     0.0000000000000000       -0.0825039922386619     0.0000000000000000       -0.0000000000000000     0.0000000000000000
    -0.0825039922386619     0.0000000000000000        1.1266130741449989     0.0000000000000000       -0.0000000000000000     0.0000000000000000
     0.0000000000000000    -0.0000000000000000        0.0000000000000000    -0.0000000000000000        0.3297698310540388     0.0000000000000000
    1    2
    -0.9096528218054585    -0.4000957336517217       -0.0280537647291410     0.1171352696086497       -0.0000000000000000    -0.0000000000000000
    -0.0280537647291409     0.1171352696086497       -0.9420465190417630    -0.2648395747714153       -0.0000000000000000    -0.0000000000000000
    -0.0000000000000000    -0.0000000000000000       -0.0000000000000000     0.0000000000000000       -0.3049582392450821    -0.1124653935466204
    2    1
    -0.9096528218054585     0.4000957336517217       -0.0280537647291410    -0.1171352696086497        0.0000000000000000    -0.0000000000000000
    -0.0280537647291409    -0.1171352696086497       -0.9420465190417630     0.2648395747714153        0.0000000000000000    -0.0000000000000000
     0.0000000000000000    -0.0000000000000000        0.0000000000000000     0.0000000000000000       -0.3049582392450821     0.1124653935466204
    2    2
     1.2218804784014190     0.0000000000000000       -0.0825039922386619     0.0000000000000000        0.0000000000000000     0.0000000000000000
    -0.0825039922386619     0.0000000000000000        1.1266130741449989     0.0000000000000000        0.0000000000000000     0.0000000000000000
    -0.0000000000000000    -0.0000000000000000       -0.0000000000000000    -0.0000000000000000        0.3297698310540388     0.0000000000000000

     Dynamical Matrix in cartesian axes

     q = (    -0.067750677507    -0.039115871896     0.000000000000 )

    1    1
     1.2218804784014190     0.0000000000000000        0.0825039922386619     0.0000000000000000       -0.0000000000000000    -0.0000000000000000
     0.0825039922386619     0.0000000000000000        1.1266130741449987     0.0000000000000000       -0.0000000000000000    -0.0000000000000000
     0.0000000000000000     0.0000000000000000        0.0000000000000000     0.0000000000000000        0.3297698310540388     0.0000000000000000
    1    2
    -0.8013194630637621    -0.5877346088330573       -0.0874152392103613     0.0828629051841917       -0.0000000000000000    -0.0000000000000000
    -0.0874152392103614     0.0828629051841918       -0.7003810392850072    -0.6834164500609126       -0.0000000000000000    -0.0000000000000000
     0.0000000000000000    -0.0000000000000000       -0.0000000000000000    -0.0000000000000000       -0.2498770014230368    -0.2078688927879509
    2    1
    -0.8013194630637621     0.5877346088330573       -0.0874152392103613    -0.0828629051841917        0.0000000000000000    -0.0000000000000000
    -0.0874152392103614    -0.0828629051841918       -0.7003810392850072     0.6834164500609126        0.0000000000000000    -0.0000000000000000
    -0.0000000000000000    -0.0000000000000000        0.0000000000000000    -0.0000000000000000       -0.2498770014230368     0.2078688927879509
    2    2
     1.2218804784014190     0.0000000000000000        0.0825039922386619     0.0000000000000000        0.0000000000000000    -0.0000000000000000
     0.0825039922386619     0.0000000000000000        1.1266130741449987     0.0000000000000000        0.0000000000000000    -0.0000000000000000
    -0.0000000000000000     0.0000000000000000       -0.0000000000000000     0.0000000000000000        0.3297698310540388     0.0000000000000000

     Dynamical Matrix in cartesian axes

     q = (     0.067750677507     0.039115871896     0.000000000000 )

    1    1
     1.2218804784014190     0.0000000000000000        0.0825039922386619     0.0000000000000000       -0.0000000000000000     0.0000000000000000
     0.0825039922386619     0.0000000000000000        1.1266130741449987     0.0000000000000000       -0.0000000000000000     0.0000000000000000
     0.0000000000000000    -0.0000000000000000        0.0000000000000000    -0.0000000000000000        0.3297698310540388     0.0000000000000000
    1    2
    -0.8013194630637621     0.5877346088330572       -0.0874152392103613    -0.0828629051841918       -0.0000000000000000     0.0000000000000000
    -0.0874152392103613    -0.0828629051841918       -0.7003810392850072     0.6834164500609125       -0.0000000000000000     0.0000000000000000
     0.0000000000000000    -0.0000000000000000       -0.0000000000000000     0.0000000000000000       -0.2498770014230368     0.2078688927879509
    2    1
    -0.8013194630637621    -0.5877346088330572       -0.0874152392103613     0.0828629051841918        0.0000000000000000     0.0000000000000000
    -0.0874152392103613     0.0828629051841918       -0.7003810392850072    -0.6834164500609125        0.0000000000000000     0.0000000000000000
    -0.0000000000000000    -0.0000000000000000        0.0000000000000000     0.0000000000000000       -0.2498770014230368    -0.2078688927879509
    2    2
     1.2218804784014190     0.0000000000000000        0.0825039922386619     0.0000000000000000        0.0000000000000000     0.0000000000000000
     0.0825039922386619     0.0000000000000000        1.1266130741449987     0.0000000000000000        0.0000000000000000     0.0000000000000000
    -0.0000000000000000    -0.0000000000000000       -0.0000000000000000    -0.0000000000000000        0.3297698310540388     0.0000000000000000

     Dynamical Matrix in cartesian axes

     q = (    -0.000000000000    -0.078231743793     0.000000000000 )

    1    1
     1.0789793720167882     0.0000000000000000       -0.0000000000000000     0.0000000000000000        0.0000000000000000     0.0000000000000000
    -0.0000000000000000     0.0000000000000000        1.2695141805296295     0.0000000000000000       -0.0000000000000000     0.0000000000000000
     0.0000000000000000     0.0000000000000000        0.0000000000000000    -0.0000000000000000        0.3297698310540388     0.0000000000000000
    1    2
    -0.9582433676599145    -0.1972114953312623        0.0000000000000000     0.0000000000000000       -0.0000000000000000     0.0000000000000000
     0.0000000000000000     0.0000000000000000       -0.8934559731873066    -0.4677238130918756       -0.0000000000000000    -0.0000000000000000
    -0.0000000000000000     0.0000000000000000        0.0000000000000000    -0.0000000000000000       -0.3049582392450821    -0.1124653935466206
    2    1
    -0.9582433676599145     0.1972114953312623        0.0000000000000000     0.0000000000000000        0.0000000000000000     0.0000000000000000
     0.0000000000000000     0.0000000000000000       -0.8934559731873066     0.4677238130918756        0.0000000000000000    -0.0000000000000000
     0.0000000000000000     0.0000000000000000       -0.0000000000000000    -0.0000000000000000       -0.3049582392450821     0.1124653935466206
    2    2
     1.0789793720167882     0.0000000000000000       -0.0000000000000000     0.0000000000000000        0.0000000000000000     0.0000000000000000
    -0.0000000000000000     0.0000000000000000        1.2695141805296295     0.0000000000000000        0.0000000000000000     0.0000000000000000
     0.0000000000000000     0.0000000000000000       -0.0000000000000000    -0.0000000000000000        0.3297698310540388     0.0000000000000000

     Dynamical Matrix in cartesian axes

     q = (     0.000000000000     0.078231743793     0.000000000000 )

    1    1
     1.0789793720167882     0.0000000000000000       -0.0000000000000000     0.0000000000000000        0.0000000000000000     0.0000000000000000
    -0.0000000000000000     0.0000000000000000        1.2695141805296295     0.0000000000000000       -0.0000000000000000    -0.0000000000000000
     0.0000000000000000     0.0000000000000000        0.0000000000000000     0.0000000000000000        0.3297698310540388     0.0000000000000000
    1    2
    -0.9582433676599142     0.1972114953312623        0.0000000000000000     0.0000000000000000        0.0000000000000000     0.0000000000000000
     0.0000000000000000     0.0000000000000000       -0.8934559731873067     0.4677238130918756        0.0000000000000000     0.0000000000000000
     0.0000000000000000     0.0000000000000000        0.0000000000000000     0.0000000000000000       -0.3049582392450821     0.1124653935466206
    2    1
    -0.9582433676599142    -0.1972114953312623        0.0000000000000000     0.0000000000000000        0.0000000000000000     0.0000000000000000
     0.0000000000000000     0.0000000000000000       -0.8934559731873067    -0.4677238130918756       -0.0000000000000000     0.0000000000000000
    -0.0000000000000000     0.0000000000000000       -0.0000000000000000     0.0000000000000000       -0.3049582392450821    -0.1124653935466206
    2    2
     1.0789793720167882     0.0000000000000000       -0.0000000000000000     0.0000000000000000        0.0000000000000000     0.0000000000000000
    -0.0000000000000000     0.0000000000000000        1.2695141805296295     0.0000000000000000        0.0000000000000000    -0.0000000000000000
     0.0000000000000000     0.0000000000000000       -0.0000000000000000     0.0000000000000000        0.3297698310540388     0.0000000000000000

     Diagonalizing the dynamical matrix

     q = (     0.067750677507    -0.039115871896     0.000000000000 )

***************************************************************************
   freq (    1) =     2.16349481 [THz] =    72.16640843 [cm-1]
(  -0.000000  0.000000  -0.000000 -0.000000  -0.065364  0.704079 )
(  -0.000000  0.000000  -0.000000 -0.000000  -0.304945  0.637972 )
   freq (    2) =     9.97547841 [THz] =   332.74609536 [cm-1]
(   0.353553  0.000000   0.612372 -0.000000  -0.000000  0.000000 )
(   0.346296  0.071269   0.599802  0.123442  -0.000000  0.000000 )
   freq (    3) =    16.06462019 [THz] =   535.85797308 [cm-1]
(   0.612372  0.000000  -0.353553  0.000000  -0.000000 -0.000000 )
(   0.542528  0.284013  -0.313229 -0.163975   0.000000 -0.000000 )
   freq (    4) =    25.44349055 [THz] =   848.70336883 [cm-1]
(  -0.000000  0.000000   0.000000 -0.000000   0.332035  0.624302 )
(   0.000000 -0.000000   0.000000  0.000000  -0.095511 -0.700627 )
   freq (    5) =    45.09932716 [THz] =  1504.35141053 [cm-1]
(   0.353553  0.000000   0.612372  0.000000  -0.000000  0.000000 )
(  -0.346296 -0.071269  -0.599802 -0.123442  -0.000000 -0.000000 )
   freq (    6) =    47.45662018 [THz] =  1582.98223063 [cm-1]
(  -0.612372  0.000000   0.353553  0.000000  -0.000000  0.000000 )
(   0.542528  0.284013  -0.313229 -0.163975  -0.000000 -0.000000 )
***************************************************************************
