Dynamical matrix file
File generated with the CellConstructor by Lorenzo Monacelli
1 2 0     1.8897259890000000     0.0000000000000000     0.0000000000000000     0.0000000000000000     0.0000000000000000     0.0000000000000000
Basis vectors
    2.4600000000000000     0.0000000000000000     0.0000000000000000
   -1.2300000000000000     2.1304224933097187     0.0000000000000000
    0.0000000000000000     0.0000000000000000    15.0000000000000000
	1  'C '  10947.3571678344233078
    1     1     0.0000000000000000    -0.0000000000000002     7.4999999999999982
    2     1     1.2299999999999998     0.7101408311032394     7.4999999999999982

     Dynamical Matrix in cartesian axes

     q = (     0.067750677507    -0.117347615689     0.000000000000 )

    1    1
     1.1405649078698414     0.0000000000000000       -0.1390700198501478     0.0118330058326983        0.0000000000000000     0.0000000000000000
    -0.1390700198501478    -0.0118330058326983        1.3011491346632207     0.0000000000000000        0.0000000000000000     0.0000000000000000
     0.0000000000000000     0.0000000000000000        0.0000000000000000     0.0000000000000000        0.3056544040412451     0.0000000000000000
    1    2
    -0.7142801798084895     0.1946572478399509        0.0054640959703527    -0.1123854144401075        0.0000000000000000     0.0000000000000000
     0.0054640959703527    -0.1123854144401075       -0.7205895743672119    -0.1946572478399514        0.0000000000000000     0.0000000000000000
     0.0000000000000000    -0.0000000000000000        0.0000000000000000    -0.0000000000000000       -0.2701260680237345    -0.0000000000000001
    2    1
    -0.7142801798084895    -0.1946572478399509        0.0054640959703527     0.1123854144401075       -0.0000000000000000     0.0000000000000000
     0.0054640959703527     0.1123854144401075       -0.7205895743672119     0.1946572478399514       -0.0000000000000000     0.0000000000000000
    -0.0000000000000000    -0.0000000000000000       -0.0000000000000000    -0.0000000000000000       -0.2701260680237345     0.0000000000000001
    2    2
     1.1405649078698414    -0.0000000000000000       -0.1390700198501478    -0.0118330058326983        0.0000000000000000     0.0000000000000000
    -0.1390700198501478     0.0118330058326983        1.3011491346632207     0.0000000000000000        0.0000000000000000     0.0000000000000000
    -0.0000000000000000     0.0000000000000000       -0.0000000000000000     0.0000000000000000        0.3056544040412451     0.0000000000000000

     Dynamical Matrix in cartesian axes

     q = (    -0.067750677507     0.117347615689     0.000000000000 )

    1    1
     1.1405649078698414    -0.0000000000000000       -0.1390700198501478    -0.0118330058326983        0.0000000000000000    -0.0000000000000000
    -0.1390700198501478     0.0118330058326983        1.3011491346632207     0.0000000000000000        0.0000000000000000    -0.0000000000000000
     0.0000000000000000    -0.0000000000000000        0.0000000000000000    -0.0000000000000000        0.3056544040412451     0.0000000000000000
    1    2
    -0.7142801798084895    -0.1946572478399509        0.0054640959703527     0.1123854144401075       -0.0000000000000000    -0.0000000000000000
     0.0054640959703527     0.1123854144401075       -0.7205895743672119     0.1946572478399514       -0.0000000000000000    -0.0000000000000000
     0.0000000000000000     0.0000000000000000        0.0000000000000000     0.0000000000000000       -0.2701260680237345     0.0000000000000001
    2    1
    -0.7142801798084895     0.1946572478399509        0.0054640959703527    -0.1123854144401075        0.0000000000000000    -0.0000000000000000
     0.0054640959703527    -0.1123854144401075       -0.7205895743672119    -0.1946572478399514        0.0000000000000000    -0.0000000000000000
    -0.0000000000000000     0.0000000000000000       -0.0000000000000000     0.0000000000000000       -0.2701260680237345    -0.0000000000000001
    2    2
     1.1405649078698414     0.0000000000000000       -0.1390700198501478     0.0118330058326983        0.0000000000000000    -0.0000000000000000
    -0.1390700198501478    -0.0118330058326983        1.3011491346632207     0.0000000000000000        0.0000000000000000    -0.0000000000000000
    -0.0000000000000000    -0.0000000000000000       -0.0000000000000000    -0.0000000000000000        0.3056544040412451     0.0000000000000000

     Dynamical Matrix in cartesian axes

     q = (    -0.067750677507    -0.117347615689     0.000000000000 )

    1    1
     1.1405649078698414     0.0000000000000000        0.1390700198501478    -0.0118330058326983        0.0000000000000000     0.0000000000000000
     0.1390700198501478     0.0118330058326983        1.3011491346632207    -0.0000000000000000        0.0000000000000000    -0.0000000000000000
     0.0000000000000000     0.0000000000000000        0.0000000000000000    -0.0000000000000000        0.3056544040412451     0.0000000000000000
    1    2
    -0.5257181963745182    -0.5212561725338087       -0.1000606734047632     0.0514606583851514        0.0000000000000000     0.0000000000000000
    -0.1000606734047633     0.0514606583851514       -0.1917166445018357    -0.7213775066109981        0.0000000000000000     0.0000000000000000
     0.0000000000000000    -0.0000000000000000        0.0000000000000000     0.0000000000000000       -0.1350630271947543    -0.2339360410688193
    2    1
    -0.5257181963745182     0.5212561725338087       -0.1000606734047632    -0.0514606583851514       -0.0000000000000000     0.0000000000000000
    -0.1000606734047633    -0.0514606583851514       -0.1917166445018357     0.7213775066109981       -0.0000000000000000     0.0000000000000000
     0.0000000000000000    -0.0000000000000000        0.0000000000000000     0.0000000000000000       -0.1350630271947543     0.2339360410688193
    2    2
     1.1405649078698414    -0.0000000000000000        0.1390700198501478     0.0118330058326983        0.0000000000000000     0.0000000000000000
     0.1390700198501478    -0.0118330058326983        1.3011491346632207     0.0000000000000000        0.0000000000000000    -0.0000000000000000
    -0.0000000000000000     0.0000000000000000       -0.0000000000000000    -0.0000000000000000        0.3056544040412451     0.0000000000000000

     Dynamical Matrix in cartesian axes

     q = (     0.067750677507     0.117347615689     0.000000000000 )

    1    1
     1.1405649078698414    -0.0000000000000000        0.1390700198501478     0.0118330058326983        0.0000000000000000    -0.0000000000000000
     0.1390700198501478    -0.0118330058326983        1.3011491346632207     0.0000000000000000        0.0000000000000000     0.0000000000000000
     0.0000000000000000    -0.0000000000000000        0.0000000000000000     0.0000000000000000        0.3056544040412451     0.0000000000000000
    1    2
    -0.5257181963745182     0.5212561725338087       -0.1000606734047632    -0.0514606583851514        0.0000000000000000     0.0000000000000000
    -0.1000606734047632    -0.0514606583851514       -0.1917166445018356     0.7213775066109981        0.0000000000000000     0.0000000000000000
     0.0000000000000000    -0.0000000000000000        0.0000000000000000     0.0000000000000000       -0.1350630271947543     0.2339360410688193
    2    1
    -0.5257181963745182    -0.5212561725338087       -0.1000606734047632     0.0514606583851514       -0.0000000000000000     0.0000000000000000
    -0.1000606734047632     0.0514606583851514       -0.1917166445018356    -0.7213775066109981       -0.0000000000000000     0.0000000000000000
     0.0000000000000000    -0.0000000000000000        0.0000000000000000     0.0000000000000000       -0.1350630271947543    -0.2339360410688193
    2    2
     1.1405649078698414     0.0000000000000000        0.1390700198501478    -0.0118330058326983        0.0000000000000000    -0.0000000000000000
     0.1390700198501478     0.0118330058326983        1.3011491346632207    -0.0000000000000000        0.0000000000000000     0.0000000000000000
    -0.0000000000000000    -0.0000000000000000       -0.0000000000000000     0.0000000000000000        0.3056544040412451     0.0000000000000000

     Dynamical Matrix in cartesian axes

     q = (     0.135501355014     0.000000000000     0.000000000000 )

    1    1
     1.3814412480599096     0.0000000000000000        0.0000000000000000    -0.0118330058326983        0.0000000000000000     0.0000000000000000
     0.0000000000000000     0.0118330058326983        1.0602727944731525     0.0000000000000000        0.0000000000000000     0.0000000000000000
     0.0000000000000000     0.0000000000000000        0.0000000000000000     0.0000000000000000        0.3056544040412451     0.0000000000000000
    1    2
    -0.3618721175583093     0.6267809356346867       -0.1946572511149662    -0.1123854087676149        0.0000000000000000    -0.0000000000000000
    -0.1946572511149662    -0.1123854087676149       -0.3555627233180448     0.6158527435101200       -0.0000000000000000    -0.0000000000000000
    -0.0000000000000000    -0.0000000000000000        0.0000000000000000    -0.0000000000000000       -0.1350630271947543     0.2339360410688193
    2    1
    -0.3618721175583093    -0.6267809356346867       -0.1946572511149662     0.1123854087676149       -0.0000000000000000    -0.0000000000000000
    -0.1946572511149662     0.1123854087676149       -0.3555627233180448    -0.6158527435101200        0.0000000000000000    -0.0000000000000000
     0.0000000000000000    -0.0000000000000000       -0.0000000000000000    -0.0000000000000000       -0.1350630271947543    -0.2339360410688193
    2    2
     1.3814412480599096     0.0000000000000000        0.0000000000000000     0.0118330058326983        0.0000000000000000     0.0000000000000000
     0.0000000000000000    -0.0118330058326983        1.0602727944731525    -0.0000000000000000        0.0000000000000000     0.0000000000000000
     0.0000000000000000     0.0000000000000000       -0.0000000000000000     0.0000000000000000        0.3056544040412451     0.0000000000000000

     Dynamical Matrix in cartesian axes

     q = (    -0.135501355014     0.000000000000     0.000000000000 )

    1    1
     1.3814412480599096     0.0000000000000000        0.0000000000000000     0.0118330058326983        0.0000000000000000     0.0000000000000000
     0.0000000000000000    -0.0118330058326983        1.0602727944731525    -0.0000000000000000        0.0000000000000000    -0.0000000000000000
     0.0000000000000000     0.0000000000000000        0.0000000000000000    -0.0000000000000000        0.3056544040412451     0.0000000000000000
    1    2
    -0.3618721175583092    -0.6267809356346867       -0.1946572511149662     0.1123854087676149        0.0000000000000000     0.0000000000000000
    -0.1946572511149662     0.1123854087676149       -0.3555627233180449    -0.6158527435101198        0.0000000000000000     0.0000000000000000
     0.0000000000000000     0.0000000000000000        0.0000000000000000     0.0000000000000000       -0.1350630271947543    -0.2339360410688193
    2    1
    -0.3618721175583092     0.6267809356346867       -0.1946572511149662    -0.1123854087676149       -0.0000000000000000     0.0000000000000000
    -0.1946572511149662    -0.1123854087676149       -0.3555627233180449     0.6158527435101198       -0.0000000000000000     0.0000000000000000
     0.0000000000000000     0.0000000000000000       -0.0000000000000000     0.0000000000000000       -0.1350630271947543     0.2339360410688193
    2    2
     1.3814412480599096     0.0000000000000000        0.0000000000000000    -0.0118330058326983        0.0000000000000000     0.0000000000000000
     0.0000000000000000     0.0118330058326983        1.0602727944731525     0.0000000000000000        0.0000000000000000    -0.0000000000000000
     0.0000000000000000     0.0000000000000000       -0.0000000000000000    -0.0000000000000000        0.3056544040412451     0.0000000000000000

     Diagonalizing the dynamical matrix

     q = (     0.067750677507    -0.117347615689     0.000000000000 )

***************************************************************************
   freq (    1) =     5.92663340 [THz] =   197.69118259 [cm-1]
(  -0.000000  0.000000  -0.000000 -0.000000  -0.705744  0.043875 )
(  -0.000000 -0.000000  -0.000000  0.000000  -0.705744  0.043875 )
   freq (    2) =    17.72620403 [THz] =   591.28243635 [cm-1]
(  -0.608847  0.000000  -0.343353 -0.106838  -0.000000  0.000000 )
(  -0.601775 -0.092525  -0.355601  0.053419   0.000000 -0.000000 )
   freq (    3) =    23.85882745 [THz] =   795.84470527 [cm-1]
(  -0.000000  0.000000   0.000000  0.000000   0.682995 -0.183078 )
(  -0.000000 -0.000000   0.000000  0.000000  -0.682995  0.183078 )
   freq (    4) =    24.72552957 [THz] =   824.75477191 [cm-1]
(  -0.365028  0.000000   0.554000  0.244621  -0.000000  0.000000 )
(  -0.297264 -0.211848   0.593123  0.122310   0.000000 -0.000000 )
   freq (    5) =    42.31035298 [THz] =  1411.32125886 [cm-1]
(  -0.605603  0.000000  -0.333924 -0.147445  -0.000000  0.000000 )
(   0.591988  0.127691   0.357506 -0.073723   0.000000  0.000000 )
   freq (    6) =    45.95922680 [THz] =  1533.03457117 [cm-1]
(  -0.359591  0.000000   0.581353  0.180895   0.000000  0.000000 )
(   0.323671  0.156660  -0.602091 -0.090448  -0.000000 -0.000000 )
***************************************************************************
