Dynamical matrix file
File generated with the CellConstructor by Lorenzo Monacelli
1 2 0     1.8897259890000000     0.0000000000000000     0.0000000000000000     0.0000000000000000     0.0000000000000000     0.0000000000000000
Basis vectors
    2.4600000000000000     0.0000000000000000     0.0000000000000000
   -1.2300000000000000     2.1304224933097187     0.0000000000000000
    0.0000000000000000     0.0000000000000000    15.0000000000000000
	1  'C '  10947.3571678344233078
    1     1     0.0000000000000000    -0.0000000000000002     7.4999999999999982
    2     1     1.2299999999999998     0.7101408311032394     7.4999999999999982

     Dynamical Matrix in cartesian axes

     q = (    -0.271002710027     0.000000000000     0.000000000000 )

    1    1
     1.2332897930929481     0.0000000000000000       -0.0000000000000002     0.0508808225771079        0.0000000000000000     0.0000000000000000
    -0.0000000000000002    -0.0508808225771079        1.2332897930929483     0.0000000000000000        0.0000000000000000     0.0000000000000000
     0.0000000000000000     0.0000000000000000        0.0000000000000000     0.0000000000000000        0.2562533484482922     0.0000000000000000
    1    2
    -0.0701087982936734     0.1214319843579593       -0.1214319843579594    -0.0701087982936734        0.0000000000000000     0.0000000000000000
    -0.1214319843579594    -0.0701087982936734        0.0701087982936734    -0.1214319843579594        0.0000000000000000     0.0000000000000000
     0.0000000000000000     0.0000000000000000        0.0000000000000000     0.0000000000000000       -0.0000000000000000     0.0000000000000000
    2    1
    -0.0701087982936734    -0.1214319843579593       -0.1214319843579594     0.0701087982936734        0.0000000000000000     0.0000000000000000
    -0.1214319843579594     0.0701087982936734        0.0701087982936734     0.1214319843579594        0.0000000000000000     0.0000000000000000
     0.0000000000000000     0.0000000000000000        0.0000000000000000     0.0000000000000000       -0.0000000000000000    -0.0000000000000000
    2    2
     1.2332897930929481     0.0000000000000000       -0.0000000000000002    -0.0508808225771079        0.0000000000000000     0.0000000000000000
    -0.0000000000000002     0.0508808225771079        1.2332897930929483     0.0000000000000000        0.0000000000000000     0.0000000000000000
     0.0000000000000000     0.0000000000000000        0.0000000000000000     0.0000000000000000        0.2562533484482922     0.0000000000000000

     Dynamical Matrix in cartesian axes

     q = (     0.271002710027     0.000000000000     0.000000000000 )

    1    1
     1.2332897930929481     0.0000000000000000       -0.0000000000000002    -0.0508808225771079        0.0000000000000000     0.0000000000000000
    -0.0000000000000003     0.0508808225771079        1.2332897930929483     0.0000000000000000        0.0000000000000000     0.0000000000000000
     0.0000000000000000     0.0000000000000000        0.0000000000000000     0.0000000000000000        0.2562533484482922     0.0000000000000000
    1    2
    -0.0701087982936734    -0.1214319843579593       -0.1214319843579594     0.0701087982936734        0.0000000000000000     0.0000000000000000
    -0.1214319843579594     0.0701087982936734        0.0701087982936734     0.1214319843579594        0.0000000000000000     0.0000000000000000
     0.0000000000000000     0.0000000000000000        0.0000000000000000     0.0000000000000000       -0.0000000000000000    -0.0000000000000000
    2    1
    -0.0701087982936734     0.1214319843579593       -0.1214319843579594    -0.0701087982936734        0.0000000000000000     0.0000000000000000
    -0.1214319843579594    -0.0701087982936734        0.0701087982936734    -0.1214319843579594        0.0000000000000000     0.0000000000000000
     0.0000000000000000     0.0000000000000000        0.0000000000000000     0.0000000000000000       -0.0000000000000000     0.0000000000000000
    2    2
     1.2332897930929481     0.0000000000000000       -0.0000000000000002     0.0508808225771079        0.0000000000000000     0.0000000000000000
    -0.0000000000000003    -0.0508808225771079        1.2332897930929483     0.0000000000000000        0.0000000000000000     0.0000000000000000
     0.0000000000000000     0.0000000000000000        0.0000000000000000     0.0000000000000000        0.2562533484482922     0.0000000000000000

     Diagonalizing the dynamical matrix

     q = (    -0.271002710027     0.000000000000     0.000000000000 )

***************************************************************************
   freq (    1) =    15.91678702 [THz] =   530.92679016 [cm-1]
(  -0.000000  0.000000  -0.000000 -0.000000  -0.847258  0.531182 )
(   0.000000  0.000000  -0.000000  0.000000  -0.000000 -0.000000 )
   freq (    2) =    15.91678702 [THz] =   530.92679016 [cm-1]
(   0.000000  0.000000  -0.000000  0.000000   0.000000 -0.000000 )
(  -0.000000 -0.000000   0.000000 -0.000000  -0.883646 -0.468156 )
   freq (    3) =    29.86191076 [THz] =   996.08598185 [cm-1]
(   0.500000  0.000000   0.000000  0.500000  -0.000000  0.000000 )
(   0.250000  0.433013   0.433013 -0.250000  -0.000000 -0.000000 )
   freq (    4) =    35.63132682 [THz] =  1188.53295921 [cm-1]
(   0.680506  0.000000   0.000000 -0.680506   0.000000  0.000000 )
(  -0.189510 -0.031585   0.031585 -0.189510   0.000000  0.000000 )
   freq (    5) =    35.63132682 [THz] =  1188.53295921 [cm-1]
(  -0.192124  0.000000  -0.000000  0.192124   0.000000  0.000000 )
(  -0.671247 -0.111874   0.111874 -0.671247   0.000000  0.000000 )
   freq (    6) =    38.02941617 [THz] =  1268.52459791 [cm-1]
(  -0.500000  0.000000   0.000000 -0.500000   0.000000 -0.000000 )
(   0.250000  0.433013   0.433013 -0.250000  -0.000000 -0.000000 )
***************************************************************************
