Dynamical matrix file
File generated with the CellConstructor by Lorenzo Monacelli
1 2 0     1.8897259890000000     0.0000000000000000     0.0000000000000000     0.0000000000000000     0.0000000000000000     0.0000000000000000
Basis vectors
    2.4600000000000000     0.0000000000000000     0.0000000000000000
   -1.2300000000000000     2.1304224933097187     0.0000000000000000
    0.0000000000000000     0.0000000000000000    15.0000000000000000
	1  'C '  10947.3571678344233078
    1     1     0.0000000000000000    -0.0000000000000002     7.4999999999999982
    2     1     1.2299999999999998     0.7101408311032394     7.4999999999999982

     Dynamical Matrix in cartesian axes

     q = (     0.067750677507     0.195579359482     0.000000000000 )

    1    1
     1.0965401579164760     0.0000000000000000        0.0592526296461187     0.0216652313328053        0.0000000000000000     0.0000000000000000
     0.0592526296461187    -0.0216652313328053        1.4350950433822978    -0.0000000000000000        0.0000000000000000     0.0000000000000000
     0.0000000000000000     0.0000000000000000        0.0000000000000000     0.0000000000000000        0.2727804705472667     0.0000000000000000
    1    2
    -0.4237264429438597     0.3379307690324576       -0.0601573048693401    -0.0474343254388633        0.0000000000000000     0.0000000000000000
    -0.0601573048693401    -0.0474343254388633        0.0988553949158289     0.2600898789009115        0.0000000000000000     0.0000000000000000
     0.0000000000000000     0.0000000000000000        0.0000000000000000     0.0000000000000000       -0.0419288601242026     0.1202809526819737
    2    1
    -0.4237264429438597    -0.3379307690324576       -0.0601573048693401     0.0474343254388633        0.0000000000000000     0.0000000000000000
    -0.0601573048693401     0.0474343254388633        0.0988553949158289    -0.2600898789009115        0.0000000000000000     0.0000000000000000
     0.0000000000000000     0.0000000000000000        0.0000000000000000     0.0000000000000000       -0.0419288601242026    -0.1202809526819737
    2    2
     1.0965401579164760    -0.0000000000000000        0.0592526296461187    -0.0216652313328053        0.0000000000000000     0.0000000000000000
     0.0592526296461187     0.0216652313328053        1.4350950433822978     0.0000000000000000        0.0000000000000000     0.0000000000000000
     0.0000000000000000     0.0000000000000000        0.0000000000000000     0.0000000000000000        0.2727804705472667     0.0000000000000000

     Dynamical Matrix in cartesian axes

     q = (    -0.067750677507    -0.195579359482     0.000000000000 )

    1    1
     1.0965401579164760    -0.0000000000000000        0.0592526296461187    -0.0216652313328053        0.0000000000000000     0.0000000000000000
     0.0592526296461187     0.0216652313328053        1.4350950433822978     0.0000000000000000        0.0000000000000000     0.0000000000000000
     0.0000000000000000     0.0000000000000000        0.0000000000000000     0.0000000000000000        0.2727804705472667     0.0000000000000000
    1    2
    -0.4237264429438597    -0.3379307690324574       -0.0601573048693401     0.0474343254388633        0.0000000000000000     0.0000000000000000
    -0.0601573048693401     0.0474343254388633        0.0988553949158289    -0.2600898789009115        0.0000000000000000     0.0000000000000000
     0.0000000000000000     0.0000000000000000        0.0000000000000000     0.0000000000000000       -0.0419288601242026    -0.1202809526819737
    2    1
    -0.4237264429438597     0.3379307690324574       -0.0601573048693401    -0.0474343254388633        0.0000000000000000     0.0000000000000000
    -0.0601573048693401    -0.0474343254388633        0.0988553949158289     0.2600898789009115        0.0000000000000000     0.0000000000000000
     0.0000000000000000     0.0000000000000000        0.0000000000000000     0.0000000000000000       -0.0419288601242026     0.1202809526819737
    2    2
     1.0965401579164760     0.0000000000000000        0.0592526296461187     0.0216652313328053        0.0000000000000000     0.0000000000000000
     0.0592526296461187    -0.0216652313328053        1.4350950433822978    -0.0000000000000000        0.0000000000000000     0.0000000000000000
     0.0000000000000000     0.0000000000000000        0.0000000000000000     0.0000000000000000        0.2727804705472667     0.0000000000000000

     Dynamical Matrix in cartesian axes

     q = (    -0.067750677507     0.195579359482     0.000000000000 )

    1    1
     1.0965401579164760     0.0000000000000000       -0.0592526296461187    -0.0216652313328053        0.0000000000000000     0.0000000000000000
    -0.0592526296461187     0.0216652313328053        1.4350950433822978    -0.0000000000000000        0.0000000000000000     0.0000000000000000
     0.0000000000000000     0.0000000000000000        0.0000000000000000     0.0000000000000000        0.2727804705472667     0.0000000000000000
    1    2
    -0.5045198464047652    -0.1979924940305472       -0.0110006806160810     0.0758149166389155        0.0000000000000000     0.0000000000000000
    -0.0110006806160809     0.0758149166389155       -0.1758167512219152     0.2156562176252436        0.0000000000000000     0.0000000000000000
     0.0000000000000000     0.0000000000000000        0.0000000000000000     0.0000000000000000       -0.1251307913704842     0.0238290146752758
    2    1
    -0.5045198464047652     0.1979924940305472       -0.0110006806160810    -0.0758149166389155        0.0000000000000000     0.0000000000000000
    -0.0110006806160809    -0.0758149166389155       -0.1758167512219152    -0.2156562176252436        0.0000000000000000     0.0000000000000000
     0.0000000000000000     0.0000000000000000        0.0000000000000000     0.0000000000000000       -0.1251307913704842    -0.0238290146752758
    2    2
     1.0965401579164760    -0.0000000000000000       -0.0592526296461187     0.0216652313328053        0.0000000000000000     0.0000000000000000
    -0.0592526296461187    -0.0216652313328053        1.4350950433822978     0.0000000000000000        0.0000000000000000     0.0000000000000000
     0.0000000000000000     0.0000000000000000        0.0000000000000000     0.0000000000000000        0.2727804705472667     0.0000000000000000

     Dynamical Matrix in cartesian axes

     q = (     0.067750677507    -0.195579359482     0.000000000000 )

    1    1
     1.0965401579164760    -0.0000000000000000       -0.0592526296461187     0.0216652313328053        0.0000000000000000     0.0000000000000000
    -0.0592526296461187    -0.0216652313328053        1.4350950433822978     0.0000000000000000        0.0000000000000000     0.0000000000000000
     0.0000000000000000     0.0000000000000000        0.0000000000000000     0.0000000000000000        0.2727804705472667     0.0000000000000000
    1    2
    -0.5045198464047652     0.1979924940305472       -0.0110006806160810    -0.0758149166389155        0.0000000000000000     0.0000000000000000
    -0.0110006806160809    -0.0758149166389155       -0.1758167512219152    -0.2156562176252436        0.0000000000000000     0.0000000000000000
     0.0000000000000000     0.0000000000000000        0.0000000000000000     0.0000000000000000       -0.1251307913704842    -0.0238290146752758
    2    1
    -0.5045198464047652    -0.1979924940305472       -0.0110006806160810     0.0758149166389155        0.0000000000000000     0.0000000000000000
    -0.0110006806160809     0.0758149166389155       -0.1758167512219152     0.2156562176252436        0.0000000000000000     0.0000000000000000
     0.0000000000000000     0.0000000000000000        0.0000000000000000     0.0000000000000000       -0.1251307913704842     0.0238290146752758
    2    2
     1.0965401579164760     0.0000000000000000       -0.0592526296461187    -0.0216652313328053        0.0000000000000000     0.0000000000000000
    -0.0592526296461187     0.0216652313328053        1.4350950433822978    -0.0000000000000000        0.0000000000000000     0.0000000000000000
     0.0000000000000000     0.0000000000000000        0.0000000000000000     0.0000000000000000        0.2727804705472667     0.0000000000000000

     Dynamical Matrix in cartesian axes

     q = (    -0.135501355014     0.156463487585     0.000000000000 )

    1    1
     1.2991420395012723    -0.0000000000000000       -0.1762248805174255    -0.0216652313328053        0.0000000000000000     0.0000000000000000
    -0.1762248805174255     0.0216652313328053        1.2324931617975017     0.0000000000000000        0.0000000000000000     0.0000000000000000
     0.0000000000000000     0.0000000000000000        0.0000000000000000     0.0000000000000000        0.2727804705472667     0.0000000000000000
    1    2
    -0.2675193938900730    -0.1779016835063961       -0.1478329556735017     0.1412076879488518        0.0000000000000000     0.0000000000000000
    -0.1478329556735017     0.1412076879488518       -0.4128172037366076     0.1602379599117001        0.0000000000000000     0.0000000000000000
     0.0000000000000000     0.0000000000000000        0.0000000000000000     0.0000000000000000       -0.1251307913704842    -0.0238290146752757
    2    1
    -0.2675193938900730     0.1779016835063961       -0.1478329556735017    -0.1412076879488518        0.0000000000000000     0.0000000000000000
    -0.1478329556735017    -0.1412076879488518       -0.4128172037366076    -0.1602379599117001        0.0000000000000000     0.0000000000000000
     0.0000000000000000     0.0000000000000000        0.0000000000000000     0.0000000000000000       -0.1251307913704842     0.0238290146752757
    2    2
     1.2991420395012723     0.0000000000000000       -0.1762248805174255     0.0216652313328053        0.0000000000000000     0.0000000000000000
    -0.1762248805174255    -0.0216652313328053        1.2324931617975017    -0.0000000000000000        0.0000000000000000     0.0000000000000000
     0.0000000000000000     0.0000000000000000        0.0000000000000000     0.0000000000000000        0.2727804705472667     0.0000000000000000

     Dynamical Matrix in cartesian axes

     q = (     0.203252032520     0.039115871896     0.000000000000 )

    1    1
     1.4017706045304117     0.0000000000000000        0.1169722508713068    -0.0216652313328053        0.0000000000000000     0.0000000000000000
     0.1169722508713068     0.0216652313328053        1.1298645967683623    -0.0000000000000000        0.0000000000000000     0.0000000000000000
     0.0000000000000000     0.0000000000000000        0.0000000000000000     0.0000000000000000        0.2727804705472667     0.0000000000000000
    1    2
     0.0838878396369245     0.2384707632586566       -0.2563632268793546    -0.0099889090221387        0.0000000000000000     0.0000000000000000
    -0.2563632268793546    -0.0099889090221387        0.2409832606717326     0.3595498562735800        0.0000000000000000     0.0000000000000000
     0.0000000000000000     0.0000000000000000        0.0000000000000000     0.0000000000000000        0.0419288706394977     0.1202809490164357
    2    1
     0.0838878396369245    -0.2384707632586566       -0.2563632268793546     0.0099889090221387        0.0000000000000000     0.0000000000000000
    -0.2563632268793546     0.0099889090221387        0.2409832606717326    -0.3595498562735800        0.0000000000000000     0.0000000000000000
     0.0000000000000000     0.0000000000000000        0.0000000000000000     0.0000000000000000        0.0419288706394977    -0.1202809490164357
    2    2
     1.4017706045304117    -0.0000000000000000        0.1169722508713068     0.0216652313328053        0.0000000000000000     0.0000000000000000
     0.1169722508713068    -0.0216652313328053        1.1298645967683623     0.0000000000000000        0.0000000000000000     0.0000000000000000
     0.0000000000000000     0.0000000000000000        0.0000000000000000     0.0000000000000000        0.2727804705472667     0.0000000000000000

     Dynamical Matrix in cartesian axes

     q = (    -0.203252032520    -0.039115871896     0.000000000000 )

    1    1
     1.4017706045304117    -0.0000000000000000        0.1169722508713068     0.0216652313328053        0.0000000000000000     0.0000000000000000
     0.1169722508713068    -0.0216652313328053        1.1298645967683623     0.0000000000000000        0.0000000000000000     0.0000000000000000
     0.0000000000000000     0.0000000000000000        0.0000000000000000     0.0000000000000000        0.2727804705472667     0.0000000000000000
    1    2
     0.0838878396369245    -0.2384707632586566       -0.2563632268793546     0.0099889090221387        0.0000000000000000     0.0000000000000000
    -0.2563632268793546     0.0099889090221387        0.2409832606717326    -0.3595498562735802        0.0000000000000000     0.0000000000000000
     0.0000000000000000     0.0000000000000000        0.0000000000000000     0.0000000000000000        0.0419288706394977    -0.1202809490164357
    2    1
     0.0838878396369245     0.2384707632586566       -0.2563632268793546    -0.0099889090221387        0.0000000000000000     0.0000000000000000
    -0.2563632268793546    -0.0099889090221387        0.2409832606717326     0.3595498562735802        0.0000000000000000     0.0000000000000000
     0.0000000000000000     0.0000000000000000        0.0000000000000000     0.0000000000000000        0.0419288706394977     0.1202809490164357
    2    2
     1.4017706045304117     0.0000000000000000        0.1169722508713068    -0.0216652313328053        0.0000000000000000     0.0000000000000000
     0.1169722508713068     0.0216652313328053        1.1298645967683623    -0.0000000000000000        0.0000000000000000     0.0000000000000000
     0.0000000000000000     0.0000000000000000        0.0000000000000000     0.0000000000000000        0.2727804705472667     0.0000000000000000

     Dynamical Matrix in cartesian axes

     q = (     0.135501355014    -0.156463487585     0.000000000000 )

    1    1
     1.2991420395012723     0.0000000000000000       -0.1762248805174255     0.0216652313328053        0.0000000000000000     0.0000000000000000
    -0.1762248805174255    -0.0216652313328053        1.2324931617975017    -0.0000000000000000        0.0000000000000000     0.0000000000000000
     0.0000000000000000     0.0000000000000000        0.0000000000000000     0.0000000000000000        0.2727804705472667     0.0000000000000000
    1    2
    -0.2675193938900730     0.1779016835063961       -0.1478329556735017    -0.1412076879488518        0.0000000000000000     0.0000000000000000
    -0.1478329556735017    -0.1412076879488518       -0.4128172037366076    -0.1602379599117001        0.0000000000000000     0.0000000000000000
     0.0000000000000000     0.0000000000000000        0.0000000000000000     0.0000000000000000       -0.1251307913704842     0.0238290146752757
    2    1
    -0.2675193938900730    -0.1779016835063961       -0.1478329556735017     0.1412076879488518        0.0000000000000000     0.0000000000000000
    -0.1478329556735017     0.1412076879488518       -0.4128172037366076     0.1602379599117001        0.0000000000000000     0.0000000000000000
     0.0000000000000000     0.0000000000000000        0.0000000000000000     0.0000000000000000       -0.1251307913704842    -0.0238290146752757
    2    2
     1.2991420395012723    -0.0000000000000000       -0.1762248805174255    -0.0216652313328053        0.0000000000000000     0.0000000000000000
    -0.1762248805174255     0.0216652313328053        1.2324931617975017     0.0000000000000000        0.0000000000000000     0.0000000000000000
     0.0000000000000000     0.0000000000000000        0.0000000000000000     0.0000000000000000        0.2727804705472667     0.0000000000000000

     Dynamical Matrix in cartesian axes

     q = (    -0.135501355014    -0.156463487585     0.000000000000 )

    1    1
     1.2991420395012723     0.0000000000000000        0.1762248805174255    -0.0216652313328053        0.0000000000000000     0.0000000000000000
     0.1762248805174255     0.0216652313328053        1.2324931617975017    -0.0000000000000000        0.0000000000000000     0.0000000000000000
     0.0000000000000000     0.0000000000000000        0.0000000000000000     0.0000000000000000        0.2727804705472667     0.0000000000000000
    1    2
    -0.0203076616606442    -0.3206294340505854       -0.1962059261568554     0.0574232397201206        0.0000000000000000     0.0000000000000000
    -0.1962059261568554     0.0574232397201206        0.3451787619693015    -0.2773911854816511        0.0000000000000000     0.0000000000000000
     0.0000000000000000     0.0000000000000000        0.0000000000000000     0.0000000000000000        0.0419288706394977    -0.1202809490164357
    2    1
    -0.0203076616606442     0.3206294340505854       -0.1962059261568554    -0.0574232397201206        0.0000000000000000     0.0000000000000000
    -0.1962059261568554    -0.0574232397201206        0.3451787619693015     0.2773911854816511        0.0000000000000000     0.0000000000000000
     0.0000000000000000     0.0000000000000000        0.0000000000000000     0.0000000000000000        0.0419288706394977     0.1202809490164357
    2    2
     1.2991420395012723    -0.0000000000000000        0.1762248805174255     0.0216652313328053        0.0000000000000000     0.0000000000000000
     0.1762248805174255    -0.0216652313328053        1.2324931617975017     0.0000000000000000        0.0000000000000000     0.0000000000000000
     0.0000000000000000     0.0000000000000000        0.0000000000000000     0.0000000000000000        0.2727804705472667     0.0000000000000000

     Dynamical Matrix in cartesian axes

     q = (     0.203252032520    -0.039115871896     0.000000000000 )

    1    1
     1.4017706045304117    -0.0000000000000000       -0.1169722508713068    -0.0216652313328053        0.0000000000000000     0.0000000000000000
    -0.1169722508713068     0.0216652313328053        1.1298645967683623     0.0000000000000000        0.0000000000000000     0.0000000000000000
     0.0000000000000000     0.0000000000000000        0.0000000000000000     0.0000000000000000        0.2727804705472667     0.0000000000000000
    1    2
    -0.0838878187891472     0.2384707705923638       -0.2563632260060955     0.0099889314341245        0.0000000000000000     0.0000000000000000
    -0.2563632260060955     0.0099889314341245       -0.2409832292388840     0.3595498773410052        0.0000000000000000     0.0000000000000000
     0.0000000000000000     0.0000000000000000        0.0000000000000000     0.0000000000000000       -0.0419288601242027     0.1202809526819736
    2    1
    -0.0838878187891472    -0.2384707705923638       -0.2563632260060955    -0.0099889314341245        0.0000000000000000     0.0000000000000000
    -0.2563632260060955    -0.0099889314341245       -0.2409832292388840    -0.3595498773410052        0.0000000000000000     0.0000000000000000
     0.0000000000000000     0.0000000000000000        0.0000000000000000     0.0000000000000000       -0.0419288601242027    -0.1202809526819736
    2    2
     1.4017706045304117     0.0000000000000000       -0.1169722508713068     0.0216652313328053        0.0000000000000000     0.0000000000000000
    -0.1169722508713068    -0.0216652313328053        1.1298645967683623    -0.0000000000000000        0.0000000000000000     0.0000000000000000
     0.0000000000000000     0.0000000000000000        0.0000000000000000     0.0000000000000000        0.2727804705472667     0.0000000000000000

     Dynamical Matrix in cartesian axes

     q = (    -0.203252032520     0.039115871896     0.000000000000 )

    1    1
     1.4017706045304117     0.0000000000000000       -0.1169722508713068     0.0216652313328053        0.0000000000000000     0.0000000000000000
    -0.1169722508713068    -0.0216652313328053        1.1298645967683623    -0.0000000000000000        0.0000000000000000     0.0000000000000000
     0.0000000000000000     0.0000000000000000        0.0000000000000000     0.0000000000000000        0.2727804705472667     0.0000000000000000
    1    2
    -0.0838878187891472    -0.2384707705923638       -0.2563632260060955    -0.0099889314341245        0.0000000000000000     0.0000000000000000
    -0.2563632260060955    -0.0099889314341245       -0.2409832292388840    -0.3595498773410051        0.0000000000000000     0.0000000000000000
     0.0000000000000000     0.0000000000000000        0.0000000000000000     0.0000000000000000       -0.0419288601242027    -0.1202809526819736
    2    1
    -0.0838878187891472     0.2384707705923638       -0.2563632260060955     0.0099889314341245        0.0000000000000000     0.0000000000000000
    -0.2563632260060955     0.0099889314341245       -0.2409832292388840     0.3595498773410051        0.0000000000000000     0.0000000000000000
     0.0000000000000000     0.0000000000000000        0.0000000000000000     0.0000000000000000       -0.0419288601242027     0.1202809526819736
    2    2
     1.4017706045304117    -0.0000000000000000       -0.1169722508713068    -0.0216652313328053        0.0000000000000000     0.0000000000000000
    -0.1169722508713068     0.0216652313328053        1.1298645967683623     0.0000000000000000        0.0000000000000000     0.0000000000000000
     0.0000000000000000     0.0000000000000000        0.0000000000000000     0.0000000000000000        0.2727804705472667     0.0000000000000000

     Dynamical Matrix in cartesian axes

     q = (     0.135501355014     0.156463487585     0.000000000000 )

    1    1
     1.2991420395012723    -0.0000000000000000        0.1762248805174255     0.0216652313328053        0.0000000000000000     0.0000000000000000
     0.1762248805174255    -0.0216652313328053        1.2324931617975017     0.0000000000000000        0.0000000000000000     0.0000000000000000
     0.0000000000000000     0.0000000000000000        0.0000000000000000     0.0000000000000000        0.2727804705472667     0.0000000000000000
    1    2
    -0.0203076616606442     0.3206294340505854       -0.1962059261568554    -0.0574232397201206        0.0000000000000000     0.0000000000000000
    -0.1962059261568554    -0.0574232397201206        0.3451787619693014     0.2773911854816511        0.0000000000000000     0.0000000000000000
     0.0000000000000000     0.0000000000000000        0.0000000000000000     0.0000000000000000        0.0419288706394977     0.1202809490164357
    2    1
    -0.0203076616606442    -0.3206294340505854       -0.1962059261568554     0.0574232397201206        0.0000000000000000     0.0000000000000000
    -0.1962059261568554     0.0574232397201206        0.3451787619693014    -0.2773911854816511        0.0000000000000000     0.0000000000000000
     0.0000000000000000     0.0000000000000000        0.0000000000000000     0.0000000000000000        0.0419288706394977    -0.1202809490164357
    2    2
     1.2991420395012723     0.0000000000000000        0.1762248805174255    -0.0216652313328053        0.0000000000000000     0.0000000000000000
     0.1762248805174255     0.0216652313328053        1.2324931617975017    -0.0000000000000000        0.0000000000000000     0.0000000000000000
     0.0000000000000000     0.0000000000000000        0.0000000000000000     0.0000000000000000        0.2727804705472667     0.0000000000000000

     Diagonalizing the dynamical matrix

     q = (     0.067750677507     0.195579359482     0.000000000000 )

***************************************************************************
   freq (    1) =    11.98958868 [THz] =   399.92957262 [cm-1]
(  -0.000000  0.000000   0.000000  0.000000   0.619444  0.341012 )
(  -0.000000  0.000000  -0.000000  0.000000  -0.118109  0.697173 )
   freq (    2) =    19.89012221 [THz] =   663.46296692 [cm-1]
(   0.000000  0.000000  -0.000000 -0.000000  -0.628619 -0.323788 )
(   0.000000  0.000000  -0.000000 -0.000000  -0.098824  0.700167 )
   freq (    3) =    23.07821608 [THz] =   769.80631631 [cm-1]
(   0.698751  0.000000  -0.066059  0.085929   0.000000  0.000000 )
(   0.534660  0.449879   0.004778 -0.108281   0.000000 -0.000000 )
   freq (    4) =    33.78458444 [THz] =  1126.93227273 [cm-1]
(   0.162250  0.000000   0.045511 -0.686734  -0.000000 -0.000000 )
(   0.075921 -0.143391   0.628209  0.281120   0.000000  0.000000 )
   freq (    5) =    40.28324886 [THz] =  1343.70435348 [cm-1]
(   0.642349  0.000000  -0.152750  0.253092   0.000000 -0.000000 )
(  -0.497631 -0.406171  -0.041699  0.292658  -0.000000  0.000000 )
   freq (    6) =    41.34059565 [THz] =  1378.97364106 [cm-1]
(   0.269834  0.000000   0.507325 -0.412081   0.000000  0.000000 )
(  -0.245555 -0.111862  -0.290846 -0.585319   0.000000 -0.000000 )
***************************************************************************
