Dynamical matrix file
File generated with the CellConstructor by Lorenzo Monacelli
1 2 0     1.8897259890000000     0.0000000000000000     0.0000000000000000     0.0000000000000000     0.0000000000000000     0.0000000000000000
Basis vectors
    2.4600000000000000     0.0000000000000000     0.0000000000000000
   -1.2300000000000000     2.1304224933097187     0.0000000000000000
    0.0000000000000000     0.0000000000000000    15.0000000000000000
	1  'C '  10947.3571678344233078
    1     1     0.0000000000000000    -0.0000000000000002     7.4999999999999982
    2     1     1.2299999999999998     0.7101408311032394     7.4999999999999982

     Dynamical Matrix in cartesian axes

     q = (     0.135501355014    -0.078231743793     0.000000000000 )

    1    1
     1.3628742456424092     0.0000000000000000       -0.1972131185760204     0.0000000000000000        0.0000000000000000     0.0000000000000000
    -0.1972131185760203     0.0000000000000000        1.1351521514472280     0.0000000000000000       -0.0000000000000000     0.0000000000000000
     0.0000000000000000     0.0000000000000000       -0.0000000000000000     0.0000000000000000        0.2974809985381811     0.0000000000000000
    1    2
    -0.4157300081643630     0.4177843153461567       -0.1800299393499953    -0.1499172018544096        0.0000000000000000     0.0000000000000000
    -0.1800299393499953    -0.1499172018544096       -0.6236106760561868     0.2446748416525592        0.0000000000000000     0.0000000000000000
    -0.0000000000000000    -0.0000000000000000       -0.0000000000000000    -0.0000000000000000       -0.1777014396744904     0.1456121737015922
    2    1
    -0.4157300081643630    -0.4177843153461567       -0.1800299393499953     0.1499172018544096       -0.0000000000000000     0.0000000000000000
    -0.1800299393499953     0.1499172018544096       -0.6236106760561868    -0.2446748416525592       -0.0000000000000000     0.0000000000000000
     0.0000000000000000    -0.0000000000000000        0.0000000000000000    -0.0000000000000000       -0.1777014396744904    -0.1456121737015922
    2    2
     1.3628742456424092     0.0000000000000000       -0.1972131185760204     0.0000000000000000        0.0000000000000000     0.0000000000000000
    -0.1972131185760203     0.0000000000000000        1.1351521514472280     0.0000000000000000        0.0000000000000000     0.0000000000000000
     0.0000000000000000     0.0000000000000000        0.0000000000000000     0.0000000000000000        0.2974809985381811     0.0000000000000000

     Dynamical Matrix in cartesian axes

     q = (    -0.135501355014     0.078231743793     0.000000000000 )

    1    1
     1.3628742456424092     0.0000000000000000       -0.1972131185760204     0.0000000000000000        0.0000000000000000     0.0000000000000000
    -0.1972131185760203     0.0000000000000000        1.1351521514472280     0.0000000000000000       -0.0000000000000000     0.0000000000000000
     0.0000000000000000    -0.0000000000000000       -0.0000000000000000    -0.0000000000000000        0.2974809985381811     0.0000000000000000
    1    2
    -0.4157300081643630    -0.4177843153461567       -0.1800299393499953     0.1499172018544095        0.0000000000000000    -0.0000000000000000
    -0.1800299393499953     0.1499172018544095       -0.6236106760561868    -0.2446748416525593        0.0000000000000000    -0.0000000000000000
    -0.0000000000000000     0.0000000000000000       -0.0000000000000000     0.0000000000000000       -0.1777014396744904    -0.1456121737015922
    2    1
    -0.4157300081643630     0.4177843153461567       -0.1800299393499953    -0.1499172018544095       -0.0000000000000000    -0.0000000000000000
    -0.1800299393499953    -0.1499172018544095       -0.6236106760561868     0.2446748416525593       -0.0000000000000000    -0.0000000000000000
     0.0000000000000000     0.0000000000000000        0.0000000000000000     0.0000000000000000       -0.1777014396744904     0.1456121737015922
    2    2
     1.3628742456424092     0.0000000000000000       -0.1972131185760204     0.0000000000000000        0.0000000000000000     0.0000000000000000
    -0.1972131185760203     0.0000000000000000        1.1351521514472280     0.0000000000000000        0.0000000000000000     0.0000000000000000
     0.0000000000000000    -0.0000000000000000        0.0000000000000000    -0.0000000000000000        0.2974809985381811     0.0000000000000000

     Dynamical Matrix in cartesian axes

     q = (    -0.135501355014    -0.078231743793     0.000000000000 )

    1    1
     1.3628742456424092     0.0000000000000000        0.1972131185760203     0.0000000000000000        0.0000000000000000     0.0000000000000000
     0.1972131185760203     0.0000000000000000        1.1351521514472278     0.0000000000000000        0.0000000000000000     0.0000000000000000
     0.0000000000000000     0.0000000000000000        0.0000000000000000     0.0000000000000000        0.2974809985381811     0.0000000000000000
    1    2
    -0.1539467931522812    -0.5689249148312342       -0.2198470796632222     0.0809518871785679       -0.0000000000000000    -0.0000000000000000
    -0.2198470796632222     0.0809518871785678        0.0999107480959477    -0.6624001025391432        0.0000000000000000    -0.0000000000000000
    -0.0000000000000000     0.0000000000000000        0.0000000000000000     0.0000000000000000       -0.0372531084761070    -0.2267000500691533
    2    1
    -0.1539467931522812     0.5689249148312342       -0.2198470796632222    -0.0809518871785679        0.0000000000000000    -0.0000000000000000
    -0.2198470796632222    -0.0809518871785678        0.0999107480959477     0.6624001025391432       -0.0000000000000000    -0.0000000000000000
     0.0000000000000000     0.0000000000000000       -0.0000000000000000     0.0000000000000000       -0.0372531084761070     0.2267000500691533
    2    2
     1.3628742456424092     0.0000000000000000        0.1972131185760203     0.0000000000000000        0.0000000000000000     0.0000000000000000
     0.1972131185760203     0.0000000000000000        1.1351521514472278     0.0000000000000000        0.0000000000000000     0.0000000000000000
     0.0000000000000000     0.0000000000000000        0.0000000000000000     0.0000000000000000        0.2974809985381811     0.0000000000000000

     Dynamical Matrix in cartesian axes

     q = (     0.135501355014     0.078231743793     0.000000000000 )

    1    1
     1.3628742456424092     0.0000000000000000        0.1972131185760203     0.0000000000000000        0.0000000000000000     0.0000000000000000
     0.1972131185760203     0.0000000000000000        1.1351521514472278     0.0000000000000000        0.0000000000000000     0.0000000000000000
     0.0000000000000000    -0.0000000000000000        0.0000000000000000    -0.0000000000000000        0.2974809985381811     0.0000000000000000
    1    2
    -0.1539467931522812     0.5689249148312342       -0.2198470796632222    -0.0809518871785679       -0.0000000000000000     0.0000000000000000
    -0.2198470796632222    -0.0809518871785678        0.0999107480959477     0.6624001025391432       -0.0000000000000000     0.0000000000000000
    -0.0000000000000000    -0.0000000000000000       -0.0000000000000000    -0.0000000000000000       -0.0372531084761070     0.2267000500691533
    2    1
    -0.1539467931522812    -0.5689249148312342       -0.2198470796632222     0.0809518871785679        0.0000000000000000     0.0000000000000000
    -0.2198470796632222     0.0809518871785678        0.0999107480959477    -0.6624001025391432        0.0000000000000000     0.0000000000000000
     0.0000000000000000    -0.0000000000000000        0.0000000000000000    -0.0000000000000000       -0.0372531084761070    -0.2267000500691533
    2    2
     1.3628742456424092     0.0000000000000000        0.1972131185760203     0.0000000000000000        0.0000000000000000     0.0000000000000000
     0.1972131185760203     0.0000000000000000        1.1351521514472278     0.0000000000000000        0.0000000000000000     0.0000000000000000
     0.0000000000000000    -0.0000000000000000        0.0000000000000000    -0.0000000000000000        0.2974809985381811     0.0000000000000000

     Dynamical Matrix in cartesian axes

     q = (    -0.000000000000    -0.156463487585     0.000000000000 )

    1    1
     1.0212911043496367     0.0000000000000000        0.0000000000000000     0.0000000000000000        0.0000000000000000     0.0000000000000000
     0.0000000000000000     0.0000000000000000        1.4767352927400010     0.0000000000000000        0.0000000000000000     0.0000000000000000
     0.0000000000000000     0.0000000000000000        0.0000000000000000    -0.0000000000000000        0.2974809985381811     0.0000000000000000
    1    2
    -0.7275510100020981    -0.1581201048057609        0.0000000000000000    -0.0000000000000000        0.0000000000000000     0.0000000000000000
     0.0000000000000000    -0.0000000000000000       -0.3117896742184509    -0.5043390521929560        0.0000000000000000    -0.0000000000000000
     0.0000000000000000    -0.0000000000000000       -0.0000000000000000     0.0000000000000000       -0.1777014396744903    -0.1456121737015922
    2    1
    -0.7275510100020981     0.1581201048057609        0.0000000000000000     0.0000000000000000        0.0000000000000000     0.0000000000000000
     0.0000000000000000     0.0000000000000000       -0.3117896742184509     0.5043390521929560       -0.0000000000000000    -0.0000000000000000
     0.0000000000000000    -0.0000000000000000        0.0000000000000000     0.0000000000000000       -0.1777014396744903     0.1456121737015922
    2    2
     1.0212911043496367     0.0000000000000000        0.0000000000000000     0.0000000000000000        0.0000000000000000     0.0000000000000000
     0.0000000000000000     0.0000000000000000        1.4767352927400010     0.0000000000000000        0.0000000000000000     0.0000000000000000
     0.0000000000000000     0.0000000000000000        0.0000000000000000    -0.0000000000000000        0.2974809985381811     0.0000000000000000

     Dynamical Matrix in cartesian axes

     q = (     0.000000000000     0.156463487585     0.000000000000 )

    1    1
     1.0212911043496367     0.0000000000000000        0.0000000000000000     0.0000000000000000        0.0000000000000000     0.0000000000000000
     0.0000000000000000     0.0000000000000000        1.4767352927400010     0.0000000000000000        0.0000000000000000     0.0000000000000000
     0.0000000000000000     0.0000000000000000        0.0000000000000000     0.0000000000000000        0.2974809985381811     0.0000000000000000
    1    2
    -0.7275510100020983     0.1581201048057609        0.0000000000000000     0.0000000000000000        0.0000000000000000    -0.0000000000000000
     0.0000000000000000     0.0000000000000000       -0.3117896742184509     0.5043390521929560        0.0000000000000000     0.0000000000000000
     0.0000000000000000    -0.0000000000000000        0.0000000000000000    -0.0000000000000000       -0.1777014396744903     0.1456121737015922
    2    1
    -0.7275510100020983    -0.1581201048057609        0.0000000000000000    -0.0000000000000000       -0.0000000000000000    -0.0000000000000000
     0.0000000000000000    -0.0000000000000000       -0.3117896742184509    -0.5043390521929560       -0.0000000000000000     0.0000000000000000
    -0.0000000000000000    -0.0000000000000000       -0.0000000000000000    -0.0000000000000000       -0.1777014396744903    -0.1456121737015922
    2    2
     1.0212911043496367     0.0000000000000000        0.0000000000000000     0.0000000000000000        0.0000000000000000     0.0000000000000000
     0.0000000000000000     0.0000000000000000        1.4767352927400010     0.0000000000000000        0.0000000000000000     0.0000000000000000
     0.0000000000000000     0.0000000000000000        0.0000000000000000     0.0000000000000000        0.2974809985381811     0.0000000000000000

     Diagonalizing the dynamical matrix

     q = (     0.135501355014    -0.078231743793     0.000000000000 )

***************************************************************************
   freq (    1) =     8.18360688 [THz] =   272.97570348 [cm-1]
(   0.000000  0.000000   0.000000 -0.000000  -0.547233  0.447812 )
(   0.000000 -0.000000   0.000000  0.000000  -0.707107 -0.000466 )
   freq (    2) =    16.54128317 [THz] =   551.75773635 [cm-1]
(  -0.353553  0.000000  -0.612372 -0.000000  -0.000000  0.000000 )
(  -0.345488 -0.075086  -0.598403 -0.130052  -0.000000 -0.000000 )
   freq (    3) =    22.83059314 [THz] =   761.54650551 [cm-1]
(   0.000000  0.000000  -0.000000  0.000000   0.567058 -0.422428 )
(   0.000000  0.000000   0.000000 -0.000000  -0.706352 -0.032665 )
   freq (    4) =    29.55955943 [THz] =   986.00062835 [cm-1]
(  -0.612372  0.000000   0.353553  0.000000   0.000000 -0.000000 )
(  -0.322011 -0.520873   0.185913  0.300726  -0.000000 -0.000000 )
   freq (    5) =    41.78251743 [THz] =  1393.71456288 [cm-1]
(   0.353553  0.000000   0.612372  0.000000   0.000000 -0.000000 )
(  -0.345488 -0.075086  -0.598403 -0.130052  -0.000000 -0.000000 )
   freq (    6) =    45.23463647 [THz] =  1508.86484282 [cm-1]
(  -0.612372  0.000000   0.353553  0.000000   0.000000 -0.000000 )
(   0.322011  0.520873  -0.185913 -0.300726  -0.000000 -0.000000 )
***************************************************************************
