Dynamical matrix file
File generated with the CellConstructor by Lorenzo Monacelli
1 2 0     1.8897259890000000     0.0000000000000000     0.0000000000000000     0.0000000000000000     0.0000000000000000     0.0000000000000000
Basis vectors
    2.4600000000000000     0.0000000000000000     0.0000000000000000
   -1.2300000000000000     2.1304224933097187     0.0000000000000000
    0.0000000000000000     0.0000000000000000    15.0000000000000000
	1  'C '  10947.3571678344233078
    1     1     0.0000000000000000    -0.0000000000000002     7.4999999999999982
    2     1     1.2299999999999998     0.7101408311032394     7.4999999999999982

     Dynamical Matrix in cartesian axes

     q = (     0.067750677507    -0.039115871896     0.000000000000 )

    1    1
     1.1934287942492812     0.0000000000000000       -0.0816076838319326     0.0000000000000000        0.0000000000000000     0.0000000000000000
    -0.0816076838319326     0.0000000000000000        1.0991963577926653     0.0000000000000000        0.0000000000000000     0.0000000000000000
     0.0000000000000000    -0.0000000000000000        0.0000000000000000     0.0000000000000000        0.3299800484248651     0.0000000000000000
    1    2
    -0.8899704613700119     0.3889755453725285       -0.0243427691193138    -0.1108954715833699       -0.0000000000000000     0.0000000000000000
    -0.0243427691193137    -0.1108954715833699       -0.9180790699777256     0.2609244846313904       -0.0000000000000000     0.0000000000000000
     0.0000000000000000     0.0000000000000000       -0.0000000000000000     0.0000000000000000       -0.3050707686555683     0.1124261235771472
    2    1
    -0.8899704613700119    -0.3889755453725285       -0.0243427691193138     0.1108954715833699        0.0000000000000000     0.0000000000000000
    -0.0243427691193137     0.1108954715833699       -0.9180790699777256    -0.2609244846313904        0.0000000000000000     0.0000000000000000
    -0.0000000000000000     0.0000000000000000        0.0000000000000000     0.0000000000000000       -0.3050707686555683    -0.1124261235771472
    2    2
     1.1934287942492812     0.0000000000000000       -0.0816076838319326     0.0000000000000000        0.0000000000000000     0.0000000000000000
    -0.0816076838319326     0.0000000000000000        1.0991963577926653     0.0000000000000000       -0.0000000000000000     0.0000000000000000
     0.0000000000000000    -0.0000000000000000       -0.0000000000000000     0.0000000000000000        0.3299800484248651     0.0000000000000000

     Dynamical Matrix in cartesian axes

     q = (    -0.067750677507     0.039115871896     0.000000000000 )

    1    1
     1.1934287942492812     0.0000000000000000       -0.0816076838319326     0.0000000000000000        0.0000000000000000    -0.0000000000000000
    -0.0816076838319326     0.0000000000000000        1.0991963577926653     0.0000000000000000        0.0000000000000000    -0.0000000000000000
     0.0000000000000000     0.0000000000000000        0.0000000000000000    -0.0000000000000000        0.3299800484248651     0.0000000000000000
    1    2
    -0.8899704613700119    -0.3889755453725286       -0.0243427691193138     0.1108954715833699       -0.0000000000000000    -0.0000000000000000
    -0.0243427691193137     0.1108954715833699       -0.9180790699777256    -0.2609244846313905       -0.0000000000000000    -0.0000000000000000
     0.0000000000000000    -0.0000000000000000       -0.0000000000000000    -0.0000000000000000       -0.3050707686555683    -0.1124261235771472
    2    1
    -0.8899704613700119     0.3889755453725286       -0.0243427691193138    -0.1108954715833699        0.0000000000000000    -0.0000000000000000
    -0.0243427691193137    -0.1108954715833699       -0.9180790699777256     0.2609244846313905        0.0000000000000000    -0.0000000000000000
    -0.0000000000000000    -0.0000000000000000        0.0000000000000000    -0.0000000000000000       -0.3050707686555683     0.1124261235771472
    2    2
     1.1934287942492812     0.0000000000000000       -0.0816076838319326     0.0000000000000000        0.0000000000000000    -0.0000000000000000
    -0.0816076838319326     0.0000000000000000        1.0991963577926653     0.0000000000000000       -0.0000000000000000    -0.0000000000000000
     0.0000000000000000     0.0000000000000000       -0.0000000000000000    -0.0000000000000000        0.3299800484248651     0.0000000000000000

     Dynamical Matrix in cartesian axes

     q = (    -0.067750677507    -0.039115871896     0.000000000000 )

    1    1
     1.1934287942492812     0.0000000000000000        0.0816076838319327     0.0000000000000000        0.0000000000000000     0.0000000000000000
     0.0816076838319326     0.0000000000000000        1.0991963577926653     0.0000000000000000        0.0000000000000000     0.0000000000000000
     0.0000000000000000    -0.0000000000000000        0.0000000000000000    -0.0000000000000000        0.3299800484248651     0.0000000000000000
    1    2
    -0.7818479176360846    -0.5762492782616963       -0.0838669132263283     0.0765291898035105        0.0000000000000000    -0.0000000000000000
    -0.0838669132263283     0.0765291898035105       -0.6850067477814377    -0.6646175749295380        0.0000000000000000    -0.0000000000000000
    -0.0000000000000000     0.0000000000000000        0.0000000000000000     0.0000000000000000       -0.2498992573336982    -0.2079859811014900
    2    1
    -0.7818479176360846     0.5762492782616963       -0.0838669132263283    -0.0765291898035105       -0.0000000000000000    -0.0000000000000000
    -0.0838669132263283    -0.0765291898035105       -0.6850067477814377     0.6646175749295380       -0.0000000000000000    -0.0000000000000000
     0.0000000000000000     0.0000000000000000       -0.0000000000000000     0.0000000000000000       -0.2498992573336982     0.2079859811014900
    2    2
     1.1934287942492812     0.0000000000000000        0.0816076838319327     0.0000000000000000        0.0000000000000000     0.0000000000000000
     0.0816076838319326     0.0000000000000000        1.0991963577926653     0.0000000000000000        0.0000000000000000     0.0000000000000000
     0.0000000000000000    -0.0000000000000000        0.0000000000000000    -0.0000000000000000        0.3299800484248651     0.0000000000000000

     Dynamical Matrix in cartesian axes

     q = (     0.067750677507     0.039115871896     0.000000000000 )

    1    1
     1.1934287942492812     0.0000000000000000        0.0816076838319327     0.0000000000000000        0.0000000000000000    -0.0000000000000000
     0.0816076838319326     0.0000000000000000        1.0991963577926653     0.0000000000000000        0.0000000000000000    -0.0000000000000000
     0.0000000000000000     0.0000000000000000        0.0000000000000000     0.0000000000000000        0.3299800484248651     0.0000000000000000
    1    2
    -0.7818479176360846     0.5762492782616963       -0.0838669132263284    -0.0765291898035105        0.0000000000000000     0.0000000000000000
    -0.0838669132263284    -0.0765291898035105       -0.6850067477814378     0.6646175749295380       -0.0000000000000000     0.0000000000000000
    -0.0000000000000000    -0.0000000000000000       -0.0000000000000000    -0.0000000000000000       -0.2498992573336982     0.2079859811014900
    2    1
    -0.7818479176360846    -0.5762492782616963       -0.0838669132263284     0.0765291898035105       -0.0000000000000000     0.0000000000000000
    -0.0838669132263284     0.0765291898035105       -0.6850067477814378    -0.6646175749295380        0.0000000000000000     0.0000000000000000
     0.0000000000000000    -0.0000000000000000        0.0000000000000000    -0.0000000000000000       -0.2498992573336982    -0.2079859811014900
    2    2
     1.1934287942492812     0.0000000000000000        0.0816076838319327     0.0000000000000000        0.0000000000000000    -0.0000000000000000
     0.0816076838319326     0.0000000000000000        1.0991963577926653     0.0000000000000000        0.0000000000000000    -0.0000000000000000
     0.0000000000000000     0.0000000000000000        0.0000000000000000     0.0000000000000000        0.3299800484248651     0.0000000000000000

     Dynamical Matrix in cartesian axes

     q = (    -0.000000000000    -0.078231743793     0.000000000000 )

    1    1
     1.0520801395643569     0.0000000000000000        0.0000000000000000     0.0000000000000000        0.0000000000000000     0.0000000000000000
     0.0000000000000000     0.0000000000000000        1.2405450124775901     0.0000000000000000        0.0000000000000000    -0.0000000000000000
     0.0000000000000000     0.0000000000000000        0.0000000000000000     0.0000000000000000        0.3299800484248651     0.0000000000000000
    1    2
    -0.9321333742815817    -0.1968989542608217        0.0000000000000000     0.0000000000000000        0.0000000000000000     0.0000000000000000
     0.0000000000000000     0.0000000000000000       -0.8759161570661553    -0.4530010757430982        0.0000000000000000     0.0000000000000000
     0.0000000000000000     0.0000000000000000        0.0000000000000000     0.0000000000000000       -0.3050707686555683    -0.1124261235771473
    2    1
    -0.9321333742815817     0.1968989542608217        0.0000000000000000     0.0000000000000000        0.0000000000000000     0.0000000000000000
     0.0000000000000000     0.0000000000000000       -0.8759161570661553     0.4530010757430982       -0.0000000000000000     0.0000000000000000
    -0.0000000000000000     0.0000000000000000       -0.0000000000000000     0.0000000000000000       -0.3050707686555683     0.1124261235771473
    2    2
     1.0520801395643569     0.0000000000000000        0.0000000000000000     0.0000000000000000        0.0000000000000000     0.0000000000000000
     0.0000000000000000     0.0000000000000000        1.2405450124775901     0.0000000000000000        0.0000000000000000    -0.0000000000000000
     0.0000000000000000     0.0000000000000000        0.0000000000000000     0.0000000000000000        0.3299800484248651     0.0000000000000000

     Dynamical Matrix in cartesian axes

     q = (     0.000000000000     0.078231743793     0.000000000000 )

    1    1
     1.0520801395643569     0.0000000000000000        0.0000000000000000     0.0000000000000000        0.0000000000000000     0.0000000000000000
     0.0000000000000000     0.0000000000000000        1.2405450124775901     0.0000000000000000        0.0000000000000000     0.0000000000000000
     0.0000000000000000     0.0000000000000000        0.0000000000000000    -0.0000000000000000        0.3299800484248651     0.0000000000000000
    1    2
    -0.9321333742815817     0.1968989542608217        0.0000000000000000     0.0000000000000000        0.0000000000000000     0.0000000000000000
     0.0000000000000000     0.0000000000000000       -0.8759161570661553     0.4530010757430982        0.0000000000000000     0.0000000000000000
     0.0000000000000000     0.0000000000000000        0.0000000000000000    -0.0000000000000000       -0.3050707686555683     0.1124261235771473
    2    1
    -0.9321333742815817    -0.1968989542608217        0.0000000000000000     0.0000000000000000       -0.0000000000000000     0.0000000000000000
     0.0000000000000000     0.0000000000000000       -0.8759161570661553    -0.4530010757430982       -0.0000000000000000     0.0000000000000000
     0.0000000000000000     0.0000000000000000       -0.0000000000000000    -0.0000000000000000       -0.3050707686555683    -0.1124261235771473
    2    2
     1.0520801395643569     0.0000000000000000        0.0000000000000000     0.0000000000000000        0.0000000000000000     0.0000000000000000
     0.0000000000000000     0.0000000000000000        1.2405450124775901     0.0000000000000000        0.0000000000000000     0.0000000000000000
     0.0000000000000000     0.0000000000000000        0.0000000000000000    -0.0000000000000000        0.3299800484248651     0.0000000000000000

     Diagonalizing the dynamical matrix

     q = (     0.067750677507    -0.039115871896     0.000000000000 )

***************************************************************************
   freq (    1) =     2.19033911 [THz] =    73.06183783 [cm-1]
(  -0.000000  0.000000  -0.000000  0.000000  -0.665523 -0.238913 )
(  -0.000000 -0.000000  -0.000000 -0.000000  -0.541854 -0.454307 )
   freq (    2) =     9.91208986 [THz] =   330.63168120 [cm-1]
(   0.353553  0.000000   0.612372  0.000000  -0.000000 -0.000000 )
(   0.345920  0.073070   0.599151  0.126562  -0.000000 -0.000000 )
   freq (    3) =    15.85980153 [THz] =   529.02595920 [cm-1]
(   0.612372  0.000000  -0.353553 -0.000000   0.000000  0.000000 )
(   0.543935  0.281309  -0.314041 -0.162414   0.000000  0.000000 )
   freq (    4) =    25.44936143 [THz] =   848.89920034 [cm-1]
(   0.000000  0.000000  -0.000000 -0.000000   0.376263  0.598687 )
(  -0.000000  0.000000  -0.000000 -0.000000  -0.146031 -0.691863 )
   freq (    5) =    44.51990861 [THz] =  1485.02409079 [cm-1]
(   0.353553  0.000000   0.612372  0.000000   0.000000 -0.000000 )
(  -0.345920 -0.073070  -0.599151 -0.126562  -0.000000 -0.000000 )
   freq (    6) =    46.91896155 [THz] =  1565.04787166 [cm-1]
(  -0.612372  0.000000   0.353553  0.000000   0.000000 -0.000000 )
(   0.543935  0.281309  -0.314041 -0.162414  -0.000000 -0.000000 )
***************************************************************************
