Dynamical matrix file
File generated with the CellConstructor by Lorenzo Monacelli
1 2 0     1.8897259890000000     0.0000000000000000     0.0000000000000000     0.0000000000000000     0.0000000000000000     0.0000000000000000
Basis vectors
    2.4600000000000000     0.0000000000000000     0.0000000000000000
   -1.2300000000000000     2.1304224933097187     0.0000000000000000
    0.0000000000000000     0.0000000000000000    15.0000000000000000
	1  'C '  10947.3571678344233078
    1     1     0.0000000000000000    -0.0000000000000002     7.4999999999999982
    2     1     1.2299999999999998     0.7101408311032394     7.4999999999999982

     Dynamical Matrix in cartesian axes

     q = (     0.000000000000     0.000000000000     0.000000000000 )

    1    1
     1.0803003519517858     0.0000000000000000        0.0000000000000000     0.0000000000000000        0.0000000000000000     0.0000000000000000
     0.0000000000000000     0.0000000000000000        1.0803003519517866     0.0000000000000000        0.0000000000000000     0.0000000000000000
     0.0000000000000000     0.0000000000000000        0.0000000000000000     0.0000000000000000        0.3419067835373273     0.0000000000000000
    1    2
    -1.0803003519517853     0.0000000000000000        0.0000000000000000     0.0000000000000000        0.0000000000000000     0.0000000000000000
     0.0000000000000000     0.0000000000000000       -1.0803003519517858     0.0000000000000000        0.0000000000000000     0.0000000000000000
     0.0000000000000000     0.0000000000000000        0.0000000000000000     0.0000000000000000       -0.3419067835373273     0.0000000000000000
    2    1
    -1.0803003519517853     0.0000000000000000        0.0000000000000000     0.0000000000000000        0.0000000000000000     0.0000000000000000
     0.0000000000000000     0.0000000000000000       -1.0803003519517858     0.0000000000000000        0.0000000000000000     0.0000000000000000
     0.0000000000000000     0.0000000000000000        0.0000000000000000     0.0000000000000000       -0.3419067835373273     0.0000000000000000
    2    2
     1.0803003519517858     0.0000000000000000        0.0000000000000000     0.0000000000000000        0.0000000000000000     0.0000000000000000
     0.0000000000000000     0.0000000000000000        1.0803003519517866     0.0000000000000000        0.0000000000000000     0.0000000000000000
     0.0000000000000000     0.0000000000000000        0.0000000000000000     0.0000000000000000        0.3419067835373273     0.0000000000000000

     Diagonalizing the dynamical matrix

     q = (     0.000000000000     0.000000000000     0.000000000000 )

***************************************************************************
   freq (    1) =     0.00000000 [THz] =     0.00000000 [cm-1]
(   0.000000  0.000000   0.000000  0.000000  -0.707107  0.000000 )
(   0.000000  0.000000   0.000000  0.000000  -0.707107  0.000000 )
   freq (    2) =     0.00000066 [THz] =     0.00002213 [cm-1]
(  -0.707107  0.000000   0.000000  0.000000   0.000000  0.000000 )
(  -0.707107  0.000000   0.000000  0.000000   0.000000  0.000000 )
   freq (    3) =     0.00000094 [THz] =     0.00003129 [cm-1]
(   0.000000  0.000000  -0.707107  0.000000   0.000000  0.000000 )
(   0.000000  0.000000  -0.707107  0.000000   0.000000  0.000000 )
   freq (    4) =    26.00096623 [THz] =   867.29875327 [cm-1]
(   0.000000  0.000000   0.000000  0.000000  -0.707107  0.000000 )
(   0.000000  0.000000   0.000000  0.000000   0.707107  0.000000 )
   freq (    5) =    46.21765296 [THz] =  1541.65473870 [cm-1]
(  -0.707107  0.000000   0.000000  0.000000   0.000000  0.000000 )
(   0.707107  0.000000   0.000000  0.000000   0.000000  0.000000 )
   freq (    6) =    46.21765296 [THz] =  1541.65473870 [cm-1]
(   0.000000  0.000000   0.707107  0.000000   0.000000  0.000000 )
(   0.000000  0.000000  -0.707107  0.000000   0.000000  0.000000 )
***************************************************************************
