Dynamical matrix file
File generated with the CellConstructor by Lorenzo Monacelli
1 2 0     1.8897259890000000     0.0000000000000000     0.0000000000000000     0.0000000000000000     0.0000000000000000     0.0000000000000000
Basis vectors
    2.4600000000000000     0.0000000000000000     0.0000000000000000
   -1.2300000000000000     2.1304224933097187     0.0000000000000000
    0.0000000000000000     0.0000000000000000    15.0000000000000000
	1  'C '  10947.3571678344233078
    1     1     0.0000000000000000    -0.0000000000000002     7.4999999999999982
    2     1     1.2299999999999998     0.7101408311032394     7.4999999999999982

     Dynamical Matrix in cartesian axes

     q = (    -0.203252032520     0.117347615689     0.000000000000 )

    1    1
     1.4234930396200769     0.0000000000000000       -0.2349108256524204     0.0000000000000000       -0.0000000000000000     0.0000000000000000
    -0.2349108256524202     0.0000000000000000        1.1522413827681128     0.0000000000000000       -0.0000000000000000     0.0000000000000000
     0.0000000000000000     0.0000000000000000       -0.0000000000000000     0.0000000000000000        0.2769086858460882     0.0000000000000000
    1    2
    -0.1661319854114729     0.0000000000000000       -0.2902382288804800     0.0000000000000000       -0.0000000000000000     0.0000000000000000
    -0.2902382288804800     0.0000000000000000       -0.5012702245580036     0.0000000000000000        0.0000000000000000     0.0000000000000000
     0.0000000000000000     0.0000000000000000        0.0000000000000000     0.0000000000000000       -0.0805473285872399     0.0000000000000000
    2    1
    -0.1661319854114729     0.0000000000000000       -0.2902382288804800     0.0000000000000000        0.0000000000000000     0.0000000000000000
    -0.2902382288804800     0.0000000000000000       -0.5012702245580036     0.0000000000000000       -0.0000000000000000     0.0000000000000000
    -0.0000000000000000     0.0000000000000000       -0.0000000000000000     0.0000000000000000       -0.0805473285872399     0.0000000000000000
    2    2
     1.4234930396200769     0.0000000000000000       -0.2349108256524204     0.0000000000000000        0.0000000000000000     0.0000000000000000
    -0.2349108256524202     0.0000000000000000        1.1522413827681128     0.0000000000000000        0.0000000000000000     0.0000000000000000
    -0.0000000000000000     0.0000000000000000        0.0000000000000000     0.0000000000000000        0.2769086858460882     0.0000000000000000

     Dynamical Matrix in cartesian axes

     q = (     0.203252032520     0.117347615689     0.000000000000 )

    1    1
     1.4234930396200767     0.0000000000000000        0.2349108256524204     0.0000000000000000       -0.0000000000000000     0.0000000000000000
     0.2349108256524204     0.0000000000000000        1.1522413827681128     0.0000000000000000       -0.0000000000000000     0.0000000000000000
     0.0000000000000000     0.0000000000000000        0.0000000000000000     0.0000000000000000        0.2769086858460882     0.0000000000000000
    1    2
     0.1661319854114727     0.0000000000000000       -0.2902382288804796     0.0000000000000000        0.0000000000000000     0.0000000000000000
    -0.2902382288804796     0.0000000000000000        0.5012702245580032     0.0000000000000000       -0.0000000000000000     0.0000000000000000
    -0.0000000000000000     0.0000000000000000        0.0000000000000000     0.0000000000000000        0.0805473285872398     0.0000000000000000
    2    1
     0.1661319854114727     0.0000000000000000       -0.2902382288804796     0.0000000000000000       -0.0000000000000000     0.0000000000000000
    -0.2902382288804796     0.0000000000000000        0.5012702245580032     0.0000000000000000        0.0000000000000000     0.0000000000000000
     0.0000000000000000     0.0000000000000000       -0.0000000000000000     0.0000000000000000        0.0805473285872398     0.0000000000000000
    2    2
     1.4234930396200767     0.0000000000000000        0.2349108256524204     0.0000000000000000        0.0000000000000000     0.0000000000000000
     0.2349108256524204     0.0000000000000000        1.1522413827681128     0.0000000000000000        0.0000000000000000     0.0000000000000000
    -0.0000000000000000     0.0000000000000000       -0.0000000000000000     0.0000000000000000        0.2769086858460882     0.0000000000000000

     Dynamical Matrix in cartesian axes

     q = (     0.000000000000     0.234695231378     0.000000000000 )

    1    1
     1.0166155543421302     0.0000000000000000        0.0000000000000000     0.0000000000000000        0.0000000000000000     0.0000000000000000
     0.0000000000000000     0.0000000000000000        1.5591188680460597     0.0000000000000000       -0.0000000000000000     0.0000000000000000
     0.0000000000000000     0.0000000000000000        0.0000000000000000     0.0000000000000000        0.2769086858460882     0.0000000000000000
    1    2
    -0.6688393441312688     0.0000000000000000        0.0000000000000000     0.0000000000000000       -0.0000000000000000     0.0000000000000000
    -0.0000000000000000     0.0000000000000000        0.0014371341617924     0.0000000000000000       -0.0000000000000000     0.0000000000000000
    -0.0000000000000000     0.0000000000000000        0.0000000000000000     0.0000000000000000       -0.0805473285872399     0.0000000000000000
    2    1
    -0.6688393441312688     0.0000000000000000        0.0000000000000000     0.0000000000000000        0.0000000000000000     0.0000000000000000
    -0.0000000000000000     0.0000000000000000        0.0014371341617924     0.0000000000000000        0.0000000000000000     0.0000000000000000
     0.0000000000000000     0.0000000000000000       -0.0000000000000000     0.0000000000000000       -0.0805473285872399     0.0000000000000000
    2    2
     1.0166155543421302     0.0000000000000000        0.0000000000000000     0.0000000000000000        0.0000000000000000     0.0000000000000000
     0.0000000000000000     0.0000000000000000        1.5591188680460597     0.0000000000000000        0.0000000000000000     0.0000000000000000
    -0.0000000000000000     0.0000000000000000       -0.0000000000000000     0.0000000000000000        0.2769086858460882     0.0000000000000000

     Diagonalizing the dynamical matrix

     q = (    -0.203252032520     0.117347615689     0.000000000000 )

***************************************************************************
   freq (    1) =    13.93312853 [THz] =   464.75907451 [cm-1]
(  -0.000000  0.000000   0.000000  0.000000  -0.707107  0.000000 )
(  -0.000000  0.000000  -0.000000  0.000000  -0.707107  0.000000 )
   freq (    2) =    18.54259727 [THz] =   618.51437962 [cm-1]
(  -0.353553  0.000000  -0.612372  0.000000  -0.000000  0.000000 )
(  -0.353553  0.000000  -0.612372  0.000000   0.000000  0.000000 )
   freq (    3) =    18.79887824 [THz] =   627.06299141 [cm-1]
(   0.000000  0.000000   0.000000  0.000000  -0.707107  0.000000 )
(   0.000000  0.000000   0.000000  0.000000   0.707107  0.000000 )
   freq (    4) =    39.24280065 [THz] =  1308.99874193 [cm-1]
(  -0.612372  0.000000   0.353553  0.000000  -0.000000  0.000000 )
(   0.612372  0.000000  -0.353553  0.000000   0.000000  0.000000 )
   freq (    5) =    39.27898980 [THz] =  1310.20588184 [cm-1]
(   0.612372  0.000000  -0.353553  0.000000   0.000000  0.000000 )
(   0.612372  0.000000  -0.353553  0.000000   0.000000  0.000000 )
   freq (    6) =    40.82058257 [THz] =  1361.62787417 [cm-1]
(  -0.353553  0.000000  -0.612372  0.000000   0.000000  0.000000 )
(   0.353553  0.000000   0.612372  0.000000  -0.000000  0.000000 )
***************************************************************************
