Dynamical matrix file
File generated with the CellConstructor by Lorenzo Monacelli
1 2 0     1.8897259890000000     0.0000000000000000     0.0000000000000000     0.0000000000000000     0.0000000000000000     0.0000000000000000
Basis vectors
    2.4600000000000000     0.0000000000000000     0.0000000000000000
   -1.2300000000000000     2.1304224933097187     0.0000000000000000
    0.0000000000000000     0.0000000000000000    15.0000000000000000
	1  'C '  10947.3571678344233078
    1     1     0.0000000000000001    -0.0000000000000007     7.4999999999999982
    2     1     1.2299999999999998     0.7101408311032394     7.4999999999999982

     Dynamical Matrix in cartesian axes

     q = (     0.067750677507    -0.039115871896     0.000000000000 )

    1    1
     1.2304958951864831     0.0000000000000000       -0.0884278427282668     0.0000000000000000        0.0000000000000000    -0.0000000000000000
    -0.0884278427282668     0.0000000000000000        1.1283882175804383     0.0000000000000000        0.0000000000000000    -0.0000000000000000
     0.0000000000000000     0.0000000000000000        0.0000000000000000     0.0000000000000000        0.3294018943456566     0.0000000000000000
    1    2
    -0.9130815801781341     0.4035307587163839       -0.0261461993354413    -0.1214157786533862        0.0000000000000000     0.0000000000000000
    -0.0261461993354414    -0.1214157786533861       -0.9432726106273399     0.2633318937375830        0.0000000000000000     0.0000000000000000
     0.0000000000000000     0.0000000000000000        0.0000000000000000     0.0000000000000000       -0.3041530573022004     0.1122260344034032
    2    1
    -0.9130815801781341    -0.4035307587163839       -0.0261461993354413     0.1214157786533862        0.0000000000000000     0.0000000000000000
    -0.0261461993354414     0.1214157786533861       -0.9432726106273399    -0.2633318937375830        0.0000000000000000     0.0000000000000000
     0.0000000000000000     0.0000000000000000        0.0000000000000000     0.0000000000000000       -0.3041530573022004    -0.1122260344034032
    2    2
     1.2304958951864831     0.0000000000000000       -0.0884278427282668     0.0000000000000000        0.0000000000000000    -0.0000000000000000
    -0.0884278427282668     0.0000000000000000        1.1283882175804383     0.0000000000000000        0.0000000000000000    -0.0000000000000000
     0.0000000000000000     0.0000000000000000        0.0000000000000000     0.0000000000000000        0.3294018943456566     0.0000000000000000

     Dynamical Matrix in cartesian axes

     q = (    -0.067750677507     0.039115871896     0.000000000000 )

    1    1
     1.2304958951864831     0.0000000000000000       -0.0884278427282668     0.0000000000000000        0.0000000000000000     0.0000000000000000
    -0.0884278427282668     0.0000000000000000        1.1283882175804383     0.0000000000000000        0.0000000000000000     0.0000000000000000
     0.0000000000000000    -0.0000000000000000        0.0000000000000000    -0.0000000000000000        0.3294018943456566     0.0000000000000000
    1    2
    -0.9130815801781341    -0.4035307587163839       -0.0261461993354413     0.1214157786533862        0.0000000000000000     0.0000000000000000
    -0.0261461993354414     0.1214157786533861       -0.9432726106273399    -0.2633318937375830        0.0000000000000000     0.0000000000000000
     0.0000000000000000     0.0000000000000000        0.0000000000000000     0.0000000000000000       -0.3041530573022004    -0.1122260344034032
    2    1
    -0.9130815801781341     0.4035307587163839       -0.0261461993354413    -0.1214157786533862        0.0000000000000000     0.0000000000000000
    -0.0261461993354414    -0.1214157786533861       -0.9432726106273399     0.2633318937375830        0.0000000000000000     0.0000000000000000
     0.0000000000000000     0.0000000000000000        0.0000000000000000     0.0000000000000000       -0.3041530573022004     0.1122260344034032
    2    2
     1.2304958951864831     0.0000000000000000       -0.0884278427282668     0.0000000000000000        0.0000000000000000     0.0000000000000000
    -0.0884278427282668     0.0000000000000000        1.1283882175804383     0.0000000000000000        0.0000000000000000     0.0000000000000000
     0.0000000000000000    -0.0000000000000000        0.0000000000000000    -0.0000000000000000        0.3294018943456566     0.0000000000000000

     Dynamical Matrix in cartesian axes

     q = (    -0.067750677507    -0.039115871896     0.000000000000 )

    1    1
     1.2304958951864831     0.0000000000000000        0.0884278427282668     0.0000000000000000        0.0000000000000000    -0.0000000000000000
     0.0884278427282668     0.0000000000000000        1.1283882175804378     0.0000000000000000        0.0000000000000000    -0.0000000000000000
     0.0000000000000000     0.0000000000000000        0.0000000000000000     0.0000000000000000        0.3294018943456566     0.0000000000000000
    1    2
    -0.8060086611822529    -0.5889864882915492       -0.0920760514953100     0.0833511594804157        0.0000000000000000     0.0000000000000000
    -0.0920760514953100     0.0833511594804157       -0.6996883949487829    -0.6852321170181204        0.0000000000000000     0.0000000000000000
     0.0000000000000000     0.0000000000000000        0.0000000000000000     0.0000000000000000       -0.2492671193697744    -0.2072912643245828
    2    1
    -0.8060086611822529     0.5889864882915492       -0.0920760514953100    -0.0833511594804157        0.0000000000000000     0.0000000000000000
    -0.0920760514953100    -0.0833511594804157       -0.6996883949487829     0.6852321170181204        0.0000000000000000     0.0000000000000000
     0.0000000000000000     0.0000000000000000        0.0000000000000000     0.0000000000000000       -0.2492671193697744     0.2072912643245828
    2    2
     1.2304958951864831     0.0000000000000000        0.0884278427282668     0.0000000000000000        0.0000000000000000    -0.0000000000000000
     0.0884278427282668     0.0000000000000000        1.1283882175804378     0.0000000000000000        0.0000000000000000    -0.0000000000000000
     0.0000000000000000     0.0000000000000000        0.0000000000000000     0.0000000000000000        0.3294018943456566     0.0000000000000000

     Dynamical Matrix in cartesian axes

     q = (     0.067750677507     0.039115871896     0.000000000000 )

    1    1
     1.2304958951864831     0.0000000000000000        0.0884278427282668     0.0000000000000000        0.0000000000000000     0.0000000000000000
     0.0884278427282668     0.0000000000000000        1.1283882175804378     0.0000000000000000        0.0000000000000000     0.0000000000000000
     0.0000000000000000    -0.0000000000000000        0.0000000000000000    -0.0000000000000000        0.3294018943456566     0.0000000000000000
    1    2
    -0.8060086611822529     0.5889864882915492       -0.0920760514953100    -0.0833511594804157        0.0000000000000000     0.0000000000000000
    -0.0920760514953100    -0.0833511594804157       -0.6996883949487829     0.6852321170181204        0.0000000000000000     0.0000000000000000
     0.0000000000000000     0.0000000000000000        0.0000000000000000     0.0000000000000000       -0.2492671193697744     0.2072912643245828
    2    1
    -0.8060086611822529    -0.5889864882915492       -0.0920760514953100     0.0833511594804157        0.0000000000000000     0.0000000000000000
    -0.0920760514953100     0.0833511594804157       -0.6996883949487829    -0.6852321170181204        0.0000000000000000     0.0000000000000000
     0.0000000000000000     0.0000000000000000        0.0000000000000000     0.0000000000000000       -0.2492671193697744    -0.2072912643245828
    2    2
     1.2304958951864831     0.0000000000000000        0.0884278427282668     0.0000000000000000        0.0000000000000000     0.0000000000000000
     0.0884278427282668     0.0000000000000000        1.1283882175804378     0.0000000000000000        0.0000000000000000     0.0000000000000000
     0.0000000000000000    -0.0000000000000000        0.0000000000000000    -0.0000000000000000        0.3294018943456566     0.0000000000000000

     Dynamical Matrix in cartesian axes

     q = (    -0.000000000000    -0.078231743793     0.000000000000 )

    1    1
     1.0773343787774148     0.0000000000000000       -0.0000000000000000     0.0000000000000000        0.0000000000000000     0.0000000000000000
     0.0000000000000000     0.0000000000000000        1.2815497339895061     0.0000000000000000        0.0000000000000000     0.0000000000000000
     0.0000000000000000     0.0000000000000000        0.0000000000000000    -0.0000000000000000        0.3294018943456566     0.0000000000000000
    1    2
    -0.9583681258519423    -0.1932324612481833        0.0000000000000000     0.0000000000000000        0.0000000000000000     0.0000000000000000
    -0.0000000000000000     0.0000000000000000       -0.8979860649535315    -0.4736301912057853        0.0000000000000000     0.0000000000000000
     0.0000000000000000     0.0000000000000000        0.0000000000000000     0.0000000000000000       -0.3041530573022003    -0.1122260344034035
    2    1
    -0.9583681258519423     0.1932324612481833        0.0000000000000000     0.0000000000000000        0.0000000000000000     0.0000000000000000
    -0.0000000000000000     0.0000000000000000       -0.8979860649535315     0.4736301912057853        0.0000000000000000     0.0000000000000000
     0.0000000000000000     0.0000000000000000        0.0000000000000000     0.0000000000000000       -0.3041530573022003     0.1122260344034035
    2    2
     1.0773343787774148     0.0000000000000000       -0.0000000000000000     0.0000000000000000        0.0000000000000000     0.0000000000000000
     0.0000000000000000     0.0000000000000000        1.2815497339895061     0.0000000000000000        0.0000000000000000     0.0000000000000000
     0.0000000000000000     0.0000000000000000        0.0000000000000000    -0.0000000000000000        0.3294018943456566     0.0000000000000000

     Dynamical Matrix in cartesian axes

     q = (     0.000000000000     0.078231743793     0.000000000000 )

    1    1
     1.0773343787774148     0.0000000000000000       -0.0000000000000000     0.0000000000000000        0.0000000000000000     0.0000000000000000
     0.0000000000000000     0.0000000000000000        1.2815497339895061     0.0000000000000000        0.0000000000000000    -0.0000000000000000
     0.0000000000000000     0.0000000000000000        0.0000000000000000     0.0000000000000000        0.3294018943456566     0.0000000000000000
    1    2
    -0.9583681258519423     0.1932324612481833        0.0000000000000000     0.0000000000000000        0.0000000000000000     0.0000000000000000
    -0.0000000000000000     0.0000000000000000       -0.8979860649535315     0.4736301912057853        0.0000000000000000     0.0000000000000000
     0.0000000000000000     0.0000000000000000        0.0000000000000000     0.0000000000000000       -0.3041530573022003     0.1122260344034035
    2    1
    -0.9583681258519423    -0.1932324612481833        0.0000000000000000     0.0000000000000000        0.0000000000000000     0.0000000000000000
    -0.0000000000000000     0.0000000000000000       -0.8979860649535315    -0.4736301912057853        0.0000000000000000     0.0000000000000000
     0.0000000000000000     0.0000000000000000        0.0000000000000000     0.0000000000000000       -0.3041530573022003    -0.1122260344034035
    2    2
     1.0773343787774148     0.0000000000000000       -0.0000000000000000     0.0000000000000000        0.0000000000000000     0.0000000000000000
     0.0000000000000000     0.0000000000000000        1.2815497339895061     0.0000000000000000        0.0000000000000000    -0.0000000000000000
     0.0000000000000000     0.0000000000000000        0.0000000000000000     0.0000000000000000        0.3294018943456566     0.0000000000000000

     Diagonalizing the dynamical matrix

     q = (     0.067750677507    -0.039115871896     0.000000000000 )

***************************************************************************
   freq (    1) =     2.26841270 [THz] =    75.66609201 [cm-1]
(  -0.000000  0.000000  -0.000000  0.000000  -0.706788 -0.021246 )
(  -0.000000 -0.000000  -0.000000 -0.000000  -0.655734 -0.264598 )
   freq (    2) =     9.92714721 [THz] =   331.13394035 [cm-1]
(   0.353553  0.000000   0.612372  0.000000  -0.000000 -0.000000 )
(   0.346579  0.069879   0.600292  0.121035  -0.000000 -0.000000 )
   freq (    3) =    16.22621604 [THz] =   541.24822961 [cm-1]
(  -0.612372  0.000000   0.353553  0.000000   0.000000  0.000000 )
(  -0.541649 -0.285685   0.312721  0.164940  -0.000000 -0.000000 )
   freq (    4) =    25.42004535 [THz] =   847.92132146 [cm-1]
(   0.000000  0.000000  -0.000000 -0.000000   0.691720  0.146708 )
(   0.000000  0.000000  -0.000000 -0.000000  -0.598168 -0.377087 )
   freq (    5) =    45.07392364 [THz] =  1503.50404058 [cm-1]
(   0.353553  0.000000   0.612372  0.000000  -0.000000 -0.000000 )
(  -0.346579 -0.069879  -0.600292 -0.121035   0.000000  0.000000 )
   freq (    6) =    47.65197333 [THz] =  1589.49850926 [cm-1]
(  -0.612372  0.000000   0.353553  0.000000  -0.000000 -0.000000 )
(   0.541649  0.285685  -0.312721 -0.164940   0.000000  0.000000 )
***************************************************************************
