Dynamical matrix file
File generated with the CellConstructor by Lorenzo Monacelli
1 2 0     1.8897259890000000     0.0000000000000000     0.0000000000000000     0.0000000000000000     0.0000000000000000     0.0000000000000000
Basis vectors
    2.4600000000000000     0.0000000000000000     0.0000000000000000
   -1.2300000000000000     2.1304224933097187     0.0000000000000000
    0.0000000000000000     0.0000000000000000    15.0000000000000000
	1  'C '  10947.3571678344233078
    1     1     0.0000000000000001    -0.0000000000000007     7.4999999999999982
    2     1     1.2299999999999998     0.7101408311032394     7.4999999999999982

     Dynamical Matrix in cartesian axes

     q = (     0.067750677507    -0.117347615689     0.000000000000 )

    1    1
     1.1732562425353539     0.0000000000000000       -0.1404686556590357     0.0146754365575205        0.0000000000000000     0.0000000000000000
    -0.1404686556590356    -0.0146754365575205        1.3354554748502523     0.0000000000000000        0.0000000000000000     0.0000000000000000
     0.0000000000000000     0.0000000000000000        0.0000000000000000     0.0000000000000000        0.3053681344229679     0.0000000000000000
    1    2
    -0.7350408612973834     0.2114539634940546        0.0009863614989925    -0.1220830027445060        0.0000000000000000     0.0000000000000000
     0.0009863614989925    -0.1220830027445060       -0.7361798134513065    -0.2114539634940555        0.0000000000000000     0.0000000000000000
     0.0000000000000000     0.0000000000000000        0.0000000000000000     0.0000000000000000       -0.2703622441175811    -0.0000000000000002
    2    1
    -0.7350408612973834    -0.2114539634940546        0.0009863614989925     0.1220830027445060        0.0000000000000000     0.0000000000000000
     0.0009863614989925     0.1220830027445060       -0.7361798134513065     0.2114539634940555        0.0000000000000000     0.0000000000000000
     0.0000000000000000     0.0000000000000000        0.0000000000000000     0.0000000000000000       -0.2703622441175811     0.0000000000000002
    2    2
     1.1732562425353539     0.0000000000000000       -0.1404686556590357    -0.0146754365575205        0.0000000000000000     0.0000000000000000
    -0.1404686556590356     0.0146754365575205        1.3354554748502523     0.0000000000000000        0.0000000000000000     0.0000000000000000
     0.0000000000000000     0.0000000000000000        0.0000000000000000     0.0000000000000000        0.3053681344229679     0.0000000000000000

     Dynamical Matrix in cartesian axes

     q = (    -0.067750677507     0.117347615689     0.000000000000 )

    1    1
     1.1732562425353539     0.0000000000000000       -0.1404686556590357    -0.0146754365575205        0.0000000000000000     0.0000000000000000
    -0.1404686556590356     0.0146754365575205        1.3354554748502523     0.0000000000000000        0.0000000000000000     0.0000000000000000
     0.0000000000000000     0.0000000000000000        0.0000000000000000     0.0000000000000000        0.3053681344229679     0.0000000000000000
    1    2
    -0.7350408612973834    -0.2114539634940546        0.0009863614989925     0.1220830027445060        0.0000000000000000     0.0000000000000000
     0.0009863614989925     0.1220830027445060       -0.7361798134513065     0.2114539634940556        0.0000000000000000     0.0000000000000000
     0.0000000000000000     0.0000000000000000        0.0000000000000000     0.0000000000000000       -0.2703622441175811     0.0000000000000002
    2    1
    -0.7350408612973834     0.2114539634940546        0.0009863614989925    -0.1220830027445060        0.0000000000000000     0.0000000000000000
     0.0009863614989925    -0.1220830027445060       -0.7361798134513065    -0.2114539634940556        0.0000000000000000     0.0000000000000000
     0.0000000000000000     0.0000000000000000        0.0000000000000000     0.0000000000000000       -0.2703622441175811    -0.0000000000000002
    2    2
     1.1732562425353539     0.0000000000000000       -0.1404686556590357     0.0146754365575205        0.0000000000000000     0.0000000000000000
    -0.1404686556590356    -0.0146754365575205        1.3354554748502523     0.0000000000000000        0.0000000000000000     0.0000000000000000
     0.0000000000000000     0.0000000000000000        0.0000000000000000     0.0000000000000000        0.3053681344229679     0.0000000000000000

     Dynamical Matrix in cartesian axes

     q = (    -0.067750677507    -0.117347615689     0.000000000000 )

    1    1
     1.1732562425353539     0.0000000000000000        0.1404686556590357    -0.0146754365575205        0.0000000000000000     0.0000000000000000
     0.1404686556590357     0.0146754365575205        1.3354554748502521     0.0000000000000000        0.0000000000000000     0.0000000000000000
     0.0000000000000000     0.0000000000000000        0.0000000000000000     0.0000000000000000        0.3053681344229679     0.0000000000000000
    1    2
    -0.5506449192963658    -0.5308370930024040       -0.1062201642504370     0.0601872841614566        0.0000000000000000    -0.0000000000000000
    -0.1062201642504371     0.0601872841614566       -0.1849653809491019    -0.7432774073392112       -0.0000000000000000     0.0000000000000000
     0.0000000000000000    -0.0000000000000000       -0.0000000000000000     0.0000000000000000       -0.1351811152357172    -0.2341405755692983
    2    1
    -0.5506449192963658     0.5308370930024040       -0.1062201642504370    -0.0601872841614566       -0.0000000000000000    -0.0000000000000000
    -0.1062201642504371    -0.0601872841614566       -0.1849653809491019     0.7432774073392112        0.0000000000000000     0.0000000000000000
    -0.0000000000000000    -0.0000000000000000        0.0000000000000000     0.0000000000000000       -0.1351811152357172     0.2341405755692983
    2    2
     1.1732562425353539     0.0000000000000000        0.1404686556590357     0.0146754365575205        0.0000000000000000     0.0000000000000000
     0.1404686556590357    -0.0146754365575205        1.3354554748502521     0.0000000000000000        0.0000000000000000     0.0000000000000000
     0.0000000000000000     0.0000000000000000        0.0000000000000000     0.0000000000000000        0.3053681344229679     0.0000000000000000

     Dynamical Matrix in cartesian axes

     q = (     0.067750677507     0.117347615689     0.000000000000 )

    1    1
     1.1732562425353539     0.0000000000000000        0.1404686556590357     0.0146754365575205        0.0000000000000000     0.0000000000000000
     0.1404686556590357    -0.0146754365575205        1.3354554748502521     0.0000000000000000        0.0000000000000000     0.0000000000000000
     0.0000000000000000     0.0000000000000000        0.0000000000000000     0.0000000000000000        0.3053681344229679     0.0000000000000000
    1    2
    -0.5506449192963658     0.5308370930024040       -0.1062201642504370    -0.0601872841614566        0.0000000000000000     0.0000000000000000
    -0.1062201642504371    -0.0601872841614566       -0.1849653809491018     0.7432774073392112       -0.0000000000000000    -0.0000000000000000
     0.0000000000000000     0.0000000000000000       -0.0000000000000000    -0.0000000000000000       -0.1351811152357172     0.2341405755692983
    2    1
    -0.5506449192963658    -0.5308370930024040       -0.1062201642504370     0.0601872841614566       -0.0000000000000000     0.0000000000000000
    -0.1062201642504371     0.0601872841614566       -0.1849653809491018    -0.7432774073392112        0.0000000000000000    -0.0000000000000000
    -0.0000000000000000     0.0000000000000000        0.0000000000000000    -0.0000000000000000       -0.1351811152357172    -0.2341405755692983
    2    2
     1.1732562425353539     0.0000000000000000        0.1404686556590357    -0.0146754365575205        0.0000000000000000     0.0000000000000000
     0.1404686556590357     0.0146754365575205        1.3354554748502521     0.0000000000000000        0.0000000000000000     0.0000000000000000
     0.0000000000000000     0.0000000000000000        0.0000000000000000     0.0000000000000000        0.3053681344229679     0.0000000000000000

     Dynamical Matrix in cartesian axes

     q = (     0.135501355014     0.000000000000     0.000000000000 )

    1    1
     1.4165550910077009     0.0000000000000000        0.0000000000000000    -0.0146754365575205        0.0000000000000000     0.0000000000000000
     0.0000000000000000     0.0146754365575205        1.0921566263779048     0.0000000000000000        0.0000000000000000     0.0000000000000000
     0.0000000000000000     0.0000000000000000        0.0000000000000000     0.0000000000000000        0.3053681344229679     0.0000000000000000
    1    2
    -0.3683746261709523     0.6380436116863947       -0.2114539670516668    -0.1220829965825415        0.0000000000000000     0.0000000000000000
    -0.2114539670516667    -0.1220829965825415       -0.3672356740745162     0.6360708886552200        0.0000000000000000     0.0000000000000000
     0.0000000000000000     0.0000000000000000        0.0000000000000000     0.0000000000000000       -0.1351811152357173     0.2341405755692982
    2    1
    -0.3683746261709523    -0.6380436116863947       -0.2114539670516668     0.1220829965825415        0.0000000000000000     0.0000000000000000
    -0.2114539670516667     0.1220829965825415       -0.3672356740745162    -0.6360708886552200       -0.0000000000000000     0.0000000000000000
     0.0000000000000000     0.0000000000000000       -0.0000000000000000     0.0000000000000000       -0.1351811152357173    -0.2341405755692982
    2    2
     1.4165550910077009     0.0000000000000000        0.0000000000000000     0.0146754365575205        0.0000000000000000     0.0000000000000000
     0.0000000000000000    -0.0146754365575205        1.0921566263779048     0.0000000000000000        0.0000000000000000     0.0000000000000000
     0.0000000000000000     0.0000000000000000        0.0000000000000000     0.0000000000000000        0.3053681344229679     0.0000000000000000

     Dynamical Matrix in cartesian axes

     q = (    -0.135501355014     0.000000000000     0.000000000000 )

    1    1
     1.4165550910077009     0.0000000000000000        0.0000000000000000     0.0146754365575205        0.0000000000000000     0.0000000000000000
     0.0000000000000000    -0.0146754365575205        1.0921566263779048     0.0000000000000000        0.0000000000000000     0.0000000000000000
     0.0000000000000000     0.0000000000000000        0.0000000000000000     0.0000000000000000        0.3053681344229679     0.0000000000000000
    1    2
    -0.3683746261709523    -0.6380436116863947       -0.2114539670516668     0.1220829965825415        0.0000000000000000     0.0000000000000000
    -0.2114539670516667     0.1220829965825415       -0.3672356740745162    -0.6360708886552200        0.0000000000000000    -0.0000000000000000
     0.0000000000000000     0.0000000000000000        0.0000000000000000    -0.0000000000000000       -0.1351811152357173    -0.2341405755692982
    2    1
    -0.3683746261709523     0.6380436116863947       -0.2114539670516668    -0.1220829965825415        0.0000000000000000     0.0000000000000000
    -0.2114539670516667    -0.1220829965825415       -0.3672356740745162     0.6360708886552200       -0.0000000000000000    -0.0000000000000000
     0.0000000000000000     0.0000000000000000       -0.0000000000000000    -0.0000000000000000       -0.1351811152357173     0.2341405755692982
    2    2
     1.4165550910077009     0.0000000000000000        0.0000000000000000    -0.0146754365575205        0.0000000000000000     0.0000000000000000
     0.0000000000000000     0.0146754365575205        1.0921566263779048     0.0000000000000000        0.0000000000000000     0.0000000000000000
     0.0000000000000000     0.0000000000000000        0.0000000000000000     0.0000000000000000        0.3053681344229679     0.0000000000000000

     Diagonalizing the dynamical matrix

     q = (     0.067750677507    -0.117347615689     0.000000000000 )

***************************************************************************
   freq (    1) =     5.88289632 [THz] =   196.23227071 [cm-1]
(  -0.000000  0.000000  -0.000000 -0.000000   0.610239 -0.357224 )
(  -0.000000  0.000000  -0.000000 -0.000000   0.610239 -0.357224 )
   freq (    2) =    17.81774066 [THz] =   594.33576907 [cm-1]
(   0.608365  0.000000   0.341955  0.113838   0.000000  0.000000 )
(   0.600324  0.098587   0.355882 -0.056919   0.000000 -0.000000 )
   freq (    3) =    23.85778956 [THz] =   795.81008484 [cm-1]
(   0.000000  0.000000  -0.000000 -0.000000   0.433925 -0.558309 )
(   0.000000  0.000000  -0.000000 -0.000000  -0.433925  0.558309 )
   freq (    4) =    25.06734092 [THz] =   836.15636977 [cm-1]
(  -0.365991  0.000000   0.549210  0.253809   0.000000 -0.000000 )
(  -0.292635 -0.219805   0.591562  0.126904  -0.000000  0.000000 )
   freq (    5) =    43.00705450 [THz] =  1434.56071695 [cm-1]
(  -0.605021  0.000000  -0.332229 -0.153535   0.000000  0.000000 )
(   0.590230  0.132965   0.357849 -0.076767  -0.000000 -0.000000 )
   freq (    6) =    46.52967357 [THz] =  1552.06262429 [cm-1]
(  -0.360405  0.000000   0.577220  0.192159   0.000000 -0.000000 )
(   0.319685  0.166414  -0.600730 -0.096079   0.000000  0.000000 )
***************************************************************************
