Dynamical matrix file
File generated with the CellConstructor by Lorenzo Monacelli
1 2 0     1.8897259890000000     0.0000000000000000     0.0000000000000000     0.0000000000000000     0.0000000000000000     0.0000000000000000
Basis vectors
    2.4600000000000000     0.0000000000000000     0.0000000000000000
   -1.2300000000000000     2.1304224933097187     0.0000000000000000
    0.0000000000000000     0.0000000000000000    15.0000000000000000
	1  'C '  10947.3571678344233078
    1     1     0.0000000000000001    -0.0000000000000007     7.4999999999999982
    2     1     1.2299999999999998     0.7101408311032394     7.4999999999999982

     Dynamical Matrix in cartesian axes

     q = (    -0.203252032520     0.117347615689     0.000000000000 )

    1    1
     1.4690321220415687     0.0000000000000000       -0.2412287571424516     0.0000000000000000        0.0000000000000000     0.0000000000000000
    -0.2412287571424513     0.0000000000000000        1.1904851462966231     0.0000000000000000       -0.0000000000000000     0.0000000000000000
    -0.0000000000000000     0.0000000000000000       -0.0000000000000000     0.0000000000000000        0.2747075816055960     0.0000000000000000
    1    2
    -0.1573855936015460    -0.0000000045863619       -0.3157129183984156    -0.0000000092001667        0.0000000000000000    -0.0000000000000000
    -0.3157129183984156    -0.0000000092001667       -0.5219394704494813    -0.0000000152097994       -0.0000000000000000     0.0000000000000000
     0.0000000000000000    -0.0000000000000000       -0.0000000000000000    -0.0000000000000000       -0.0794163239027772    -0.0000000023142652
    2    1
    -0.1573855936015460     0.0000000045863619       -0.3157129183984156     0.0000000092001667       -0.0000000000000000    -0.0000000000000000
    -0.3157129183984156     0.0000000092001667       -0.5219394704494813     0.0000000152097994        0.0000000000000000     0.0000000000000000
     0.0000000000000000    -0.0000000000000000        0.0000000000000000    -0.0000000000000000       -0.0794163239027772     0.0000000023142652
    2    2
     1.4690321220415687     0.0000000000000000       -0.2412287571424516     0.0000000000000000        0.0000000000000000     0.0000000000000000
    -0.2412287571424513     0.0000000000000000        1.1904851462966231     0.0000000000000000        0.0000000000000000     0.0000000000000000
     0.0000000000000000     0.0000000000000000        0.0000000000000000     0.0000000000000000        0.2747075816055960     0.0000000000000000

     Dynamical Matrix in cartesian axes

     q = (     0.203252032520     0.117347615689     0.000000000000 )

    1    1
     1.4690321220415687     0.0000000000000000        0.2412287571424516     0.0000000000000000        0.0000000000000000     0.0000000000000000
     0.2412287571424518     0.0000000000000000        1.1904851462966226     0.0000000000000000        0.0000000000000000     0.0000000000000000
    -0.0000000000000000     0.0000000000000000       -0.0000000000000000     0.0000000000000000        0.2747075816055960     0.0000000000000000
    1    2
     0.1573855936015458    -0.0000000091727241       -0.3157129183984153     0.0000000184003340        0.0000000000000000     0.0000000000000000
    -0.3157129183984153     0.0000000184003340        0.5219394704494807    -0.0000000304195996        0.0000000000000000    -0.0000000000000000
     0.0000000000000000     0.0000000000000000        0.0000000000000000    -0.0000000000000000        0.0794163239027771    -0.0000000046285305
    2    1
     0.1573855936015458     0.0000000091727241       -0.3157129183984153    -0.0000000184003340       -0.0000000000000000     0.0000000000000000
    -0.3157129183984153    -0.0000000184003340        0.5219394704494807     0.0000000304195996       -0.0000000000000000    -0.0000000000000000
    -0.0000000000000000     0.0000000000000000       -0.0000000000000000    -0.0000000000000000        0.0794163239027771     0.0000000046285305
    2    2
     1.4690321220415687     0.0000000000000000        0.2412287571424516     0.0000000000000000        0.0000000000000000     0.0000000000000000
     0.2412287571424518     0.0000000000000000        1.1904851462966226     0.0000000000000000       -0.0000000000000000     0.0000000000000000
     0.0000000000000000     0.0000000000000000        0.0000000000000000     0.0000000000000000        0.2747075816055960     0.0000000000000000

     Dynamical Matrix in cartesian axes

     q = (     0.000000000000     0.234695231378     0.000000000000 )

    1    1
     1.0512116584241487     0.0000000000000000        0.0000000000000000     0.0000000000000000        0.0000000000000000     0.0000000000000000
     0.0000000000000000     0.0000000000000000        1.6083056099140429     0.0000000000000000        0.0000000000000000     0.0000000000000000
    -0.0000000000000000     0.0000000000000000       -0.0000000000000000     0.0000000000000000        0.2747075816055960     0.0000000000000000
    1    2
    -0.7042164088734488     0.0000000205215194        0.0000000000000000     0.0000000000000000        0.0000000000000000     0.0000000000000000
    -0.0000000000000000     0.0000000000000000        0.0248913448224216    -0.0000000007253569        0.0000000000000000    -0.0000000000000000
     0.0000000000000000     0.0000000000000000        0.0000000000000000    -0.0000000000000000       -0.0794163239027772     0.0000000023142653
    2    1
    -0.7042164088734488    -0.0000000205215194        0.0000000000000000    -0.0000000000000000       -0.0000000000000000     0.0000000000000000
    -0.0000000000000000    -0.0000000000000000        0.0248913448224216     0.0000000007253569       -0.0000000000000000    -0.0000000000000000
    -0.0000000000000000     0.0000000000000000       -0.0000000000000000    -0.0000000000000000       -0.0794163239027772    -0.0000000023142653
    2    2
     1.0512116584241487     0.0000000000000000        0.0000000000000000     0.0000000000000000       -0.0000000000000000     0.0000000000000000
     0.0000000000000000     0.0000000000000000        1.6083056099140429     0.0000000000000000       -0.0000000000000000     0.0000000000000000
     0.0000000000000000     0.0000000000000000        0.0000000000000000     0.0000000000000000        0.2747075816055960     0.0000000000000000

     Diagonalizing the dynamical matrix

     q = (    -0.203252032520     0.117347615689     0.000000000000 )

***************************************************************************
   freq (    1) =    13.89511136 [THz] =   463.49095863 [cm-1]
(   0.000000  0.000000   0.000000 -0.000000  -0.707107 -0.000000 )
(   0.000000 -0.000000   0.000000 -0.000000  -0.707107  0.000000 )
   freq (    2) =    18.52176609 [THz] =   617.81952635 [cm-1]
(   0.353553  0.000000   0.612372  0.000000  -0.000000 -0.000000 )
(   0.353553 -0.000000   0.612372 -0.000000   0.000000 -0.000000 )
   freq (    3) =    18.71105405 [THz] =   624.13349206 [cm-1]
(   0.000000  0.000000   0.000000  0.000000   0.707107  0.000000 )
(   0.000000 -0.000000   0.000000 -0.000000  -0.707107  0.000000 )
   freq (    4) =    39.56561377 [THz] =  1319.76662707 [cm-1]
(   0.612372  0.000000  -0.353553 -0.000000  -0.000000  0.000000 )
(  -0.612372  0.000000   0.353553 -0.000000   0.000000 -0.000000 )
   freq (    5) =    40.18277368 [THz] =  1340.35286286 [cm-1]
(   0.612372  0.000000  -0.353553 -0.000000  -0.000000 -0.000000 )
(   0.612372 -0.000000  -0.353553  0.000000   0.000000 -0.000000 )
   freq (    6) =    41.65931740 [THz] =  1389.60505259 [cm-1]
(  -0.353553  0.000000  -0.612372 -0.000000  -0.000000 -0.000000 )
(   0.353553 -0.000000   0.612372 -0.000000   0.000000 -0.000000 )
***************************************************************************
