Dynamical matrix file
File generated with the CellConstructor by Lorenzo Monacelli
1 2 0     1.8897259890000000     0.0000000000000000     0.0000000000000000     0.0000000000000000     0.0000000000000000     0.0000000000000000
Basis vectors
    2.4600000000000000     0.0000000000000000     0.0000000000000000
   -1.2300000000000000     2.1304224933097187     0.0000000000000000
    0.0000000000000000     0.0000000000000000    15.0000000000000000
	1  'C '  10947.3571678344233078
    1     1     0.0000000000000001    -0.0000000000000007     7.4999999999999982
    2     1     1.2299999999999998     0.7101408311032394     7.4999999999999982

     Dynamical Matrix in cartesian axes

     q = (     0.135501355014    -0.078231743793     0.000000000000 )

    1    1
     1.4004909883891821     0.0000000000000000       -0.1983786798952326     0.0000000000000000        0.0000000000000000     0.0000000000000000
    -0.1983786798952326     0.0000000000000000        1.1714230199111921     0.0000000000000000        0.0000000000000000     0.0000000000000000
     0.0000000000000000     0.0000000000000000        0.0000000000000000     0.0000000000000000        0.2965864881180797     0.0000000000000000
    1    2
    -0.4224042013013554     0.4337162786107070       -0.1983451123021628    -0.1604242059035361        0.0000000000000000     0.0000000000000000
    -0.1983451123021628    -0.1604242059035362       -0.6514334092615560     0.2484743616848302        0.0000000000000000     0.0000000000000000
     0.0000000000000000     0.0000000000000000       -0.0000000000000000    -0.0000000000000000       -0.1776128734783248     0.1466498145849670
    2    1
    -0.4224042013013554    -0.4337162786107070       -0.1983451123021628     0.1604242059035361        0.0000000000000000     0.0000000000000000
    -0.1983451123021628     0.1604242059035362       -0.6514334092615560    -0.2484743616848302       -0.0000000000000000     0.0000000000000000
     0.0000000000000000     0.0000000000000000        0.0000000000000000    -0.0000000000000000       -0.1776128734783248    -0.1466498145849670
    2    2
     1.4004909883891821     0.0000000000000000       -0.1983786798952326     0.0000000000000000        0.0000000000000000     0.0000000000000000
    -0.1983786798952326     0.0000000000000000        1.1714230199111921     0.0000000000000000        0.0000000000000000     0.0000000000000000
     0.0000000000000000     0.0000000000000000        0.0000000000000000     0.0000000000000000        0.2965864881180797     0.0000000000000000

     Dynamical Matrix in cartesian axes

     q = (    -0.135501355014     0.078231743793     0.000000000000 )

    1    1
     1.4004909883891821     0.0000000000000000       -0.1983786798952326     0.0000000000000000        0.0000000000000000     0.0000000000000000
    -0.1983786798952326     0.0000000000000000        1.1714230199111921     0.0000000000000000        0.0000000000000000     0.0000000000000000
     0.0000000000000000     0.0000000000000000        0.0000000000000000     0.0000000000000000        0.2965864881180797     0.0000000000000000
    1    2
    -0.4224042013013554    -0.4337162786107070       -0.1983451123021628     0.1604242059035361        0.0000000000000000     0.0000000000000000
    -0.1983451123021628     0.1604242059035362       -0.6514334092615560    -0.2484743616848302        0.0000000000000000    -0.0000000000000000
     0.0000000000000000     0.0000000000000000       -0.0000000000000000     0.0000000000000000       -0.1776128734783248    -0.1466498145849670
    2    1
    -0.4224042013013554     0.4337162786107070       -0.1983451123021628    -0.1604242059035361        0.0000000000000000     0.0000000000000000
    -0.1983451123021628    -0.1604242059035362       -0.6514334092615560     0.2484743616848302       -0.0000000000000000    -0.0000000000000000
     0.0000000000000000     0.0000000000000000        0.0000000000000000     0.0000000000000000       -0.1776128734783248     0.1466498145849670
    2    2
     1.4004909883891821     0.0000000000000000       -0.1983786798952326     0.0000000000000000        0.0000000000000000     0.0000000000000000
    -0.1983786798952326     0.0000000000000000        1.1714230199111921     0.0000000000000000        0.0000000000000000     0.0000000000000000
     0.0000000000000000     0.0000000000000000        0.0000000000000000     0.0000000000000000        0.2965864881180797     0.0000000000000000

     Dynamical Matrix in cartesian axes

     q = (    -0.135501355014    -0.078231743793     0.000000000000 )

    1    1
     1.4004909883891821     0.0000000000000000        0.1983786798952326     0.0000000000000000        0.0000000000000000     0.0000000000000000
     0.1983786798952326     0.0000000000000000        1.1714230199111926     0.0000000000000000        0.0000000000000000     0.0000000000000000
     0.0000000000000000     0.0000000000000000        0.0000000000000000     0.0000000000000000        0.2965864881180797     0.0000000000000000
    1    2
    -0.1644071807019037    -0.5826709178795593       -0.2381039991817637     0.0915597891412402        0.0000000000000000     0.0000000000000000
    -0.2381039991817637     0.0915597891412402        0.1105316353435317    -0.6883950556948404        0.0000000000000000    -0.0000000000000000
     0.0000000000000000     0.0000000000000000        0.0000000000000000     0.0000000000000000       -0.0381960149134303    -0.2271421699899991
    2    1
    -0.1644071807019037     0.5826709178795593       -0.2381039991817637    -0.0915597891412402        0.0000000000000000     0.0000000000000000
    -0.2381039991817637    -0.0915597891412402        0.1105316353435317     0.6883950556948404        0.0000000000000000    -0.0000000000000000
     0.0000000000000000     0.0000000000000000        0.0000000000000000     0.0000000000000000       -0.0381960149134303     0.2271421699899991
    2    2
     1.4004909883891821     0.0000000000000000        0.1983786798952326     0.0000000000000000        0.0000000000000000     0.0000000000000000
     0.1983786798952326     0.0000000000000000        1.1714230199111926     0.0000000000000000        0.0000000000000000     0.0000000000000000
     0.0000000000000000     0.0000000000000000        0.0000000000000000     0.0000000000000000        0.2965864881180797     0.0000000000000000

     Dynamical Matrix in cartesian axes

     q = (     0.135501355014     0.078231743793     0.000000000000 )

    1    1
     1.4004909883891821     0.0000000000000000        0.1983786798952326     0.0000000000000000        0.0000000000000000     0.0000000000000000
     0.1983786798952326     0.0000000000000000        1.1714230199111926     0.0000000000000000        0.0000000000000000     0.0000000000000000
     0.0000000000000000     0.0000000000000000        0.0000000000000000     0.0000000000000000        0.2965864881180797     0.0000000000000000
    1    2
    -0.1644071807019037     0.5826709178795593       -0.2381039991817637    -0.0915597891412402        0.0000000000000000     0.0000000000000000
    -0.2381039991817637    -0.0915597891412402        0.1105316353435317     0.6883950556948404        0.0000000000000000     0.0000000000000000
     0.0000000000000000     0.0000000000000000        0.0000000000000000    -0.0000000000000000       -0.0381960149134303     0.2271421699899991
    2    1
    -0.1644071807019037    -0.5826709178795593       -0.2381039991817637     0.0915597891412402        0.0000000000000000     0.0000000000000000
    -0.2381039991817637     0.0915597891412402        0.1105316353435317    -0.6883950556948404        0.0000000000000000     0.0000000000000000
     0.0000000000000000     0.0000000000000000        0.0000000000000000    -0.0000000000000000       -0.0381960149134303    -0.2271421699899991
    2    2
     1.4004909883891821     0.0000000000000000        0.1983786798952326     0.0000000000000000        0.0000000000000000     0.0000000000000000
     0.1983786798952326     0.0000000000000000        1.1714230199111926     0.0000000000000000        0.0000000000000000     0.0000000000000000
     0.0000000000000000     0.0000000000000000        0.0000000000000000     0.0000000000000000        0.2965864881180797     0.0000000000000000

     Dynamical Matrix in cartesian axes

     q = (    -0.000000000000    -0.156463487585     0.000000000000 )

    1    1
     1.0568890356721967     0.0000000000000000        0.0000000000000000     0.0000000000000000        0.0000000000000000     0.0000000000000000
     0.0000000000000000     0.0000000000000000        1.5150249726281779     0.0000000000000000        0.0000000000000000     0.0000000000000000
     0.0000000000000000     0.0000000000000000        0.0000000000000000     0.0000000000000000        0.2965864881180797     0.0000000000000000
    1    2
    -0.7659480132416558    -0.1558534032218926        0.0000000000000000     0.0000000000000000        0.0000000000000000     0.0000000000000000
     0.0000000000000000     0.0000000000000000       -0.3078895973212546    -0.5263372370736461        0.0000000000000000     0.0000000000000000
     0.0000000000000000     0.0000000000000000        0.0000000000000000     0.0000000000000000       -0.1776128734783247    -0.1466498145849673
    2    1
    -0.7659480132416558     0.1558534032218926        0.0000000000000000     0.0000000000000000        0.0000000000000000     0.0000000000000000
     0.0000000000000000     0.0000000000000000       -0.3078895973212546     0.5263372370736461        0.0000000000000000     0.0000000000000000
     0.0000000000000000     0.0000000000000000        0.0000000000000000     0.0000000000000000       -0.1776128734783247     0.1466498145849673
    2    2
     1.0568890356721967     0.0000000000000000        0.0000000000000000     0.0000000000000000        0.0000000000000000     0.0000000000000000
     0.0000000000000000     0.0000000000000000        1.5150249726281779     0.0000000000000000        0.0000000000000000     0.0000000000000000
     0.0000000000000000     0.0000000000000000        0.0000000000000000     0.0000000000000000        0.2965864881180797     0.0000000000000000

     Dynamical Matrix in cartesian axes

     q = (     0.000000000000     0.156463487585     0.000000000000 )

    1    1
     1.0568890356721967     0.0000000000000000        0.0000000000000000     0.0000000000000000        0.0000000000000000     0.0000000000000000
     0.0000000000000000     0.0000000000000000        1.5150249726281779     0.0000000000000000        0.0000000000000000     0.0000000000000000
     0.0000000000000000     0.0000000000000000        0.0000000000000000     0.0000000000000000        0.2965864881180797     0.0000000000000000
    1    2
    -0.7659480132416558     0.1558534032218926        0.0000000000000000     0.0000000000000000        0.0000000000000000     0.0000000000000000
     0.0000000000000000     0.0000000000000000       -0.3078895973212546     0.5263372370736461        0.0000000000000000     0.0000000000000000
     0.0000000000000000     0.0000000000000000        0.0000000000000000     0.0000000000000000       -0.1776128734783247     0.1466498145849673
    2    1
    -0.7659480132416558    -0.1558534032218926        0.0000000000000000     0.0000000000000000        0.0000000000000000     0.0000000000000000
     0.0000000000000000     0.0000000000000000       -0.3078895973212546    -0.5263372370736461        0.0000000000000000     0.0000000000000000
     0.0000000000000000     0.0000000000000000        0.0000000000000000     0.0000000000000000       -0.1776128734783247    -0.1466498145849673
    2    2
     1.0568890356721967     0.0000000000000000        0.0000000000000000     0.0000000000000000        0.0000000000000000     0.0000000000000000
     0.0000000000000000     0.0000000000000000        1.5150249726281779     0.0000000000000000        0.0000000000000000     0.0000000000000000
     0.0000000000000000     0.0000000000000000        0.0000000000000000     0.0000000000000000        0.2965864881180797     0.0000000000000000

     Diagonalizing the dynamical matrix

     q = (     0.135501355014    -0.078231743793     0.000000000000 )

***************************************************************************
   freq (    1) =     8.09339291 [THz] =   269.96648982 [cm-1]
(   0.000000  0.000000   0.000000 -0.000000  -0.217652 -0.672776 )
(  -0.000000  0.000000   0.000000  0.000000   0.260515 -0.657368 )
   freq (    2) =    16.49607914 [THz] =   550.24989256 [cm-1]
(  -0.353553  0.000000  -0.612372  0.000000   0.000000 -0.000000 )
(  -0.346454 -0.070496  -0.600076 -0.122102   0.000000 -0.000000 )
   freq (    3) =    22.82401555 [THz] =   761.32710070 [cm-1]
(  -0.000000  0.000000   0.000000 -0.000000   0.281928 -0.648472 )
(  -0.000000 -0.000000  -0.000000 -0.000000  -0.630277  0.320548 )
   freq (    4) =    29.91607595 [THz] =   997.89273780 [cm-1]
(   0.612372  0.000000  -0.353553 -0.000000   0.000000 -0.000000 )
(   0.309201  0.528578  -0.178517 -0.305175  -0.000000 -0.000000 )
   freq (    5) =    42.63402118 [THz] =  1422.11766660 [cm-1]
(   0.353553  0.000000   0.612372  0.000000  -0.000000 -0.000000 )
(  -0.346454 -0.070496  -0.600076 -0.122102   0.000000  0.000000 )
   freq (    6) =    45.83315662 [THz] =  1528.82932313 [cm-1]
(  -0.612372  0.000000   0.353553  0.000000   0.000000 -0.000000 )
(   0.309201  0.528578  -0.178517 -0.305175   0.000000  0.000000 )
***************************************************************************
