Dynamical matrix file
File generated with the CellConstructor by Lorenzo Monacelli
1 2 0     1.8897259890000000     0.0000000000000000     0.0000000000000000     0.0000000000000000     0.0000000000000000     0.0000000000000000
Basis vectors
    2.4600000000000000     0.0000000000000000     0.0000000000000000
   -1.2300000000000000     2.1304224933097187     0.0000000000000000
    0.0000000000000000     0.0000000000000000    15.0000000000000000
	1  'C '  10947.3571678344233078
    1     1     0.0000000000000001    -0.0000000000000007     7.4999999999999982
    2     1     1.2299999999999998     0.7101408311032394     7.4999999999999982

     Dynamical Matrix in cartesian axes

     q = (    -0.271002710027     0.000000000000     0.000000000000 )

    1    1
     1.2618994587777705     0.0000000000000000       -0.0000000000000001     0.0621508367807318        0.0000000000000000     0.0000000000000000
    -0.0000000000000001    -0.0621508367807318        1.2618994587777710     0.0000000000000000        0.0000000000000000     0.0000000000000000
     0.0000000000000000     0.0000000000000000        0.0000000000000000     0.0000000000000000        0.2568601079594747     0.0000000000000000
    1    2
    -0.0762637356411661     0.1320926471263356       -0.1320926471263356    -0.0762637356411661        0.0000000000000000     0.0000000000000000
    -0.1320926471263356    -0.0762637356411661        0.0762637356411661    -0.1320926471263356        0.0000000000000000     0.0000000000000000
     0.0000000000000000     0.0000000000000000        0.0000000000000000     0.0000000000000000        0.0000000000000000    -0.0000000000000000
    2    1
    -0.0762637356411661    -0.1320926471263356       -0.1320926471263356     0.0762637356411661        0.0000000000000000     0.0000000000000000
    -0.1320926471263356     0.0762637356411661        0.0762637356411661     0.1320926471263356        0.0000000000000000     0.0000000000000000
     0.0000000000000000     0.0000000000000000        0.0000000000000000     0.0000000000000000        0.0000000000000000     0.0000000000000000
    2    2
     1.2618994587777705     0.0000000000000000       -0.0000000000000001    -0.0621508367807318        0.0000000000000000     0.0000000000000000
    -0.0000000000000001     0.0621508367807318        1.2618994587777710     0.0000000000000000        0.0000000000000000     0.0000000000000000
     0.0000000000000000     0.0000000000000000        0.0000000000000000     0.0000000000000000        0.2568601079594747     0.0000000000000000

     Dynamical Matrix in cartesian axes

     q = (     0.271002710027     0.000000000000     0.000000000000 )

    1    1
     1.2618994587777705     0.0000000000000000       -0.0000000000000001    -0.0621508367807318        0.0000000000000000     0.0000000000000000
    -0.0000000000000001     0.0621508367807318        1.2618994587777710     0.0000000000000000        0.0000000000000000     0.0000000000000000
     0.0000000000000000     0.0000000000000000        0.0000000000000000     0.0000000000000000        0.2568601079594747     0.0000000000000000
    1    2
    -0.0762637356411661    -0.1320926471263356       -0.1320926471263356     0.0762637356411661        0.0000000000000000     0.0000000000000000
    -0.1320926471263356     0.0762637356411661        0.0762637356411661     0.1320926471263356        0.0000000000000000     0.0000000000000000
     0.0000000000000000     0.0000000000000000        0.0000000000000000     0.0000000000000000        0.0000000000000000     0.0000000000000000
    2    1
    -0.0762637356411661     0.1320926471263356       -0.1320926471263356    -0.0762637356411661        0.0000000000000000     0.0000000000000000
    -0.1320926471263356    -0.0762637356411661        0.0762637356411661    -0.1320926471263356        0.0000000000000000     0.0000000000000000
     0.0000000000000000     0.0000000000000000        0.0000000000000000     0.0000000000000000        0.0000000000000000    -0.0000000000000000
    2    2
     1.2618994587777705     0.0000000000000000       -0.0000000000000001     0.0621508367807318        0.0000000000000000     0.0000000000000000
    -0.0000000000000001    -0.0621508367807318        1.2618994587777710     0.0000000000000000        0.0000000000000000     0.0000000000000000
     0.0000000000000000     0.0000000000000000        0.0000000000000000     0.0000000000000000        0.2568601079594747     0.0000000000000000

     Diagonalizing the dynamical matrix

     q = (    -0.271002710027     0.000000000000     0.000000000000 )

***************************************************************************
   freq (    1) =    15.93561985 [THz] =   531.55498568 [cm-1]
(   0.000000  0.000000   0.000000  0.000000  -0.000000 -0.000000 )
(  -0.000000  0.000000  -0.000000 -0.000000  -0.242752 -0.970088 )
   freq (    2) =    15.93561985 [THz] =   531.55498568 [cm-1]
(  -0.000000  0.000000  -0.000000 -0.000000   0.961497  0.274815 )
(   0.000000 -0.000000   0.000000  0.000000  -0.000000 -0.000000 )
   freq (    3) =    29.74115448 [THz] =   992.05798639 [cm-1]
(  -0.500000  0.000000   0.000000 -0.500000  -0.000000 -0.000000 )
(  -0.250000 -0.433013  -0.433013  0.250000   0.000000  0.000000 )
   freq (    4) =    36.18035901 [THz] =  1206.84669893 [cm-1]
(  -0.707107  0.000000  -0.000000  0.707107   0.000000  0.000000 )
(   0.000000  0.000000   0.000000 -0.000000   0.000000  0.000000 )
   freq (    5) =    36.18035901 [THz] =  1206.84669893 [cm-1]
(   0.000000  0.000000  -0.000000 -0.000000  -0.000000 -0.000000 )
(   0.632456 -0.316228   0.316228  0.632456  -0.000000 -0.000000 )
   freq (    6) =    38.57096742 [THz] =  1286.58880088 [cm-1]
(   0.500000  0.000000  -0.000000  0.500000   0.000000  0.000000 )
(  -0.250000 -0.433013  -0.433013  0.250000   0.000000  0.000000 )
***************************************************************************
