Dynamical matrix file
File generated with the CellConstructor by Lorenzo Monacelli
1 2 0     1.8897259890000000     0.0000000000000000     0.0000000000000000     0.0000000000000000     0.0000000000000000     0.0000000000000000
Basis vectors
    2.4600000000000000     0.0000000000000000     0.0000000000000000
   -1.2300000000000000     2.1304224933097187     0.0000000000000000
    0.0000000000000000     0.0000000000000000    15.0000000000000000
	1  'C '  10947.3571678344233078
    1     1     0.0000000000000001    -0.0000000000000007     7.4999999999999982
    2     1     1.2299999999999998     0.7101408311032394     7.4999999999999982

     Dynamical Matrix in cartesian axes

     q = (     0.067750677507     0.195579359482     0.000000000000 )

    1    1
     1.1265763175935493     0.0000000000000000        0.0607026380403002     0.0177751174310791        0.0000000000000000     0.0000000000000000
     0.0607026380403003    -0.0177751174310791        1.4795680466423278     0.0000000000000000        0.0000000000000000     0.0000000000000000
     0.0000000000000000     0.0000000000000000        0.0000000000000000     0.0000000000000000        0.2723503146421842     0.0000000000000000
    1    2
    -0.4492855954178958     0.3500454272592934       -0.0668201797123854    -0.0594276311380181        0.0000000000000000     0.0000000000000000
    -0.0668201797123854    -0.0594276311380181        0.1223423801746708     0.2595524391440615        0.0000000000000000     0.0000000000000000
     0.0000000000000000     0.0000000000000000        0.0000000000000000     0.0000000000000000       -0.0405528818668244     0.1203790302626027
    2    1
    -0.4492855954178958    -0.3500454272592934       -0.0668201797123854     0.0594276311380181        0.0000000000000000     0.0000000000000000
    -0.0668201797123854     0.0594276311380181        0.1223423801746708    -0.2595524391440615        0.0000000000000000     0.0000000000000000
     0.0000000000000000     0.0000000000000000        0.0000000000000000     0.0000000000000000       -0.0405528818668244    -0.1203790302626027
    2    2
     1.1265763175935493     0.0000000000000000        0.0607026380403002    -0.0177751174310791        0.0000000000000000     0.0000000000000000
     0.0607026380403003     0.0177751174310791        1.4795680466423278     0.0000000000000000        0.0000000000000000     0.0000000000000000
     0.0000000000000000     0.0000000000000000        0.0000000000000000     0.0000000000000000        0.2723503146421842     0.0000000000000000

     Dynamical Matrix in cartesian axes

     q = (    -0.067750677507    -0.195579359482     0.000000000000 )

    1    1
     1.1265763175935493     0.0000000000000000        0.0607026380403002    -0.0177751174310791        0.0000000000000000     0.0000000000000000
     0.0607026380403003     0.0177751174310791        1.4795680466423278     0.0000000000000000        0.0000000000000000     0.0000000000000000
     0.0000000000000000     0.0000000000000000        0.0000000000000000     0.0000000000000000        0.2723503146421842     0.0000000000000000
    1    2
    -0.4492855954178958    -0.3500454272592934       -0.0668201797123854     0.0594276311380181        0.0000000000000000     0.0000000000000000
    -0.0668201797123854     0.0594276311380181        0.1223423801746708    -0.2595524391440614        0.0000000000000000     0.0000000000000000
     0.0000000000000000     0.0000000000000000        0.0000000000000000     0.0000000000000000       -0.0405528818668244    -0.1203790302626027
    2    1
    -0.4492855954178958     0.3500454272592934       -0.0668201797123854    -0.0594276311380181        0.0000000000000000     0.0000000000000000
    -0.0668201797123854    -0.0594276311380181        0.1223423801746708     0.2595524391440614        0.0000000000000000     0.0000000000000000
     0.0000000000000000     0.0000000000000000        0.0000000000000000     0.0000000000000000       -0.0405528818668244     0.1203790302626027
    2    2
     1.1265763175935493     0.0000000000000000        0.0607026380403002     0.0177751174310791        0.0000000000000000     0.0000000000000000
     0.0607026380403003    -0.0177751174310791        1.4795680466423278     0.0000000000000000        0.0000000000000000     0.0000000000000000
     0.0000000000000000     0.0000000000000000        0.0000000000000000     0.0000000000000000        0.2723503146421842     0.0000000000000000

     Dynamical Matrix in cartesian axes

     q = (    -0.067750677507     0.195579359482     0.000000000000 )

    1    1
     1.1265763175935493     0.0000000000000000       -0.0607026380403003    -0.0177751174310791        0.0000000000000000     0.0000000000000000
    -0.0607026380403003     0.0177751174310791        1.4795680466423278    -0.0000000000000000        0.0000000000000000     0.0000000000000000
     0.0000000000000000     0.0000000000000000        0.0000000000000000     0.0000000000000000        0.2723503146421842     0.0000000000000000
    1    2
    -0.5277910239558745    -0.2140700409369879       -0.0180557509482766     0.0875817881592151        0.0000000000000000     0.0000000000000000
    -0.0180557509482766     0.0875817881592151       -0.1636078226949636     0.2357278239950659        0.0000000000000000     0.0000000000000000
     0.0000000000000000     0.0000000000000000        0.0000000000000000     0.0000000000000000       -0.1245277399543158     0.0250696856091084
    2    1
    -0.5277910239558745     0.2140700409369879       -0.0180557509482766    -0.0875817881592151        0.0000000000000000     0.0000000000000000
    -0.0180557509482766    -0.0875817881592151       -0.1636078226949636    -0.2357278239950659        0.0000000000000000     0.0000000000000000
     0.0000000000000000     0.0000000000000000        0.0000000000000000     0.0000000000000000       -0.1245277399543158    -0.0250696856091084
    2    2
     1.1265763175935493     0.0000000000000000       -0.0607026380403003     0.0177751174310791        0.0000000000000000     0.0000000000000000
    -0.0607026380403003    -0.0177751174310791        1.4795680466423278     0.0000000000000000        0.0000000000000000     0.0000000000000000
     0.0000000000000000     0.0000000000000000        0.0000000000000000     0.0000000000000000        0.2723503146421842     0.0000000000000000

     Dynamical Matrix in cartesian axes

     q = (     0.067750677507    -0.195579359482     0.000000000000 )

    1    1
     1.1265763175935493     0.0000000000000000       -0.0607026380403003     0.0177751174310791        0.0000000000000000     0.0000000000000000
    -0.0607026380403003    -0.0177751174310791        1.4795680466423278     0.0000000000000000        0.0000000000000000     0.0000000000000000
     0.0000000000000000     0.0000000000000000        0.0000000000000000     0.0000000000000000        0.2723503146421842     0.0000000000000000
    1    2
    -0.5277910239558745     0.2140700409369879       -0.0180557509482766    -0.0875817881592151        0.0000000000000000     0.0000000000000000
    -0.0180557509482766    -0.0875817881592151       -0.1636078226949636    -0.2357278239950659        0.0000000000000000     0.0000000000000000
     0.0000000000000000     0.0000000000000000        0.0000000000000000     0.0000000000000000       -0.1245277399543158    -0.0250696856091084
    2    1
    -0.5277910239558745    -0.2140700409369879       -0.0180557509482766     0.0875817881592151        0.0000000000000000     0.0000000000000000
    -0.0180557509482766     0.0875817881592151       -0.1636078226949636     0.2357278239950659        0.0000000000000000     0.0000000000000000
     0.0000000000000000     0.0000000000000000        0.0000000000000000     0.0000000000000000       -0.1245277399543158     0.0250696856091084
    2    2
     1.1265763175935493     0.0000000000000000       -0.0607026380403003    -0.0177751174310791        0.0000000000000000     0.0000000000000000
    -0.0607026380403003     0.0177751174310791        1.4795680466423278    -0.0000000000000000        0.0000000000000000     0.0000000000000000
     0.0000000000000000     0.0000000000000000        0.0000000000000000     0.0000000000000000        0.2723503146421842     0.0000000000000000

     Dynamical Matrix in cartesian axes

     q = (    -0.135501355014     0.156463487585     0.000000000000 )

    1    1
     1.3387500877605012     0.0000000000000000       -0.1832012213611677    -0.0177751174310791        0.0000000000000000     0.0000000000000000
    -0.1832012213611678     0.0177751174310791        1.2673942764753754     0.0000000000000000        0.0000000000000000     0.0000000000000000
     0.0000000000000000     0.0000000000000000        0.0000000000000000     0.0000000000000000        0.2723503146421842     0.0000000000000000
    1    2
    -0.2702903620158041    -0.1991264112167994       -0.1667238274358831     0.1509772947199728        0.0000000000000000     0.0000000000000000
    -0.1667238274358831     0.1509772947199728       -0.4211084846350343     0.1774686281587227        0.0000000000000000     0.0000000000000000
     0.0000000000000000     0.0000000000000000        0.0000000000000000     0.0000000000000000       -0.1245277399543159    -0.0250696856091082
    2    1
    -0.2702903620158041     0.1991264112167994       -0.1667238274358831    -0.1509772947199728        0.0000000000000000     0.0000000000000000
    -0.1667238274358831    -0.1509772947199728       -0.4211084846350343    -0.1774686281587227        0.0000000000000000     0.0000000000000000
     0.0000000000000000     0.0000000000000000        0.0000000000000000     0.0000000000000000       -0.1245277399543159     0.0250696856091082
    2    2
     1.3387500877605012     0.0000000000000000       -0.1832012213611677     0.0177751174310791        0.0000000000000000     0.0000000000000000
    -0.1832012213611678    -0.0177751174310791        1.2673942764753754    -0.0000000000000000        0.0000000000000000     0.0000000000000000
     0.0000000000000000     0.0000000000000000        0.0000000000000000     0.0000000000000000        0.2723503146421842     0.0000000000000000

     Dynamical Matrix in cartesian axes

     q = (     0.203252032520     0.039115871896     0.000000000000 )

    1    1
     1.4438901409997644     0.0000000000000000        0.1224985833208674    -0.0177751174310791        0.0000000000000000     0.0000000000000000
     0.1224985833208675     0.0177751174310791        1.1622542232361128     0.0000000000000000        0.0000000000000000     0.0000000000000000
     0.0000000000000000     0.0000000000000000        0.0000000000000000     0.0000000000000000        0.2723503146421842     0.0000000000000000
    1    2
     0.0784326070091342     0.2307098410638189       -0.2809322648726720    -0.0094707731571885        0.0000000000000000     0.0000000000000000
    -0.2809322648726720    -0.0094707731571885        0.2485106615268299     0.3788879967572489        0.0000000000000000     0.0000000000000000
     0.0000000000000000     0.0000000000000000        0.0000000000000000     0.0000000000000000        0.0405528923906938     0.1203790267173566
    2    1
     0.0784326070091342    -0.2307098410638189       -0.2809322648726720     0.0094707731571885        0.0000000000000000     0.0000000000000000
    -0.2809322648726720     0.0094707731571885        0.2485106615268299    -0.3788879967572489        0.0000000000000000     0.0000000000000000
     0.0000000000000000     0.0000000000000000        0.0000000000000000     0.0000000000000000        0.0405528923906938    -0.1203790267173566
    2    2
     1.4438901409997644     0.0000000000000000        0.1224985833208674     0.0177751174310791        0.0000000000000000     0.0000000000000000
     0.1224985833208675    -0.0177751174310791        1.1622542232361128     0.0000000000000000        0.0000000000000000     0.0000000000000000
     0.0000000000000000     0.0000000000000000        0.0000000000000000     0.0000000000000000        0.2723503146421842     0.0000000000000000

     Dynamical Matrix in cartesian axes

     q = (    -0.203252032520    -0.039115871896     0.000000000000 )

    1    1
     1.4438901409997644     0.0000000000000000        0.1224985833208674     0.0177751174310791        0.0000000000000000     0.0000000000000000
     0.1224985833208675    -0.0177751174310791        1.1622542232361128     0.0000000000000000        0.0000000000000000     0.0000000000000000
     0.0000000000000000     0.0000000000000000        0.0000000000000000     0.0000000000000000        0.2723503146421842     0.0000000000000000
    1    2
     0.0784326070091342    -0.2307098410638189       -0.2809322648726720     0.0094707731571885        0.0000000000000000     0.0000000000000000
    -0.2809322648726720     0.0094707731571885        0.2485106615268299    -0.3788879967572489        0.0000000000000000     0.0000000000000000
     0.0000000000000000     0.0000000000000000        0.0000000000000000     0.0000000000000000        0.0405528923906938    -0.1203790267173566
    2    1
     0.0784326070091342     0.2307098410638189       -0.2809322648726720    -0.0094707731571885        0.0000000000000000     0.0000000000000000
    -0.2809322648726720    -0.0094707731571885        0.2485106615268299     0.3788879967572489        0.0000000000000000     0.0000000000000000
     0.0000000000000000     0.0000000000000000        0.0000000000000000     0.0000000000000000        0.0405528923906938     0.1203790267173566
    2    2
     1.4438901409997644     0.0000000000000000        0.1224985833208674    -0.0177751174310791        0.0000000000000000     0.0000000000000000
     0.1224985833208675     0.0177751174310791        1.1622542232361128     0.0000000000000000        0.0000000000000000     0.0000000000000000
     0.0000000000000000     0.0000000000000000        0.0000000000000000     0.0000000000000000        0.2723503146421842     0.0000000000000000

     Dynamical Matrix in cartesian axes

     q = (     0.135501355014    -0.156463487585     0.000000000000 )

    1    1
     1.3387500877605012     0.0000000000000000       -0.1832012213611677     0.0177751174310791        0.0000000000000000     0.0000000000000000
    -0.1832012213611678    -0.0177751174310791        1.2673942764753754    -0.0000000000000000        0.0000000000000000     0.0000000000000000
     0.0000000000000000     0.0000000000000000        0.0000000000000000     0.0000000000000000        0.2723503146421842     0.0000000000000000
    1    2
    -0.2702903620158041     0.1991264112167994       -0.1667238274358831    -0.1509772947199728        0.0000000000000000     0.0000000000000000
    -0.1667238274358831    -0.1509772947199728       -0.4211084846350344    -0.1774686281587227        0.0000000000000000     0.0000000000000000
     0.0000000000000000     0.0000000000000000        0.0000000000000000     0.0000000000000000       -0.1245277399543159     0.0250696856091082
    2    1
    -0.2702903620158041    -0.1991264112167994       -0.1667238274358831     0.1509772947199728        0.0000000000000000     0.0000000000000000
    -0.1667238274358831     0.1509772947199728       -0.4211084846350344     0.1774686281587227        0.0000000000000000     0.0000000000000000
     0.0000000000000000     0.0000000000000000        0.0000000000000000     0.0000000000000000       -0.1245277399543159    -0.0250696856091082
    2    2
     1.3387500877605012     0.0000000000000000       -0.1832012213611677    -0.0177751174310791        0.0000000000000000     0.0000000000000000
    -0.1832012213611678     0.0177751174310791        1.2673942764753754     0.0000000000000000        0.0000000000000000     0.0000000000000000
     0.0000000000000000     0.0000000000000000        0.0000000000000000     0.0000000000000000        0.2723503146421842     0.0000000000000000

     Dynamical Matrix in cartesian axes

     q = (    -0.135501355014    -0.156463487585     0.000000000000 )

    1    1
     1.3387500877605012     0.0000000000000000        0.1832012213611678    -0.0177751174310791        0.0000000000000000     0.0000000000000000
     0.1832012213611678     0.0177751174310791        1.2673942764753758     0.0000000000000000        0.0000000000000000     0.0000000000000000
     0.0000000000000000     0.0000000000000000        0.0000000000000000     0.0000000000000000        0.2723503146421842     0.0000000000000000
    1    2
    -0.0373033302250266    -0.3336415276862863       -0.2141120903556156     0.0688984101368122        0.0000000000000000     0.0000000000000000
    -0.2141120903556155     0.0688984101368122        0.3642465987609909    -0.2759563101347813        0.0000000000000000     0.0000000000000000
     0.0000000000000000     0.0000000000000000        0.0000000000000000     0.0000000000000000        0.0405528923906938    -0.1203790267173566
    2    1
    -0.0373033302250266     0.3336415276862863       -0.2141120903556156    -0.0688984101368122        0.0000000000000000     0.0000000000000000
    -0.2141120903556155    -0.0688984101368122        0.3642465987609909     0.2759563101347813        0.0000000000000000     0.0000000000000000
     0.0000000000000000     0.0000000000000000        0.0000000000000000     0.0000000000000000        0.0405528923906938     0.1203790267173566
    2    2
     1.3387500877605012     0.0000000000000000        0.1832012213611678     0.0177751174310791        0.0000000000000000     0.0000000000000000
     0.1832012213611678    -0.0177751174310791        1.2673942764753758    -0.0000000000000000        0.0000000000000000     0.0000000000000000
     0.0000000000000000     0.0000000000000000        0.0000000000000000     0.0000000000000000        0.2723503146421842     0.0000000000000000

     Dynamical Matrix in cartesian axes

     q = (     0.203252032520    -0.039115871896     0.000000000000 )

    1    1
     1.4438901409997644     0.0000000000000000       -0.1224985833208675    -0.0177751174310791        0.0000000000000000     0.0000000000000000
    -0.1224985833208675     0.0177751174310791        1.1622542232361124     0.0000000000000000        0.0000000000000000     0.0000000000000000
     0.0000000000000000     0.0000000000000000        0.0000000000000000     0.0000000000000000        0.2723503146421842     0.0000000000000000
    1    2
    -0.0784325868398385     0.2307098479206144       -0.2809322640447096     0.0094707977170677        0.0000000000000000     0.0000000000000000
    -0.2809322640447096     0.0094707977170678       -0.2485106284033873     0.3788880184827401        0.0000000000000000     0.0000000000000000
     0.0000000000000000     0.0000000000000000        0.0000000000000000     0.0000000000000000       -0.0405528818668246     0.1203790302626027
    2    1
    -0.0784325868398385    -0.2307098479206144       -0.2809322640447096    -0.0094707977170677        0.0000000000000000     0.0000000000000000
    -0.2809322640447096    -0.0094707977170678       -0.2485106284033873    -0.3788880184827401        0.0000000000000000     0.0000000000000000
     0.0000000000000000     0.0000000000000000        0.0000000000000000     0.0000000000000000       -0.0405528818668246    -0.1203790302626027
    2    2
     1.4438901409997644     0.0000000000000000       -0.1224985833208675     0.0177751174310791        0.0000000000000000     0.0000000000000000
    -0.1224985833208675    -0.0177751174310791        1.1622542232361124    -0.0000000000000000        0.0000000000000000     0.0000000000000000
     0.0000000000000000     0.0000000000000000        0.0000000000000000     0.0000000000000000        0.2723503146421842     0.0000000000000000

     Dynamical Matrix in cartesian axes

     q = (    -0.203252032520     0.039115871896     0.000000000000 )

    1    1
     1.4438901409997644     0.0000000000000000       -0.1224985833208675     0.0177751174310791        0.0000000000000000     0.0000000000000000
    -0.1224985833208675    -0.0177751174310791        1.1622542232361124    -0.0000000000000000        0.0000000000000000     0.0000000000000000
     0.0000000000000000     0.0000000000000000        0.0000000000000000     0.0000000000000000        0.2723503146421842     0.0000000000000000
    1    2
    -0.0784325868398385    -0.2307098479206144       -0.2809322640447096    -0.0094707977170677        0.0000000000000000     0.0000000000000000
    -0.2809322640447096    -0.0094707977170677       -0.2485106284033873    -0.3788880184827401        0.0000000000000000     0.0000000000000000
     0.0000000000000000     0.0000000000000000        0.0000000000000000     0.0000000000000000       -0.0405528818668246    -0.1203790302626027
    2    1
    -0.0784325868398385     0.2307098479206144       -0.2809322640447096     0.0094707977170677        0.0000000000000000     0.0000000000000000
    -0.2809322640447096     0.0094707977170677       -0.2485106284033873     0.3788880184827401        0.0000000000000000     0.0000000000000000
     0.0000000000000000     0.0000000000000000        0.0000000000000000     0.0000000000000000       -0.0405528818668246     0.1203790302626027
    2    2
     1.4438901409997644     0.0000000000000000       -0.1224985833208675    -0.0177751174310791        0.0000000000000000     0.0000000000000000
    -0.1224985833208675     0.0177751174310791        1.1622542232361124     0.0000000000000000        0.0000000000000000     0.0000000000000000
     0.0000000000000000     0.0000000000000000        0.0000000000000000     0.0000000000000000        0.2723503146421842     0.0000000000000000

     Dynamical Matrix in cartesian axes

     q = (     0.135501355014     0.156463487585     0.000000000000 )

    1    1
     1.3387500877605012     0.0000000000000000        0.1832012213611678     0.0177751174310791        0.0000000000000000     0.0000000000000000
     0.1832012213611678    -0.0177751174310791        1.2673942764753758    -0.0000000000000000        0.0000000000000000     0.0000000000000000
     0.0000000000000000     0.0000000000000000        0.0000000000000000     0.0000000000000000        0.2723503146421842     0.0000000000000000
    1    2
    -0.0373033302250266     0.3336415276862863       -0.2141120903556156    -0.0688984101368122        0.0000000000000000     0.0000000000000000
    -0.2141120903556155    -0.0688984101368122        0.3642465987609909     0.2759563101347812        0.0000000000000000     0.0000000000000000
     0.0000000000000000     0.0000000000000000        0.0000000000000000     0.0000000000000000        0.0405528923906938     0.1203790267173566
    2    1
    -0.0373033302250266    -0.3336415276862863       -0.2141120903556156     0.0688984101368122        0.0000000000000000     0.0000000000000000
    -0.2141120903556155     0.0688984101368122        0.3642465987609909    -0.2759563101347812        0.0000000000000000     0.0000000000000000
     0.0000000000000000     0.0000000000000000        0.0000000000000000     0.0000000000000000        0.0405528923906938    -0.1203790267173566
    2    2
     1.3387500877605012     0.0000000000000000        0.1832012213611678    -0.0177751174310791        0.0000000000000000     0.0000000000000000
     0.1832012213611678     0.0177751174310791        1.2673942764753758     0.0000000000000000        0.0000000000000000     0.0000000000000000
     0.0000000000000000     0.0000000000000000        0.0000000000000000     0.0000000000000000        0.2723503146421842     0.0000000000000000

     Diagonalizing the dynamical matrix

     q = (     0.067750677507     0.195579359482     0.000000000000 )

***************************************************************************
   freq (    1) =    11.98642087 [THz] =   399.82390587 [cm-1]
(  -0.000000  0.000000  -0.000000  0.000000   0.693714  0.136969 )
(  -0.000000  0.000000  -0.000000  0.000000   0.091665  0.701140 )
   freq (    2) =    19.87064086 [THz] =   662.81313919 [cm-1]
(  -0.000000  0.000000  -0.000000  0.000000   0.692223  0.144315 )
(  -0.000000 -0.000000  -0.000000  0.000000  -0.084228 -0.702072 )
   freq (    3) =    23.07994609 [THz] =   769.86402329 [cm-1]
(   0.697927  0.000000  -0.067077  0.091646   0.000000  0.000000 )
(   0.537860  0.444757   0.006709 -0.113372  -0.000000 -0.000000 )
   freq (    4) =    34.26942616 [THz] =  1143.10484937 [cm-1]
(   0.176042  0.000000   0.000966 -0.684842  -0.000000 -0.000000 )
(   0.072510 -0.160415   0.624448  0.281200   0.000000  0.000000 )
   freq (    5) =    41.13734414 [THz] =  1372.19390147 [cm-1]
(  -0.665522  0.000000   0.072052 -0.227791   0.000000  0.000000 )
(   0.527574  0.405692   0.081740 -0.224497  -0.000000 -0.000000 )
   freq (    6) =    41.87785991 [THz] =  1396.89484497 [cm-1]
(  -0.197453  0.000000  -0.479087  0.481132  -0.000000  0.000000 )
(   0.187585  0.061642   0.304939  0.606650   0.000000  0.000000 )
***************************************************************************
