Dynamical matrix file
File generated with the CellConstructor by Lorenzo Monacelli
1 2 0     1.8897259890000000     0.0000000000000000     0.0000000000000000     0.0000000000000000     0.0000000000000000     0.0000000000000000
Basis vectors
    2.4600000000000000     0.0000000000000000     0.0000000000000000
   -1.2300000000000000     2.1304224933097187     0.0000000000000000
    0.0000000000000000     0.0000000000000000    15.0000000000000000
	1  'C '  10947.3571678344233078
    1     1     0.0000000000000001    -0.0000000000000007     7.4999999999999982
    2     1     1.2299999999999998     0.7101408311032394     7.4999999999999982

     Dynamical Matrix in cartesian axes

     q = (     0.000000000000     0.000000000000     0.000000000000 )

    1    1
     1.0991167355423526     0.0000000000000000        0.0000000000000000     0.0000000000000000        0.0000000000000000     0.0000000000000000
     0.0000000000000001     0.0000000000000000        1.0991167355423528     0.0000000000000000        0.0000000000000000     0.0000000000000000
     0.0000000000000000     0.0000000000000000        0.0000000000000000     0.0000000000000000        0.3425784411022443     0.0000000000000000
    1    2
    -1.0991167355423526     0.0000000000000000       -0.0000000000000002     0.0000000000000000        0.0000000000000000     0.0000000000000000
    -0.0000000000000003     0.0000000000000000       -1.0991167355423530     0.0000000000000000        0.0000000000000000     0.0000000000000000
     0.0000000000000000     0.0000000000000000        0.0000000000000000     0.0000000000000000       -0.3425784411022443     0.0000000000000000
    2    1
    -1.0991167355423526     0.0000000000000000       -0.0000000000000002     0.0000000000000000        0.0000000000000000     0.0000000000000000
    -0.0000000000000003     0.0000000000000000       -1.0991167355423530     0.0000000000000000        0.0000000000000000     0.0000000000000000
     0.0000000000000000     0.0000000000000000        0.0000000000000000     0.0000000000000000       -0.3425784411022443     0.0000000000000000
    2    2
     1.0991167355423526     0.0000000000000000        0.0000000000000000     0.0000000000000000        0.0000000000000000     0.0000000000000000
     0.0000000000000001     0.0000000000000000        1.0991167355423528     0.0000000000000000        0.0000000000000000     0.0000000000000000
     0.0000000000000000     0.0000000000000000        0.0000000000000000     0.0000000000000000        0.3425784411022443     0.0000000000000000

     Diagonalizing the dynamical matrix

     q = (     0.000000000000     0.000000000000     0.000000000000 )

***************************************************************************
   freq (    1) =    -0.00000039 [THz] =    -0.00001304 [cm-1]
(  -0.113210  0.000000   0.697770  0.000000   0.017330  0.000000 )
(  -0.113210  0.000000   0.697770  0.000000   0.017330  0.000000 )
   freq (    2) =    -0.00000015 [THz] =    -0.00000497 [cm-1]
(   0.005795  0.000000  -0.016616  0.000000   0.706888  0.000000 )
(   0.005795  0.000000  -0.016616  0.000000   0.706888  0.000000 )
   freq (    3) =     0.00000028 [THz] =     0.00000948 [cm-1]
(   0.697961  0.000000   0.113317  0.000000  -0.003058  0.000000 )
(   0.697961  0.000000   0.113317  0.000000  -0.003058  0.000000 )
   freq (    4) =    26.02649245 [THz] =   868.15021629 [cm-1]
(  -0.000000  0.000000   0.000000  0.000000  -0.707107  0.000000 )
(  -0.000000  0.000000   0.000000  0.000000   0.707107  0.000000 )
   freq (    5) =    46.61841877 [THz] =  1555.02284512 [cm-1]
(  -0.684898  0.000000   0.175826  0.000000  -0.000000  0.000000 )
(   0.684898  0.000000  -0.175826  0.000000  -0.000000  0.000000 )
   freq (    6) =    46.61841877 [THz] =  1555.02284512 [cm-1]
(   0.175826  0.000000   0.684898  0.000000  -0.000000  0.000000 )
(  -0.175826  0.000000  -0.684898  0.000000  -0.000000  0.000000 )
***************************************************************************
