Dynamical matrix file
File generated with the CellConstructor by Lorenzo Monacelli
1 2 0     1.8897259890000000     0.0000000000000000     0.0000000000000000     0.0000000000000000     0.0000000000000000     0.0000000000000000
Basis vectors
    2.4600000000000000     0.0000000000000000     0.0000000000000000
   -1.2300000000000000     2.1304224933097187     0.0000000000000000
    0.0000000000000000     0.0000000000000000    15.0000000000000000
	1  'C '  10947.3571678344233078
    1     1     0.0000000000000001    -0.0000000000000007     7.4999999999999982
    2     1     1.2299999999999998     0.7101408311032394     7.4999999999999982

     Dynamical Matrix in cartesian axes

     q = (     0.067750677507     0.195579359482     0.000000000000 )

    1    1
     1.1003456196897918    -0.0000000000000000        0.0592006928025765     0.0179963271050775       -0.0000000000000000    -0.0000000000000000
     0.0592006928025766    -0.0179963271050775        1.4398629071750990    -0.0000000000000000       -0.0000000000000000    -0.0000000000000000
    -0.0000000000000000     0.0000000000000000       -0.0000000000000000     0.0000000000000000        0.2674759535076315     0.0000000000000000
    1    2
    -0.4310941489466594     0.3399006209407023       -0.0631867173010288    -0.0522813844564586        0.0000000000000000     0.0000000000000000
    -0.0631867173010288    -0.0522813844564586        0.1036536316517081     0.2616397759595320        0.0000000000000000     0.0000000000000000
    -0.0000000000000000    -0.0000000000000000        0.0000000000000000     0.0000000000000000       -0.0401421687967107     0.1198516182552406
    2    1
    -0.4310941489466594    -0.3399006209407023       -0.0631867173010288     0.0522813844564586       -0.0000000000000000     0.0000000000000000
    -0.0631867173010288     0.0522813844564586        0.1036536316517081    -0.2616397759595320        0.0000000000000000    -0.0000000000000000
     0.0000000000000000    -0.0000000000000000        0.0000000000000000    -0.0000000000000000       -0.0401421687967107    -0.1198516182552406
    2    2
     1.1003456196897918    -0.0000000000000000        0.0592006928025765    -0.0179963271050775       -0.0000000000000000     0.0000000000000000
     0.0592006928025766     0.0179963271050775        1.4398629071750990     0.0000000000000000       -0.0000000000000000     0.0000000000000000
    -0.0000000000000000    -0.0000000000000000       -0.0000000000000000    -0.0000000000000000        0.2674759535076315     0.0000000000000000

     Dynamical Matrix in cartesian axes

     q = (    -0.067750677507    -0.195579359482     0.000000000000 )

    1    1
     1.1003456196897918     0.0000000000000000        0.0592006928025765    -0.0179963271050775       -0.0000000000000000     0.0000000000000000
     0.0592006928025766     0.0179963271050775        1.4398629071750990     0.0000000000000000       -0.0000000000000000     0.0000000000000000
    -0.0000000000000000    -0.0000000000000000       -0.0000000000000000    -0.0000000000000000        0.2674759535076315    -0.0000000000000000
    1    2
    -0.4310941489466594    -0.3399006209407023       -0.0631867173010288     0.0522813844564586        0.0000000000000000    -0.0000000000000000
    -0.0631867173010288     0.0522813844564586        0.1036536316517081    -0.2616397759595320        0.0000000000000000    -0.0000000000000000
    -0.0000000000000000     0.0000000000000000        0.0000000000000000    -0.0000000000000000       -0.0401421687967107    -0.1198516182552406
    2    1
    -0.4310941489466594     0.3399006209407023       -0.0631867173010288    -0.0522813844564586       -0.0000000000000000    -0.0000000000000000
    -0.0631867173010288    -0.0522813844564586        0.1036536316517081     0.2616397759595320        0.0000000000000000     0.0000000000000000
     0.0000000000000000     0.0000000000000000        0.0000000000000000     0.0000000000000000       -0.0401421687967107     0.1198516182552406
    2    2
     1.1003456196897918     0.0000000000000000        0.0592006928025765     0.0179963271050775       -0.0000000000000000    -0.0000000000000000
     0.0592006928025766    -0.0179963271050775        1.4398629071750990    -0.0000000000000000       -0.0000000000000000    -0.0000000000000000
    -0.0000000000000000     0.0000000000000000       -0.0000000000000000     0.0000000000000000        0.2674759535076315    -0.0000000000000000

     Dynamical Matrix in cartesian axes

     q = (    -0.067750677507     0.195579359482     0.000000000000 )

    1    1
     1.1003456197005761    -0.0000000000000000       -0.0592006932572212    -0.0179963271357007       -0.0000000000000000    -0.0000000000000000
    -0.0592006932572211     0.0179963271357007        1.4398629070610152     0.0000000000000000       -0.0000000000000000    -0.0000000000000000
    -0.0000000000000000     0.0000000000000000       -0.0000000000000000     0.0000000000000000        0.2674759535064125    -0.0000000000000000
    1    2
    -0.5099096404693051    -0.2033881897583376       -0.0136836506225403     0.0808619943693498       -0.0000000000000000    -0.0000000000000000
    -0.0136836506225403     0.0808619943693498       -0.1747598836947590     0.2205865610208738        0.0000000000000000     0.0000000000000000
    -0.0000000000000000     0.0000000000000000        0.0000000000000000     0.0000000000000000       -0.1238656311953529     0.0251616674986525
    2    1
    -0.5099096404693051     0.2033881897583376       -0.0136836506225403    -0.0808619943693498       -0.0000000000000000    -0.0000000000000000
    -0.0136836506225403    -0.0808619943693498       -0.1747598836947590    -0.2205865610208738        0.0000000000000000    -0.0000000000000000
    -0.0000000000000000     0.0000000000000000        0.0000000000000000    -0.0000000000000000       -0.1238656311953529    -0.0251616674986525
    2    2
     1.1003456197005761     0.0000000000000000       -0.0592006932572212     0.0179963271357007        0.0000000000000000    -0.0000000000000000
    -0.0592006932572211    -0.0179963271357007        1.4398629070610152     0.0000000000000000       -0.0000000000000000     0.0000000000000000
     0.0000000000000000     0.0000000000000000       -0.0000000000000000    -0.0000000000000000        0.2674759535064125     0.0000000000000000

     Dynamical Matrix in cartesian axes

     q = (     0.067750677507    -0.195579359482     0.000000000000 )

    1    1
     1.1003456197005761     0.0000000000000000       -0.0592006932572212     0.0179963271357007       -0.0000000000000000     0.0000000000000000
    -0.0592006932572211    -0.0179963271357007        1.4398629070610152    -0.0000000000000000       -0.0000000000000000     0.0000000000000000
    -0.0000000000000000    -0.0000000000000000       -0.0000000000000000    -0.0000000000000000        0.2674759535064125     0.0000000000000000
    1    2
    -0.5099096404693051     0.2033881897583376       -0.0136836506225403    -0.0808619943693498       -0.0000000000000000     0.0000000000000000
    -0.0136836506225403    -0.0808619943693498       -0.1747598836947590    -0.2205865610208738        0.0000000000000000    -0.0000000000000000
    -0.0000000000000000    -0.0000000000000000        0.0000000000000000    -0.0000000000000000       -0.1238656311953529    -0.0251616674986525
    2    1
    -0.5099096404693051    -0.2033881897583377       -0.0136836506225403     0.0808619943693498       -0.0000000000000000     0.0000000000000000
    -0.0136836506225403     0.0808619943693498       -0.1747598836947590     0.2205865610208738        0.0000000000000000     0.0000000000000000
    -0.0000000000000000    -0.0000000000000000        0.0000000000000000     0.0000000000000000       -0.1238656311953529     0.0251616674986525
    2    2
     1.1003456197005761    -0.0000000000000000       -0.0592006932572212    -0.0179963271357007        0.0000000000000000     0.0000000000000000
    -0.0592006932572211     0.0179963271357007        1.4398629070610152    -0.0000000000000000       -0.0000000000000000    -0.0000000000000000
     0.0000000000000000    -0.0000000000000000       -0.0000000000000000     0.0000000000000000        0.2674759535064125    -0.0000000000000000

     Dynamical Matrix in cartesian axes

     q = (    -0.135501355014     0.156463487585     0.000000000000 )

    1    1
     1.3037142809398288     0.0000000000000000       -0.1766156445661804    -0.0179963271360101        0.0000000000000000     0.0000000000000000
    -0.1766156445661803     0.0179963271360101        1.2364942458205459    -0.0000000000000000       -0.0000000000000000    -0.0000000000000000
     0.0000000000000000    -0.0000000000000000       -0.0000000000000000     0.0000000000000000        0.2674759535063168     0.0000000000000000
    1    2
    -0.2703977119452547    -0.1846214146519836       -0.1519659270289202     0.1431554551857189       -0.0000000000000000    -0.0000000000000000
    -0.1519659270289202     0.1431554551857190       -0.4142718122220855     0.1674230433880825        0.0000000000000000    -0.0000000000000000
    -0.0000000000000000    -0.0000000000000000        0.0000000000000000    -0.0000000000000000       -0.1238656311912926    -0.0251616674994005
    2    1
    -0.2703977119452547     0.1846214146519836       -0.1519659270289202    -0.1431554551857189       -0.0000000000000000     0.0000000000000000
    -0.1519659270289202    -0.1431554551857189       -0.4142718122220855    -0.1674230433880824        0.0000000000000000     0.0000000000000000
    -0.0000000000000000     0.0000000000000000        0.0000000000000000     0.0000000000000000       -0.1238656311912926     0.0251616674994005
    2    2
     1.3037142809398288     0.0000000000000000       -0.1766156445661804     0.0179963271360101       -0.0000000000000000    -0.0000000000000000
    -0.1766156445661803    -0.0179963271360101        1.2364942458205459    -0.0000000000000000       -0.0000000000000000    -0.0000000000000000
    -0.0000000000000000     0.0000000000000000       -0.0000000000000000     0.0000000000000000        0.2674759535063168    -0.0000000000000000

     Dynamical Matrix in cartesian axes

     q = (     0.203252032520     0.039115871896     0.000000000000 )

    1    1
     1.4062528888537984     0.0000000000000000        0.1174149509256998    -0.0179963269657596       -0.0000000000000000     0.0000000000000000
     0.1174149509256999     0.0179963269657596        1.1339556375127706    -0.0000000000000000       -0.0000000000000000     0.0000000000000000
    -0.0000000000000000    -0.0000000000000000       -0.0000000000000000    -0.0000000000000000        0.2674759534885996     0.0000000000000000
    1    2
     0.0847546380577426     0.2359279731513722       -0.2631459404091324    -0.0077472229452521       -0.0000000000000000     0.0000000000000000
    -0.2631459404091324    -0.0077472229452521        0.2426859349537739     0.3656123951447094       -0.0000000000000000    -0.0000000000000000
    -0.0000000000000000    -0.0000000000000000       -0.0000000000000000    -0.0000000000000000        0.0401421795108026     0.1198516147223395
    2    1
     0.0847546380577426    -0.2359279731513722       -0.2631459404091324     0.0077472229452521       -0.0000000000000000     0.0000000000000000
    -0.2631459404091324     0.0077472229452521        0.2426859349537739    -0.3656123951447094       -0.0000000000000000     0.0000000000000000
    -0.0000000000000000    -0.0000000000000000       -0.0000000000000000     0.0000000000000000        0.0401421795108026    -0.1198516147223395
    2    2
     1.4062528888537984     0.0000000000000000        0.1174149509256998     0.0179963269657596        0.0000000000000000     0.0000000000000000
     0.1174149509256998    -0.0179963269657596        1.1339556375127706     0.0000000000000000       -0.0000000000000000    -0.0000000000000000
     0.0000000000000000    -0.0000000000000000       -0.0000000000000000     0.0000000000000000        0.2674759534885996     0.0000000000000000

     Dynamical Matrix in cartesian axes

     q = (    -0.203252032520    -0.039115871896     0.000000000000 )

    1    1
     1.4062528888537984    -0.0000000000000000        0.1174149509256998     0.0179963269657596       -0.0000000000000000    -0.0000000000000000
     0.1174149509256999    -0.0179963269657596        1.1339556375127706     0.0000000000000000       -0.0000000000000000    -0.0000000000000000
    -0.0000000000000000     0.0000000000000000       -0.0000000000000000     0.0000000000000000        0.2674759534885996    -0.0000000000000000
    1    2
     0.0847546380577426    -0.2359279731513722       -0.2631459404091324     0.0077472229452521       -0.0000000000000000    -0.0000000000000000
    -0.2631459404091324     0.0077472229452521        0.2426859349537739    -0.3656123951447094       -0.0000000000000000     0.0000000000000000
    -0.0000000000000000     0.0000000000000000       -0.0000000000000000     0.0000000000000000        0.0401421795108026    -0.1198516147223395
    2    1
     0.0847546380577426     0.2359279731513722       -0.2631459404091324    -0.0077472229452521       -0.0000000000000000    -0.0000000000000000
    -0.2631459404091324    -0.0077472229452521        0.2426859349537739     0.3656123951447094       -0.0000000000000000    -0.0000000000000000
    -0.0000000000000000     0.0000000000000000       -0.0000000000000000    -0.0000000000000000        0.0401421795108026     0.1198516147223395
    2    2
     1.4062528888537984    -0.0000000000000000        0.1174149509256998    -0.0179963269657596        0.0000000000000000    -0.0000000000000000
     0.1174149509256998     0.0179963269657596        1.1339556375127706    -0.0000000000000000       -0.0000000000000000     0.0000000000000000
     0.0000000000000000     0.0000000000000000       -0.0000000000000000    -0.0000000000000000        0.2674759534885996    -0.0000000000000000

     Dynamical Matrix in cartesian axes

     q = (     0.135501355014    -0.156463487585     0.000000000000 )

    1    1
     1.3037142809398288    -0.0000000000000000       -0.1766156445661804     0.0179963271360101        0.0000000000000000    -0.0000000000000000
    -0.1766156445661803    -0.0179963271360101        1.2364942458205459     0.0000000000000000       -0.0000000000000000     0.0000000000000000
     0.0000000000000000     0.0000000000000000       -0.0000000000000000    -0.0000000000000000        0.2674759535063168    -0.0000000000000000
    1    2
    -0.2703977119452547     0.1846214146519836       -0.1519659270289202    -0.1431554551857189       -0.0000000000000000     0.0000000000000000
    -0.1519659270289202    -0.1431554551857190       -0.4142718122220855    -0.1674230433880825        0.0000000000000000     0.0000000000000000
    -0.0000000000000000     0.0000000000000000        0.0000000000000000     0.0000000000000000       -0.1238656311912926     0.0251616674994005
    2    1
    -0.2703977119452547    -0.1846214146519836       -0.1519659270289202     0.1431554551857189       -0.0000000000000000    -0.0000000000000000
    -0.1519659270289202     0.1431554551857189       -0.4142718122220855     0.1674230433880824        0.0000000000000000    -0.0000000000000000
    -0.0000000000000000    -0.0000000000000000        0.0000000000000000    -0.0000000000000000       -0.1238656311912926    -0.0251616674994005
    2    2
     1.3037142809398288    -0.0000000000000000       -0.1766156445661804    -0.0179963271360101       -0.0000000000000000     0.0000000000000000
    -0.1766156445661803     0.0179963271360101        1.2364942458205459     0.0000000000000000       -0.0000000000000000     0.0000000000000000
    -0.0000000000000000    -0.0000000000000000       -0.0000000000000000    -0.0000000000000000        0.2674759535063168     0.0000000000000000

     Dynamical Matrix in cartesian axes

     q = (    -0.135501355014    -0.156463487585     0.000000000000 )

    1    1
     1.3037142806324598     0.0000000000000000        0.1766156439853444    -0.0179963269654503       -0.0000000000000000    -0.0000000000000000
     0.1766156439853444     0.0179963269654503        1.2364942457353265     0.0000000000000000       -0.0000000000000000    -0.0000000000000000
    -0.0000000000000000     0.0000000000000000       -0.0000000000000000     0.0000000000000000        0.2674759534886954     0.0000000000000000
    1    2
    -0.0246879585667058    -0.3264819977652504       -0.1999592277865485     0.0600286134355678       -0.0000000000000000    -0.0000000000000000
    -0.1999592277865485     0.0600286134355678        0.3521285315777676    -0.2750583705273109       -0.0000000000000000     0.0000000000000000
    -0.0000000000000000    -0.0000000000000000       -0.0000000000000000    -0.0000000000000000        0.0401421795134808    -0.1198516147254817
    2    1
    -0.0246879585667058     0.3264819977652504       -0.1999592277865486    -0.0600286134355678       -0.0000000000000000     0.0000000000000000
    -0.1999592277865485    -0.0600286134355678        0.3521285315777676     0.2750583705273109       -0.0000000000000000     0.0000000000000000
    -0.0000000000000000     0.0000000000000000       -0.0000000000000000    -0.0000000000000000        0.0401421795134808     0.1198516147254817
    2    2
     1.3037142806324598     0.0000000000000000        0.1766156439853445     0.0179963269654503       -0.0000000000000000     0.0000000000000000
     0.1766156439853444    -0.0179963269654503        1.2364942457353265     0.0000000000000000       -0.0000000000000000     0.0000000000000000
    -0.0000000000000000    -0.0000000000000000       -0.0000000000000000    -0.0000000000000000        0.2674759534886954    -0.0000000000000000

     Dynamical Matrix in cartesian axes

     q = (     0.203252032520    -0.039115871896     0.000000000000 )

    1    1
     1.4062528891953088    -0.0000000000000000       -0.1174149515909112    -0.0179963271047681        0.0000000000000000     0.0000000000000000
    -0.1174149515909113     0.0179963271047681        1.1339556376707989    -0.0000000000000000       -0.0000000000000000    -0.0000000000000000
     0.0000000000000000    -0.0000000000000000       -0.0000000000000000     0.0000000000000000        0.2674759535077273     0.0000000000000000
    1    2
    -0.0847546158619568     0.2359279801167762       -0.2631459399574244     0.0077472477105685       -0.0000000000000000    -0.0000000000000000
    -0.2631459399574244     0.0077472477105685       -0.2426859014325400     0.3656124167799375        0.0000000000000000    -0.0000000000000000
     0.0000000000000000    -0.0000000000000000        0.0000000000000000    -0.0000000000000000       -0.0401421687993890     0.1198516182583827
    2    1
    -0.0847546158619568    -0.2359279801167762       -0.2631459399574244    -0.0077472477105685        0.0000000000000000     0.0000000000000000
    -0.2631459399574244    -0.0077472477105685       -0.2426859014325400    -0.3656124167799375        0.0000000000000000     0.0000000000000000
    -0.0000000000000000     0.0000000000000000        0.0000000000000000     0.0000000000000000       -0.0401421687993890    -0.1198516182583827
    2    2
     1.4062528891953088     0.0000000000000000       -0.1174149515909112     0.0179963271047681        0.0000000000000000    -0.0000000000000000
    -0.1174149515909113    -0.0179963271047681        1.1339556376707987    -0.0000000000000000       -0.0000000000000000     0.0000000000000000
     0.0000000000000000     0.0000000000000000       -0.0000000000000000    -0.0000000000000000        0.2674759535077273     0.0000000000000000

     Dynamical Matrix in cartesian axes

     q = (    -0.203252032520     0.039115871896     0.000000000000 )

    1    1
     1.4062528891953088     0.0000000000000000       -0.1174149515909112     0.0179963271047681        0.0000000000000000    -0.0000000000000000
    -0.1174149515909113    -0.0179963271047681        1.1339556376707989     0.0000000000000000       -0.0000000000000000     0.0000000000000000
     0.0000000000000000     0.0000000000000000       -0.0000000000000000    -0.0000000000000000        0.2674759535077273    -0.0000000000000000
    1    2
    -0.0847546158619568    -0.2359279801167762       -0.2631459399574244    -0.0077472477105685       -0.0000000000000000     0.0000000000000000
    -0.2631459399574244    -0.0077472477105685       -0.2426859014325400    -0.3656124167799375        0.0000000000000000     0.0000000000000000
     0.0000000000000000     0.0000000000000000        0.0000000000000000     0.0000000000000000       -0.0401421687993890    -0.1198516182583827
    2    1
    -0.0847546158619568     0.2359279801167762       -0.2631459399574244     0.0077472477105685        0.0000000000000000    -0.0000000000000000
    -0.2631459399574244     0.0077472477105685       -0.2426859014325400     0.3656124167799375        0.0000000000000000    -0.0000000000000000
    -0.0000000000000000    -0.0000000000000000        0.0000000000000000    -0.0000000000000000       -0.0401421687993890     0.1198516182583827
    2    2
     1.4062528891953088    -0.0000000000000000       -0.1174149515909112    -0.0179963271047681        0.0000000000000000     0.0000000000000000
    -0.1174149515909113     0.0179963271047681        1.1339556376707987     0.0000000000000000       -0.0000000000000000    -0.0000000000000000
     0.0000000000000000    -0.0000000000000000       -0.0000000000000000     0.0000000000000000        0.2674759535077273    -0.0000000000000000

     Dynamical Matrix in cartesian axes

     q = (     0.135501355014     0.156463487585     0.000000000000 )

    1    1
     1.3037142806324598    -0.0000000000000000        0.1766156439853444     0.0179963269654503       -0.0000000000000000     0.0000000000000000
     0.1766156439853444    -0.0179963269654503        1.2364942457353265    -0.0000000000000000       -0.0000000000000000     0.0000000000000000
    -0.0000000000000000    -0.0000000000000000       -0.0000000000000000    -0.0000000000000000        0.2674759534886954    -0.0000000000000000
    1    2
    -0.0246879585667058     0.3264819977652504       -0.1999592277865485    -0.0600286134355678       -0.0000000000000000     0.0000000000000000
    -0.1999592277865485    -0.0600286134355678        0.3521285315777676     0.2750583705273109       -0.0000000000000000    -0.0000000000000000
    -0.0000000000000000     0.0000000000000000       -0.0000000000000000     0.0000000000000000        0.0401421795134808     0.1198516147254817
    2    1
    -0.0246879585667058    -0.3264819977652504       -0.1999592277865486     0.0600286134355678       -0.0000000000000000    -0.0000000000000000
    -0.1999592277865485     0.0600286134355678        0.3521285315777676    -0.2750583705273109       -0.0000000000000000    -0.0000000000000000
    -0.0000000000000000    -0.0000000000000000       -0.0000000000000000     0.0000000000000000        0.0401421795134808    -0.1198516147254817
    2    2
     1.3037142806324598    -0.0000000000000000        0.1766156439853445    -0.0179963269654503       -0.0000000000000000    -0.0000000000000000
     0.1766156439853444     0.0179963269654503        1.2364942457353265    -0.0000000000000000       -0.0000000000000000    -0.0000000000000000
    -0.0000000000000000     0.0000000000000000       -0.0000000000000000     0.0000000000000000        0.2674759534886954     0.0000000000000000

     Diagonalizing the dynamical matrix

     q = (     0.067750677507     0.195579359482     0.000000000000 )

***************************************************************************
   freq (    1) =    11.81011606 [THz] =   393.94301149 [cm-1]
(  -0.000000  0.000000   0.000000 -0.000000  -0.463830 -0.533724 )
(  -0.000000 -0.000000   0.000000  0.000000   0.358783 -0.609323 )
   freq (    2) =    19.73321481 [THz] =   658.22910024 [cm-1]
(  -0.000000  0.000000  -0.000000 -0.000000  -0.429855 -0.561449 )
(  -0.000000 -0.000000   0.000000  0.000000  -0.395863  0.585912 )
   freq (    3) =    22.99983236 [THz] =   767.19171742 [cm-1]
(   0.698560  0.000000  -0.066342  0.087251  -0.000000 -0.000000 )
(   0.536358  0.447556   0.004962 -0.109496  -0.000000  0.000000 )
   freq (    4) =    33.77890032 [THz] =  1126.74267087 [cm-1]
(  -0.168722  0.000000  -0.024665  0.686239  -0.000000 -0.000000 )
(  -0.071345  0.152895  -0.632298 -0.267829  -0.000000  0.000000 )
   freq (    5) =    40.49055029 [THz] =  1350.61918397 [cm-1]
(  -0.650411  0.000000   0.125619 -0.247356   0.000000  0.000000 )
(   0.508640  0.405364   0.055925 -0.271730   0.000000 -0.000000 )
   freq (    6) =    41.39140150 [THz] =  1380.66834134 [cm-1]
(  -0.245991  0.000000  -0.503620  0.431109  -0.000000 -0.000000 )
(   0.227203  0.094290   0.299906  0.591223  -0.000000  0.000000 )
***************************************************************************
