Dynamical matrix file
File generated with the CellConstructor by Lorenzo Monacelli
1 2 0     1.8897259890000000     0.0000000000000000     0.0000000000000000     0.0000000000000000     0.0000000000000000     0.0000000000000000
Basis vectors
    2.4600000000000000     0.0000000000000000     0.0000000000000000
   -1.2300000000000000     2.1304224933097187     0.0000000000000000
    0.0000000000000000     0.0000000000000000    15.0000000000000000
	1  'C '  10947.3571678344233078
    1     1     0.0000000000000001    -0.0000000000000007     7.4999999999999982
    2     1     1.2299999999999998     0.7101408311032394     7.4999999999999982

     Dynamical Matrix in cartesian axes

     q = (     0.067750677507    -0.039115871896     0.000000000000 )

    1    1
     1.1990900845559853    -0.0000000000000000       -0.0839630971300182     0.0000000000497551       -0.0000000000000000     0.0000000000000000
    -0.0839630971300182    -0.0000000000497551        1.1021378519712657     0.0000000000000000       -0.0000000000000000    -0.0000000000000000
    -0.0000000000000000    -0.0000000000000000       -0.0000000000000000     0.0000000000000000        0.3257480577928744     0.0000000000000000
    1    2
    -0.8916096605407561     0.3886129217399024       -0.0251352653755555    -0.1129380803936389        0.0000000000000000    -0.0000000000000000
    -0.0251352653755556    -0.1129380803936388       -0.9206333659338349     0.2582032595445027        0.0000000000000000    -0.0000000000000000
     0.0000000000000000     0.0000000000000000       -0.0000000000000000    -0.0000000000000000       -0.3015474603083076     0.1113797060719127
    2    1
    -0.8916096605407561    -0.3886129217399024       -0.0251352653755555     0.1129380803936389        0.0000000000000000    -0.0000000000000000
    -0.0251352653755556     0.1129380803936389       -0.9206333659338349    -0.2582032595445027       -0.0000000000000000     0.0000000000000000
     0.0000000000000000     0.0000000000000000        0.0000000000000000     0.0000000000000000       -0.3015474603083076    -0.1113797060719127
    2    2
     1.1990900845559853    -0.0000000000000000       -0.0839630971300182    -0.0000000000497551       -0.0000000000000000     0.0000000000000000
    -0.0839630971300182     0.0000000000497551        1.1021378519712657    -0.0000000000000000        0.0000000000000000     0.0000000000000000
    -0.0000000000000000    -0.0000000000000000        0.0000000000000000    -0.0000000000000000        0.3257480577928744    -0.0000000000000000

     Dynamical Matrix in cartesian axes

     q = (    -0.067750677507     0.039115871896     0.000000000000 )

    1    1
     1.1990900845559853     0.0000000000000000       -0.0839630971300182    -0.0000000000497551       -0.0000000000000000    -0.0000000000000000
    -0.0839630971300182     0.0000000000497551        1.1021378519712657    -0.0000000000000000       -0.0000000000000000     0.0000000000000000
    -0.0000000000000000     0.0000000000000000       -0.0000000000000000    -0.0000000000000000        0.3257480577928744    -0.0000000000000000
    1    2
    -0.8916096605407561    -0.3886129217399024       -0.0251352653755555     0.1129380803936389        0.0000000000000000     0.0000000000000000
    -0.0251352653755556     0.1129380803936388       -0.9206333659338349    -0.2582032595445027        0.0000000000000000     0.0000000000000000
     0.0000000000000000    -0.0000000000000000       -0.0000000000000000     0.0000000000000000       -0.3015474603083076    -0.1113797060719127
    2    1
    -0.8916096605407561     0.3886129217399024       -0.0251352653755555    -0.1129380803936389        0.0000000000000000     0.0000000000000000
    -0.0251352653755556    -0.1129380803936389       -0.9206333659338349     0.2582032595445027       -0.0000000000000000    -0.0000000000000000
     0.0000000000000000    -0.0000000000000000        0.0000000000000000    -0.0000000000000000       -0.3015474603083076     0.1113797060719127
    2    2
     1.1990900845559853     0.0000000000000000       -0.0839630971300182     0.0000000000497551       -0.0000000000000000    -0.0000000000000000
    -0.0839630971300182    -0.0000000000497551        1.1021378519712657     0.0000000000000000        0.0000000000000000    -0.0000000000000000
    -0.0000000000000000     0.0000000000000000        0.0000000000000000     0.0000000000000000        0.3257480577928744     0.0000000000000000

     Dynamical Matrix in cartesian axes

     q = (    -0.067750677507    -0.039115871896     0.000000000000 )

    1    1
     1.1990900844608281    -0.0000000000000000        0.0839630964953665    -0.0000000000015493        0.0000000000000000    -0.0000000000000000
     0.0839630964953664     0.0000000000015493        1.1021378517356761    -0.0000000000000000       -0.0000000000000000    -0.0000000000000000
     0.0000000000000000     0.0000000000000000       -0.0000000000000000     0.0000000000000000        0.3257480577805149     0.0000000000000000
    1    2
    -0.7823534750900210    -0.5778501796002049       -0.0852396158691694     0.0782368160099810       -0.0000000000000000    -0.0000000000000000
    -0.0852396158691693     0.0782368160099810       -0.6839272447572183    -0.6681902731686226        0.0000000000000000     0.0000000000000000
    -0.0000000000000000    -0.0000000000000000        0.0000000000000000    -0.0000000000000000       -0.2472313789905481    -0.2054579153622648
    2    1
    -0.7823534750900210     0.5778501796002049       -0.0852396158691693    -0.0782368160099810       -0.0000000000000000     0.0000000000000000
    -0.0852396158691693    -0.0782368160099810       -0.6839272447572183     0.6681902731686226        0.0000000000000000     0.0000000000000000
    -0.0000000000000000     0.0000000000000000        0.0000000000000000    -0.0000000000000000       -0.2472313789905481     0.2054579153622648
    2    2
     1.1990900844608281     0.0000000000000000        0.0839630964953665     0.0000000000015492        0.0000000000000000     0.0000000000000000
     0.0839630964953664    -0.0000000000015492        1.1021378517356761    -0.0000000000000000       -0.0000000000000000     0.0000000000000000
     0.0000000000000000    -0.0000000000000000       -0.0000000000000000    -0.0000000000000000        0.3257480577805149     0.0000000000000000

     Dynamical Matrix in cartesian axes

     q = (     0.067750677507     0.039115871896     0.000000000000 )

    1    1
     1.1990900844608281     0.0000000000000000        0.0839630964953665     0.0000000000015493        0.0000000000000000     0.0000000000000000
     0.0839630964953664    -0.0000000000015493        1.1021378517356761     0.0000000000000000       -0.0000000000000000     0.0000000000000000
     0.0000000000000000    -0.0000000000000000       -0.0000000000000000    -0.0000000000000000        0.3257480577805149    -0.0000000000000000
    1    2
    -0.7823534750900210     0.5778501796002049       -0.0852396158691694    -0.0782368160099810       -0.0000000000000000     0.0000000000000000
    -0.0852396158691693    -0.0782368160099810       -0.6839272447572183     0.6681902731686226        0.0000000000000000    -0.0000000000000000
    -0.0000000000000000     0.0000000000000000        0.0000000000000000     0.0000000000000000       -0.2472313789905481     0.2054579153622648
    2    1
    -0.7823534750900210    -0.5778501796002049       -0.0852396158691693     0.0782368160099810       -0.0000000000000000    -0.0000000000000000
    -0.0852396158691693     0.0782368160099810       -0.6839272447572183    -0.6681902731686226        0.0000000000000000    -0.0000000000000000
    -0.0000000000000000    -0.0000000000000000        0.0000000000000000     0.0000000000000000       -0.2472313789905481    -0.2054579153622648
    2    2
     1.1990900844608281    -0.0000000000000000        0.0839630964953665    -0.0000000000015492        0.0000000000000000    -0.0000000000000000
     0.0839630964953664     0.0000000000015492        1.1021378517356761     0.0000000000000000       -0.0000000000000000    -0.0000000000000000
     0.0000000000000000     0.0000000000000000       -0.0000000000000000     0.0000000000000000        0.3257480577805149    -0.0000000000000000

     Dynamical Matrix in cartesian axes

     q = (    -0.000000000000    -0.078231743793     0.000000000000 )

    1    1
     1.0536617350224291     0.0000000000000000       -0.0000000003807799     0.0000000000528536       -0.0000000000000000     0.0000000000000000
    -0.0000000003807799    -0.0000000000528536        1.2475662015048219    -0.0000000000000000       -0.0000000000000000     0.0000000000000000
    -0.0000000000000000    -0.0000000000000000       -0.0000000000000000    -0.0000000000000000        0.3257480577928744    -0.0000000000000000
    1    2
    -0.9351452179316595    -0.1929984284178129        0.0000000004049753     0.0000000000183977       -0.0000000000000000    -0.0000000000000000
     0.0000000004049752     0.0000000000183977       -0.8770978085429314    -0.4538177528665939        0.0000000000000000     0.0000000000000000
     0.0000000000000000     0.0000000000000000        0.0000000000000000    -0.0000000000000000       -0.3015474603083076    -0.1113797060719130
    2    1
    -0.9351452179316595     0.1929984284178129        0.0000000004049753    -0.0000000000183977        0.0000000000000000    -0.0000000000000000
     0.0000000004049752    -0.0000000000183977       -0.8770978085429314     0.4538177528665939        0.0000000000000000     0.0000000000000000
    -0.0000000000000000     0.0000000000000000        0.0000000000000000    -0.0000000000000000       -0.3015474603083075     0.1113797060719130
    2    2
     1.0536617350224291     0.0000000000000000       -0.0000000003807799    -0.0000000000528536       -0.0000000000000000     0.0000000000000000
    -0.0000000003807799     0.0000000000528536        1.2475662015048219    -0.0000000000000000       -0.0000000000000000     0.0000000000000000
    -0.0000000000000000    -0.0000000000000000       -0.0000000000000000    -0.0000000000000000        0.3257480577928744    -0.0000000000000000

     Dynamical Matrix in cartesian axes

     q = (     0.000000000000     0.078231743793     0.000000000000 )

    1    1
     1.0536617350224291    -0.0000000000000000       -0.0000000003807799    -0.0000000000528536       -0.0000000000000000    -0.0000000000000000
    -0.0000000003807799     0.0000000000528536        1.2475662015048219     0.0000000000000000       -0.0000000000000000    -0.0000000000000000
    -0.0000000000000000     0.0000000000000000       -0.0000000000000000     0.0000000000000000        0.3257480577928744     0.0000000000000000
    1    2
    -0.9351452179316595     0.1929984284178129        0.0000000004049753    -0.0000000000183977       -0.0000000000000000     0.0000000000000000
     0.0000000004049752    -0.0000000000183977       -0.8770978085429314     0.4538177528665939        0.0000000000000000    -0.0000000000000000
     0.0000000000000000    -0.0000000000000000        0.0000000000000000     0.0000000000000000       -0.3015474603083076     0.1113797060719130
    2    1
    -0.9351452179316595    -0.1929984284178129        0.0000000004049753     0.0000000000183977        0.0000000000000000     0.0000000000000000
     0.0000000004049752     0.0000000000183977       -0.8770978085429314    -0.4538177528665939        0.0000000000000000    -0.0000000000000000
    -0.0000000000000000    -0.0000000000000000        0.0000000000000000     0.0000000000000000       -0.3015474603083075    -0.1113797060719130
    2    2
     1.0536617350224291    -0.0000000000000000       -0.0000000003807799     0.0000000000528536       -0.0000000000000000    -0.0000000000000000
    -0.0000000003807799    -0.0000000000528536        1.2475662015048219     0.0000000000000000       -0.0000000000000000    -0.0000000000000000
    -0.0000000000000000     0.0000000000000000       -0.0000000000000000     0.0000000000000000        0.3257480577928744     0.0000000000000000

     Diagonalizing the dynamical matrix

     q = (     0.067750677507    -0.039115871896     0.000000000000 )

***************************************************************************
   freq (    1) =     2.05905724 [THz] =    68.68274667 [cm-1]
(   0.000000  0.000000   0.000000 -0.000000   0.651722 -0.274332 )
(   0.000000 -0.000000   0.000000  0.000000   0.706403 -0.031530 )
   freq (    2) =     9.88365258 [THz] =   329.68311597 [cm-1]
(   0.353553  0.000000   0.612372  0.000000   0.000000 -0.000000 )
(   0.346256  0.071461   0.599733  0.123775   0.000000  0.000000 )
   freq (    3) =    16.03328371 [THz] =   534.81270100 [cm-1]
(   0.612372  0.000000  -0.353553 -0.000000   0.000000  0.000000 )
(   0.543883  0.281410  -0.314011 -0.162472  -0.000000 -0.000000 )
   freq (    4) =    25.29545366 [THz] =   843.76539058 [cm-1]
(   0.000000  0.000000   0.000000  0.000000   0.641507  0.297437 )
(  -0.000000 -0.000000   0.000000 -0.000000  -0.498714 -0.501283 )
   freq (    5) =    44.56133390 [THz] =  1486.40588950 [cm-1]
(   0.353553  0.000000   0.612372  0.000000   0.000000  0.000000 )
(  -0.346256 -0.071461  -0.599733 -0.123775  -0.000000 -0.000000 )
   freq (    6) =    47.00786132 [THz] =  1568.01324848 [cm-1]
(  -0.612372  0.000000   0.353553  0.000000   0.000000 -0.000000 )
(   0.543883  0.281410  -0.314011 -0.162472  -0.000000 -0.000000 )
***************************************************************************
