Dynamical matrix file
File generated with the CellConstructor by Lorenzo Monacelli
1 2 0     1.8897259890000000     0.0000000000000000     0.0000000000000000     0.0000000000000000     0.0000000000000000     0.0000000000000000
Basis vectors
    2.4600000000000000     0.0000000000000000     0.0000000000000000
   -1.2300000000000000     2.1304224933097187     0.0000000000000000
    0.0000000000000000     0.0000000000000000    15.0000000000000000
	1  'C '  10947.3571678344233078
    1     1     0.0000000000000001    -0.0000000000000007     7.4999999999999982
    2     1     1.2299999999999998     0.7101408311032394     7.4999999999999982

     Dynamical Matrix in cartesian axes

     q = (     0.135501355014    -0.078231743793     0.000000000000 )

    1    1
     1.3606428577358063    -0.0000000000000000       -0.1911003984870667     0.0000000000658083       -0.0000000000000000    -0.0000000000000000
    -0.1911003984870666    -0.0000000000658083        1.1399791252487306     0.0000000000000000       -0.0000000000000000     0.0000000000000000
    -0.0000000000000000     0.0000000000000000       -0.0000000000000000    -0.0000000000000000        0.2923646144061495    -0.0000000000000000
    1    2
    -0.4227392992806625     0.4173711641075472       -0.1828782011768968    -0.1510347057264722       -0.0000000000000000    -0.0000000000000000
    -0.1828782011768968    -0.1510347057264722       -0.6339088572528154     0.2429713081676038        0.0000000000000000    -0.0000000000000000
    -0.0000000000000000     0.0000000000000000        0.0000000000000000     0.0000000000000000       -0.1761202087277542     0.1459267352653287
    2    1
    -0.4227392992806625    -0.4173711641075472       -0.1828782011768969     0.1510347057264722       -0.0000000000000000    -0.0000000000000000
    -0.1828782011768968     0.1510347057264722       -0.6339088572528154    -0.2429713081676038        0.0000000000000000    -0.0000000000000000
    -0.0000000000000000     0.0000000000000000        0.0000000000000000     0.0000000000000000       -0.1761202087277542    -0.1459267352653287
    2    2
     1.3606428577358063    -0.0000000000000000       -0.1911003984870667    -0.0000000000658083        0.0000000000000000     0.0000000000000000
    -0.1911003984870666     0.0000000000658083        1.1399791252487304     0.0000000000000000       -0.0000000000000000     0.0000000000000000
     0.0000000000000000    -0.0000000000000000       -0.0000000000000000    -0.0000000000000000        0.2923646144061495    -0.0000000000000000

     Dynamical Matrix in cartesian axes

     q = (    -0.135501355014     0.078231743793     0.000000000000 )

    1    1
     1.3606428577358063     0.0000000000000000       -0.1911003984870667    -0.0000000000658083       -0.0000000000000000     0.0000000000000000
    -0.1911003984870666     0.0000000000658083        1.1399791252487306    -0.0000000000000000       -0.0000000000000000    -0.0000000000000000
    -0.0000000000000000    -0.0000000000000000       -0.0000000000000000     0.0000000000000000        0.2923646144061495     0.0000000000000000
    1    2
    -0.4227392992806625    -0.4173711641075472       -0.1828782011768968     0.1510347057264722       -0.0000000000000000     0.0000000000000000
    -0.1828782011768968     0.1510347057264722       -0.6339088572528153    -0.2429713081676038        0.0000000000000000     0.0000000000000000
    -0.0000000000000000    -0.0000000000000000        0.0000000000000000    -0.0000000000000000       -0.1761202087277543    -0.1459267352653287
    2    1
    -0.4227392992806625     0.4173711641075472       -0.1828782011768969    -0.1510347057264722       -0.0000000000000000     0.0000000000000000
    -0.1828782011768968    -0.1510347057264722       -0.6339088572528153     0.2429713081676038        0.0000000000000000     0.0000000000000000
    -0.0000000000000000    -0.0000000000000000        0.0000000000000000    -0.0000000000000000       -0.1761202087277543     0.1459267352653287
    2    2
     1.3606428577358063     0.0000000000000000       -0.1911003984870667     0.0000000000658083        0.0000000000000000    -0.0000000000000000
    -0.1911003984870666    -0.0000000000658083        1.1399791252487304    -0.0000000000000000       -0.0000000000000000    -0.0000000000000000
     0.0000000000000000     0.0000000000000000       -0.0000000000000000     0.0000000000000000        0.2923646144061495     0.0000000000000000

     Dynamical Matrix in cartesian axes

     q = (    -0.135501355014    -0.078231743793     0.000000000000 )

    1    1
     1.3606428570417619     0.0000000000000000        0.1911003976454839    -0.0000000000004466       -0.0000000000000000    -0.0000000000000000
     0.1911003976454839     0.0000000000004466        1.1399791249969509     0.0000000000000000       -0.0000000000000000     0.0000000000000000
    -0.0000000000000000     0.0000000000000000       -0.0000000000000000    -0.0000000000000000        0.2923646144101621     0.0000000000000000
    1    2
    -0.1500843453643603    -0.5747885644840223       -0.2222389970563909     0.0828598014072991        0.0000000000000000     0.0000000000000000
    -0.2222389970563909     0.0828598014072992        0.1065351441843021    -0.6704668217815737        0.0000000000000000     0.0000000000000000
    -0.0000000000000000    -0.0000000000000000       -0.0000000000000000     0.0000000000000000       -0.0383161420985010    -0.2254879447869258
    2    1
    -0.1500843453643603     0.5747885644840223       -0.2222389970563909    -0.0828598014072991       -0.0000000000000000     0.0000000000000000
    -0.2222389970563909    -0.0828598014072991        0.1065351441843021     0.6704668217815737       -0.0000000000000000    -0.0000000000000000
     0.0000000000000000    -0.0000000000000000        0.0000000000000000    -0.0000000000000000       -0.0383161420985010     0.2254879447869258
    2    2
     1.3606428570417619     0.0000000000000000        0.1911003976454839     0.0000000000004466       -0.0000000000000000    -0.0000000000000000
     0.1911003976454839    -0.0000000000004466        1.1399791249969509    -0.0000000000000000       -0.0000000000000000    -0.0000000000000000
    -0.0000000000000000     0.0000000000000000       -0.0000000000000000     0.0000000000000000        0.2923646144101621    -0.0000000000000000

     Dynamical Matrix in cartesian axes

     q = (     0.135501355014     0.078231743793     0.000000000000 )

    1    1
     1.3606428570417619    -0.0000000000000000        0.1911003976454839     0.0000000000004466       -0.0000000000000000     0.0000000000000000
     0.1911003976454839    -0.0000000000004466        1.1399791249969509    -0.0000000000000000       -0.0000000000000000    -0.0000000000000000
    -0.0000000000000000    -0.0000000000000000       -0.0000000000000000     0.0000000000000000        0.2923646144101621    -0.0000000000000000
    1    2
    -0.1500843453643603     0.5747885644840223       -0.2222389970563909    -0.0828598014072992        0.0000000000000000    -0.0000000000000000
    -0.2222389970563909    -0.0828598014072992        0.1065351441843021     0.6704668217815737        0.0000000000000000    -0.0000000000000000
    -0.0000000000000000     0.0000000000000000       -0.0000000000000000    -0.0000000000000000       -0.0383161420985010     0.2254879447869258
    2    1
    -0.1500843453643603    -0.5747885644840223       -0.2222389970563909     0.0828598014072992       -0.0000000000000000    -0.0000000000000000
    -0.2222389970563909     0.0828598014072991        0.1065351441843021    -0.6704668217815737       -0.0000000000000000     0.0000000000000000
     0.0000000000000000     0.0000000000000000        0.0000000000000000     0.0000000000000000       -0.0383161420985010    -0.2254879447869258
    2    2
     1.3606428570417619    -0.0000000000000000        0.1911003976454839    -0.0000000000004466       -0.0000000000000000     0.0000000000000000
     0.1911003976454839     0.0000000000004466        1.1399791249969509     0.0000000000000000       -0.0000000000000000     0.0000000000000000
    -0.0000000000000000    -0.0000000000000000       -0.0000000000000000    -0.0000000000000000        0.2923646144101621     0.0000000000000000

     Dynamical Matrix in cartesian axes

     q = (    -0.000000000000    -0.156463487585     0.000000000000 )

    1    1
     1.0296472586073702    -0.0000000000000000       -0.0000000002304776     0.0000000000667015       -0.0000000000000000     0.0000000000000000
    -0.0000000002304775    -0.0000000000667015        1.4709747243771663     0.0000000000000000        0.0000000000000000     0.0000000000000000
    -0.0000000000000000    -0.0000000000000000        0.0000000000000000    -0.0000000000000000        0.2923646144061495    -0.0000000000000000
    1    2
    -0.7394936357773707    -0.1557713801403587        0.0000000002678407     0.0000000000350822        0.0000000000000000    -0.0000000000000000
     0.0000000002678407     0.0000000000350822       -0.3171545207561063    -0.5045710921347936       -0.0000000000000000    -0.0000000000000000
     0.0000000000000000     0.0000000000000000        0.0000000000000000    -0.0000000000000000       -0.1761202087277541    -0.1459267352653290
    2    1
    -0.7394936357773707     0.1557713801403587        0.0000000002678407    -0.0000000000350822        0.0000000000000000    -0.0000000000000000
     0.0000000002678407    -0.0000000000350822       -0.3171545207561063     0.5045710921347936        0.0000000000000000     0.0000000000000000
     0.0000000000000000     0.0000000000000000       -0.0000000000000000     0.0000000000000000       -0.1761202087277541     0.1459267352653290
    2    2
     1.0296472586073702     0.0000000000000000       -0.0000000002304776    -0.0000000000667015       -0.0000000000000000     0.0000000000000000
    -0.0000000002304775     0.0000000000667015        1.4709747243771663    -0.0000000000000000       -0.0000000000000000    -0.0000000000000000
    -0.0000000000000000    -0.0000000000000000       -0.0000000000000000     0.0000000000000000        0.2923646144061495    -0.0000000000000000

     Dynamical Matrix in cartesian axes

     q = (     0.000000000000     0.156463487585     0.000000000000 )

    1    1
     1.0296472586073702     0.0000000000000000       -0.0000000002304776    -0.0000000000667015       -0.0000000000000000    -0.0000000000000000
    -0.0000000002304775     0.0000000000667015        1.4709747243771663    -0.0000000000000000        0.0000000000000000    -0.0000000000000000
    -0.0000000000000000     0.0000000000000000        0.0000000000000000     0.0000000000000000        0.2923646144061495     0.0000000000000000
    1    2
    -0.7394936357773707     0.1557713801403587        0.0000000002678407    -0.0000000000350822        0.0000000000000000     0.0000000000000000
     0.0000000002678407    -0.0000000000350822       -0.3171545207561063     0.5045710921347936       -0.0000000000000000     0.0000000000000000
     0.0000000000000000    -0.0000000000000000        0.0000000000000000     0.0000000000000000       -0.1761202087277541     0.1459267352653290
    2    1
    -0.7394936357773707    -0.1557713801403587        0.0000000002678407     0.0000000000350822        0.0000000000000000     0.0000000000000000
     0.0000000002678407     0.0000000000350822       -0.3171545207561063    -0.5045710921347936        0.0000000000000000    -0.0000000000000000
     0.0000000000000000    -0.0000000000000000       -0.0000000000000000    -0.0000000000000000       -0.1761202087277541    -0.1459267352653290
    2    2
     1.0296472586073702    -0.0000000000000000       -0.0000000002304776     0.0000000000667015       -0.0000000000000000    -0.0000000000000000
    -0.0000000002304775    -0.0000000000667015        1.4709747243771663     0.0000000000000000       -0.0000000000000000     0.0000000000000000
    -0.0000000000000000     0.0000000000000000       -0.0000000000000000    -0.0000000000000000        0.2923646144061495     0.0000000000000000

     Diagonalizing the dynamical matrix

     q = (     0.135501355014    -0.078231743793     0.000000000000 )

***************************************************************************
   freq (    1) =     7.93232871 [THz] =   264.59396703 [cm-1]
(   0.000000  0.000000  -0.000000 -0.000000   0.476571  0.522379 )
(  -0.000000  0.000000   0.000000 -0.000000   0.033686  0.706304 )
   freq (    2) =    16.45647316 [THz] =   548.92877938 [cm-1]
(  -0.353553  0.000000  -0.612372 -0.000000  -0.000000 -0.000000 )
(  -0.345961 -0.072875  -0.599222 -0.126224   0.000000  0.000000 )
   freq (    3) =    22.69733399 [THz] =   757.10145928 [cm-1]
(   0.000000  0.000000  -0.000000 -0.000000   0.476571  0.522379 )
(   0.000000  0.000000  -0.000000  0.000000  -0.033686 -0.706304 )
   freq (    4) =    29.41210398 [THz] =   981.08204495 [cm-1]
(   0.612372  0.000000  -0.353553 -0.000000   0.000000 -0.000000 )
(   0.325884  0.518459  -0.188149 -0.299332   0.000000  0.000000 )
   freq (    5) =    42.01309173 [THz] =  1401.40569258 [cm-1]
(  -0.353553  0.000000  -0.612372 -0.000000  -0.000000 -0.000000 )
(   0.345961  0.072875   0.599222  0.126224   0.000000  0.000000 )
   freq (    6) =    45.20484147 [THz] =  1507.87098853 [cm-1]
(   0.612372  0.000000  -0.353553 -0.000000  -0.000000  0.000000 )
(  -0.325884 -0.518459   0.188149  0.299332  -0.000000  0.000000 )
***************************************************************************
