Dynamical matrix file
File generated with the CellConstructor by Lorenzo Monacelli
1 2 0     1.8897259890000000     0.0000000000000000     0.0000000000000000     0.0000000000000000     0.0000000000000000     0.0000000000000000
Basis vectors
    2.4600000000000000     0.0000000000000000     0.0000000000000000
   -1.2300000000000000     2.1304224933097187     0.0000000000000000
    0.0000000000000000     0.0000000000000000    15.0000000000000000
	1  'C '  10947.3571678344233078
    1     1     0.0000000000000001    -0.0000000000000007     7.4999999999999982
    2     1     1.2299999999999998     0.7101408311032394     7.4999999999999982

     Dynamical Matrix in cartesian axes

     q = (    -0.203252032520     0.117347615689     0.000000000000 )

    1    1
     1.4323801073531295     0.0000000000000000       -0.2323884559766710     0.0000000000000000        0.0000000000000000    -0.0000000000000000
    -0.2323884559766708    -0.0000000000000000        1.1640410325284907     0.0000000000000000       -0.0000000000000000    -0.0000000000000000
     0.0000000000000000     0.0000000000000000       -0.0000000000000000     0.0000000000000000        0.2702251147791754    -0.0000000000000000
    1    2
    -0.1629164869419767    -0.0000000000000000       -0.3007591895810420     0.0000000000000000       -0.0000000000000000     0.0000000000000000
    -0.3007591895810420     0.0000000000000000       -0.5102032856087119    -0.0000000000000000        0.0000000000000000     0.0000000000000000
    -0.0000000000000000    -0.0000000000000000        0.0000000000000000     0.0000000000000000       -0.0790023010031825    -0.0000000000000000
    2    1
    -0.1629164869419767     0.0000000000000000       -0.3007591895810420    -0.0000000000000000       -0.0000000000000000     0.0000000000000000
    -0.3007591895810420    -0.0000000000000000       -0.5102032856087119     0.0000000000000000        0.0000000000000000    -0.0000000000000000
    -0.0000000000000000    -0.0000000000000000        0.0000000000000000    -0.0000000000000000       -0.0790023010031825     0.0000000000000000
    2    2
     1.4323801073531295    -0.0000000000000000       -0.2323884559766710    -0.0000000000000000       -0.0000000000000000     0.0000000000000000
    -0.2323884559766708     0.0000000000000000        1.1640410325284907     0.0000000000000000       -0.0000000000000000     0.0000000000000000
    -0.0000000000000000    -0.0000000000000000       -0.0000000000000000    -0.0000000000000000        0.2702251147791754     0.0000000000000000

     Dynamical Matrix in cartesian axes

     q = (     0.203252032520     0.117347615689     0.000000000000 )

    1    1
     1.4323801071926456    -0.0000000000000000        0.2323884555473708    -0.0000000000000000       -0.0000000000000000    -0.0000000000000000
     0.2323884555473711     0.0000000000000000        1.1640410324580885    -0.0000000000000000       -0.0000000000000000    -0.0000000000000000
    -0.0000000000000000     0.0000000000000000       -0.0000000000000000     0.0000000000000000        0.2702251147444906     0.0000000000000000
    1    2
     0.1629164885854514     0.0000000000000000       -0.3007591890246197    -0.0000000000000000       -0.0000000000000000    -0.0000000000000000
    -0.3007591890246197    -0.0000000000000000        0.5102032860726815     0.0000000000000000       -0.0000000000000000     0.0000000000000000
    -0.0000000000000000     0.0000000000000000       -0.0000000000000000     0.0000000000000000        0.0790023012007723     0.0000000000000000
    2    1
     0.1629164885854514    -0.0000000000000000       -0.3007591890246197     0.0000000000000000       -0.0000000000000000    -0.0000000000000000
    -0.3007591890246197     0.0000000000000000        0.5102032860726816    -0.0000000000000000       -0.0000000000000000    -0.0000000000000000
    -0.0000000000000000     0.0000000000000000       -0.0000000000000000    -0.0000000000000000        0.0790023012007723    -0.0000000000000000
    2    2
     1.4323801071926456     0.0000000000000000        0.2323884555473708    -0.0000000000000000       -0.0000000000000000    -0.0000000000000000
     0.2323884555473711     0.0000000000000000        1.1640410324580885     0.0000000000000000       -0.0000000000000000     0.0000000000000000
    -0.0000000000000000     0.0000000000000000       -0.0000000000000000    -0.0000000000000000        0.2702251147444906     0.0000000000000000

     Dynamical Matrix in cartesian axes

     q = (     0.000000000000     0.234695231378     0.000000000000 )

    1    1
     1.0298714948126113    -0.0000000000000000       -0.0000000001744929     0.0000000000000000        0.0000000000000000    -0.0000000000000000
    -0.0000000001744929    -0.0000000000000000        1.5665496450690088    -0.0000000000000000       -0.0000000000000000    -0.0000000000000000
     0.0000000000000000     0.0000000000000000       -0.0000000000000000     0.0000000000000000        0.2702251147791754    -0.0000000000000000
    1    2
    -0.6838466845408304    -0.0000000000000000        0.0000000002299243    -0.0000000000000000        0.0000000000000000    -0.0000000000000000
     0.0000000002299243    -0.0000000000000000        0.0107269119901419    -0.0000000000000000        0.0000000000000000     0.0000000000000000
    -0.0000000000000000    -0.0000000000000000        0.0000000000000000    -0.0000000000000000       -0.0790023010031825    -0.0000000000000000
    2    1
    -0.6838466845408304     0.0000000000000000        0.0000000002299244     0.0000000000000000       -0.0000000000000000     0.0000000000000000
     0.0000000002299243     0.0000000000000000        0.0107269119901420     0.0000000000000000        0.0000000000000000    -0.0000000000000000
     0.0000000000000000     0.0000000000000000        0.0000000000000000    -0.0000000000000000       -0.0790023010031825     0.0000000000000000
    2    2
     1.0298714948126113    -0.0000000000000000       -0.0000000001744929     0.0000000000000000        0.0000000000000000    -0.0000000000000000
    -0.0000000001744929    -0.0000000000000000        1.5665496450690088    -0.0000000000000000       -0.0000000000000000    -0.0000000000000000
     0.0000000000000000    -0.0000000000000000       -0.0000000000000000     0.0000000000000000        0.2702251147791754    -0.0000000000000000

     Diagonalizing the dynamical matrix

     q = (    -0.203252032520     0.117347615689     0.000000000000 )

***************************************************************************
   freq (    1) =    13.74961326 [THz] =   458.63766505 [cm-1]
(  -0.000000  0.000000  -0.000000  0.000000  -0.707107 -0.000000 )
(  -0.000000 -0.000000   0.000000  0.000000  -0.707107 -0.000000 )
   freq (    2) =    18.49584811 [THz] =   616.95499561 [cm-1]
(   0.353553  0.000000   0.612372  0.000000   0.000000 -0.000000 )
(   0.353553  0.000000   0.612372  0.000000  -0.000000  0.000000 )
   freq (    3) =    18.58124440 [THz] =   619.80350905 [cm-1]
(  -0.000000  0.000000  -0.000000  0.000000   0.707107 -0.000000 )
(  -0.000000 -0.000000  -0.000000  0.000000  -0.707107  0.000000 )
   freq (    4) =    39.21937668 [THz] =  1308.21740254 [cm-1]
(   0.612372  0.000000  -0.353553 -0.000000   0.000000  0.000000 )
(  -0.612372 -0.000000   0.353553  0.000000  -0.000000 -0.000000 )
   freq (    5) =    39.48885623 [THz] =  1317.20627145 [cm-1]
(   0.612372  0.000000  -0.353553 -0.000000  -0.000000 -0.000000 )
(   0.612372  0.000000  -0.353553 -0.000000   0.000000  0.000000 )
   freq (    6) =    41.16141846 [THz] =  1372.99693411 [cm-1]
(  -0.353553  0.000000  -0.612372 -0.000000   0.000000 -0.000000 )
(   0.353553  0.000000   0.612372  0.000000  -0.000000  0.000000 )
***************************************************************************
