Dynamical matrix file
File generated with the CellConstructor by Lorenzo Monacelli
1 2 0     1.8897259890000000     0.0000000000000000     0.0000000000000000     0.0000000000000000     0.0000000000000000     0.0000000000000000
Basis vectors
    2.4600000000000000     0.0000000000000000     0.0000000000000000
   -1.2300000000000000     2.1304224933097187     0.0000000000000000
    0.0000000000000000     0.0000000000000000    15.0000000000000000
	1  'C '  10947.3571678344233078
    1     1     0.0000000000000001    -0.0000000000000007     7.4999999999999982
    2     1     1.2299999999999998     0.7101408311032394     7.4999999999999982

     Dynamical Matrix in cartesian axes

     q = (     0.000000000000     0.000000000000     0.000000000000 )

    1    1
     1.0786692532637741     0.0000000000000000       -0.0000000002984888     0.0000000000000000        0.0000000000000000     0.0000000000000000
    -0.0000000002984887     0.0000000000000000        1.0786692536084395     0.0000000000000000        0.0000000000000000     0.0000000000000000
     0.0000000000000000     0.0000000000000000        0.0000000000000000     0.0000000000000000        0.3390278796142452     0.0000000000000000
    1    2
    -1.0786692532637741     0.0000000000000000        0.0000000002984888     0.0000000000000000       -0.0000000000000000     0.0000000000000000
     0.0000000002984887     0.0000000000000000       -1.0786692536084395     0.0000000000000000       -0.0000000000000000     0.0000000000000000
    -0.0000000000000000     0.0000000000000000       -0.0000000000000000     0.0000000000000000       -0.3390278796142452     0.0000000000000000
    2    1
    -1.0786692532637741     0.0000000000000000        0.0000000002984888     0.0000000000000000       -0.0000000000000000     0.0000000000000000
     0.0000000002984887     0.0000000000000000       -1.0786692536084395     0.0000000000000000       -0.0000000000000000     0.0000000000000000
    -0.0000000000000000     0.0000000000000000       -0.0000000000000000     0.0000000000000000       -0.3390278796142452     0.0000000000000000
    2    2
     1.0786692532637741     0.0000000000000000       -0.0000000002984888     0.0000000000000000        0.0000000000000000     0.0000000000000000
    -0.0000000002984887     0.0000000000000000        1.0786692536084395     0.0000000000000000        0.0000000000000000     0.0000000000000000
     0.0000000000000000     0.0000000000000000        0.0000000000000000     0.0000000000000000        0.3390278796142452     0.0000000000000000

     Diagonalizing the dynamical matrix

     q = (     0.000000000000     0.000000000000     0.000000000000 )

***************************************************************************
   freq (    1) =    -0.00000057 [THz] =    -0.00001904 [cm-1]
(   0.681583  0.000000  -0.174465  0.000000  -0.070757  0.000000 )
(   0.681583  0.000000  -0.174465  0.000000  -0.070757  0.000000 )
   freq (    2) =    -0.00000045 [THz] =    -0.00001502 [cm-1]
(   0.164049  0.000000   0.419977  0.000000   0.544708  0.000000 )
(   0.164049  0.000000   0.419977  0.000000   0.544708  0.000000 )
   freq (    3) =    -0.00000024 [THz] =    -0.00000806 [cm-1]
(   0.092371  0.000000   0.541462  0.000000  -0.445293  0.000000 )
(   0.092371  0.000000   0.541462  0.000000  -0.445293  0.000000 )
   freq (    4) =    25.89126890 [THz] =   863.63964478 [cm-1]
(  -0.000000  0.000000  -0.000000  0.000000   0.707107  0.000000 )
(   0.000000  0.000000   0.000000  0.000000  -0.707107  0.000000 )
   freq (    5) =    46.18274876 [THz] =  1540.49046009 [cm-1]
(  -0.612373  0.000000  -0.353553  0.000000  -0.000000  0.000000 )
(   0.612373  0.000000   0.353553  0.000000  -0.000000  0.000000 )
   freq (    6) =    46.18274878 [THz] =  1540.49046058 [cm-1]
(   0.353553  0.000000  -0.612373  0.000000   0.000000  0.000000 )
(  -0.353553  0.000000   0.612373  0.000000  -0.000000  0.000000 )
***************************************************************************
