Dynamical matrix file
File generated with the CellConstructor by Lorenzo Monacelli
1 2 0     1.8897259890000000     0.0000000000000000     0.0000000000000000     0.0000000000000000     0.0000000000000000     0.0000000000000000
Basis vectors
    2.4600000000000000     0.0000000000000000     0.0000000000000000
   -1.2300000000000000     2.1304224933097187     0.0000000000000000
    0.0000000000000000     0.0000000000000000    15.0000000000000000
	1  'C '  10947.3571678344233078
    1     1     0.0000000000000001    -0.0000000000000007     7.4999999999999982
    2     1     1.2299999999999998     0.7101408311032394     7.4999999999999982

     Dynamical Matrix in cartesian axes

     q = (    -0.271002710027     0.000000000000     0.000000000000 )

    1    1
     1.2341986940580680    -0.0000000000000000       -0.0000000002446815     0.0585808061819203       -0.0000000000000000    -0.0000000000000000
    -0.0000000002446815    -0.0585808061819203        1.2341986943406023    -0.0000000000000000       -0.0000000000000000     0.0000000000000000
    -0.0000000000000000     0.0000000000000000       -0.0000000000000000    -0.0000000000000000        0.2520904200737598     0.0000000000000000
    1    2
    -0.0708441867518518     0.1227057142004095       -0.1227057137868204    -0.0708441873906397       -0.0000000000000000    -0.0000000000000000
    -0.1227057137868203    -0.0708441873906397        0.0708441875518560    -0.1227057142004094       -0.0000000000000000     0.0000000000000000
    -0.0000000000000000    -0.0000000000000000       -0.0000000000000000     0.0000000000000000        0.0000000000918269    -0.0000000000000000
    2    1
    -0.0708441867518519    -0.1227057142004095       -0.1227057137868204     0.0708441873906397       -0.0000000000000000     0.0000000000000000
    -0.1227057137868203     0.0708441873906397        0.0708441875518560     0.1227057142004094       -0.0000000000000000    -0.0000000000000000
    -0.0000000000000000     0.0000000000000000       -0.0000000000000000    -0.0000000000000000        0.0000000000918269     0.0000000000000000
    2    2
     1.2341986940580680    -0.0000000000000000       -0.0000000002446815    -0.0585808061819203       -0.0000000000000000     0.0000000000000000
    -0.0000000002446815     0.0585808061819203        1.2341986943406023     0.0000000000000000       -0.0000000000000000    -0.0000000000000000
    -0.0000000000000000    -0.0000000000000000       -0.0000000000000000     0.0000000000000000        0.2520904200737598    -0.0000000000000000

     Dynamical Matrix in cartesian axes

     q = (     0.271002710027     0.000000000000     0.000000000000 )

    1    1
     1.2341986940580680     0.0000000000000000       -0.0000000002446815    -0.0585808061819203       -0.0000000000000000     0.0000000000000000
    -0.0000000002446815     0.0585808061819203        1.2341986943406023     0.0000000000000000       -0.0000000000000000    -0.0000000000000000
    -0.0000000000000000    -0.0000000000000000       -0.0000000000000000     0.0000000000000000        0.2520904200737598    -0.0000000000000000
    1    2
    -0.0708441867518519    -0.1227057142004095       -0.1227057137868204     0.0708441873906397       -0.0000000000000000     0.0000000000000000
    -0.1227057137868204     0.0708441873906397        0.0708441875518560     0.1227057142004094       -0.0000000000000000    -0.0000000000000000
    -0.0000000000000000     0.0000000000000000       -0.0000000000000000    -0.0000000000000000        0.0000000000918269     0.0000000000000000
    2    1
    -0.0708441867518519     0.1227057142004095       -0.1227057137868204    -0.0708441873906397       -0.0000000000000000    -0.0000000000000000
    -0.1227057137868204    -0.0708441873906397        0.0708441875518560    -0.1227057142004094       -0.0000000000000000     0.0000000000000000
    -0.0000000000000000    -0.0000000000000000       -0.0000000000000000     0.0000000000000000        0.0000000000918269    -0.0000000000000000
    2    2
     1.2341986940580680     0.0000000000000000       -0.0000000002446815     0.0585808061819203       -0.0000000000000000    -0.0000000000000000
    -0.0000000002446815    -0.0585808061819203        1.2341986943406023    -0.0000000000000000       -0.0000000000000000     0.0000000000000000
    -0.0000000000000000     0.0000000000000000       -0.0000000000000000    -0.0000000000000000        0.2520904200737598     0.0000000000000000

     Diagonalizing the dynamical matrix

     q = (    -0.271002710027     0.000000000000     0.000000000000 )

***************************************************************************
   freq (    1) =    15.78697065 [THz] =   526.59658269 [cm-1]
(   0.000000  0.000000  -0.000000  0.000000  -0.706884  0.017728 )
(   0.000000 -0.000000   0.000000 -0.000000   0.706885 -0.017728 )
   freq (    2) =    15.78697065 [THz] =   526.59658288 [cm-1]
(   0.000000  0.000000  -0.000000  0.000000  -0.703531 -0.071030 )
(  -0.000000 -0.000000   0.000000  0.000000  -0.703529 -0.071030 )
   freq (    3) =    29.70036318 [THz] =   990.69733523 [cm-1]
(   0.500000  0.000000  -0.000000  0.500000   0.000000 -0.000000 )
(   0.250000  0.433013   0.433013 -0.250000  -0.000000  0.000000 )
   freq (    4) =    35.75056082 [THz] =  1192.51017665 [cm-1]
(   0.500000  0.000000   0.000000 -0.500000  -0.000000  0.000000 )
(  -0.250000  0.433013  -0.433013 -0.250000   0.000000  0.000000 )
   freq (    5) =    35.75056083 [THz] =  1192.51017709 [cm-1]
(   0.500000  0.000000   0.000000 -0.500000  -0.000000 -0.000000 )
(   0.250000 -0.433013   0.433013  0.250000  -0.000000 -0.000000 )
   freq (    6) =    37.97934529 [THz] =  1266.85441342 [cm-1]
(  -0.500000  0.000000   0.000000 -0.500000  -0.000000  0.000000 )
(   0.250000  0.433013   0.433013 -0.250000  -0.000000  0.000000 )
***************************************************************************
