Dynamical matrix file
File generated with the CellConstructor by Lorenzo Monacelli
1 2 0     1.8897259890000000     0.0000000000000000     0.0000000000000000     0.0000000000000000     0.0000000000000000     0.0000000000000000
Basis vectors
    2.4600000000000000     0.0000000000000000     0.0000000000000000
   -1.2300000000000000     2.1304224933097187     0.0000000000000000
    0.0000000000000000     0.0000000000000000    15.0000000000000000
	1  'C '  10947.3571678344233078
    1     1     0.0000000000000001    -0.0000000000000007     7.4999999999999982
    2     1     1.2299999999999998     0.7101408311032394     7.4999999999999982

     Dynamical Matrix in cartesian axes

     q = (     0.067750677507    -0.117347615689     0.000000000000 )

    1    1
     1.1437279215664125     0.0000000000000000       -0.1355114890523964     0.0160800008243079       -0.0000000000000000    -0.0000000000000000
    -0.1355114890523964    -0.0160800008243079        1.3002031109317183    -0.0000000000000000        0.0000000000000000     0.0000000000000000
    -0.0000000000000000     0.0000000000000000        0.0000000000000000    -0.0000000000000000        0.3012867100169247    -0.0000000000000000
    1    2
    -0.7157325025034447     0.1968610728542992        0.0037243809793239    -0.1136577934053381       -0.0000000000000000     0.0000000000000000
     0.0037243809793239    -0.1136577934053381       -0.7200330472267447    -0.1968610728530162       -0.0000000000000000    -0.0000000000000000
    -0.0000000000000000    -0.0000000000000000        0.0000000000000000    -0.0000000000000000       -0.2682543229792991     0.0000000000004237
    2    1
    -0.7157325025034447    -0.1968610728542992        0.0037243809793239     0.1136577934053381       -0.0000000000000000     0.0000000000000000
     0.0037243809793239     0.1136577934053381       -0.7200330472267447     0.1968610728530162        0.0000000000000000     0.0000000000000000
    -0.0000000000000000    -0.0000000000000000       -0.0000000000000000     0.0000000000000000       -0.2682543229792991    -0.0000000000004237
    2    2
     1.1437279215664125    -0.0000000000000000       -0.1355114890523964    -0.0160800008243079        0.0000000000000000     0.0000000000000000
    -0.1355114890523964     0.0160800008243079        1.3002031109317180    -0.0000000000000000       -0.0000000000000000    -0.0000000000000000
     0.0000000000000000    -0.0000000000000000       -0.0000000000000000     0.0000000000000000        0.3012867100169247    -0.0000000000000000

     Dynamical Matrix in cartesian axes

     q = (    -0.067750677507     0.117347615689     0.000000000000 )

    1    1
     1.1437279215664125    -0.0000000000000000       -0.1355114890523964    -0.0160800008243079       -0.0000000000000000     0.0000000000000000
    -0.1355114890523964     0.0160800008243079        1.3002031109317183     0.0000000000000000        0.0000000000000000    -0.0000000000000000
    -0.0000000000000000    -0.0000000000000000        0.0000000000000000     0.0000000000000000        0.3012867100169247     0.0000000000000000
    1    2
    -0.7157325025034447    -0.1968610728542992        0.0037243809793239     0.1136577934053381       -0.0000000000000000    -0.0000000000000000
     0.0037243809793239     0.1136577934053381       -0.7200330472267447     0.1968610728530162       -0.0000000000000000     0.0000000000000000
    -0.0000000000000000     0.0000000000000000        0.0000000000000000     0.0000000000000000       -0.2682543229792991    -0.0000000000004237
    2    1
    -0.7157325025034447     0.1968610728542992        0.0037243809793239    -0.1136577934053381       -0.0000000000000000    -0.0000000000000000
     0.0037243809793239    -0.1136577934053381       -0.7200330472267447    -0.1968610728530162        0.0000000000000000    -0.0000000000000000
    -0.0000000000000000     0.0000000000000000       -0.0000000000000000    -0.0000000000000000       -0.2682543229792991     0.0000000000004237
    2    2
     1.1437279215664125     0.0000000000000000       -0.1355114890523964     0.0160800008243079        0.0000000000000000    -0.0000000000000000
    -0.1355114890523964    -0.0160800008243079        1.3002031109317180     0.0000000000000000       -0.0000000000000000     0.0000000000000000
     0.0000000000000000     0.0000000000000000       -0.0000000000000000    -0.0000000000000000        0.3012867100169247     0.0000000000000000

     Dynamical Matrix in cartesian axes

     q = (    -0.067750677507    -0.117347615689     0.000000000000 )

    1    1
     1.1437279213967415     0.0000000000000000        0.1355114884492092    -0.0160800006372726       -0.0000000000000000     0.0000000000000000
     0.1355114884492092     0.0160800006372726        1.3002031111242649    -0.0000000000000000        0.0000000000000000     0.0000000000000000
    -0.0000000000000000    -0.0000000000000000        0.0000000000000000    -0.0000000000000000        0.3012867100116144     0.0000000000000000
    1    2
    -0.5283529254651129    -0.5214120095289810       -0.1002927280173835     0.0536034852635663        0.0000000000000000    -0.0000000000000000
    -0.1002927280173836     0.0536034852635664       -0.1895298112215273    -0.7219974526935089        0.0000000000000000    -0.0000000000000000
     0.0000000000000000     0.0000000000000000        0.0000000000000000     0.0000000000000000       -0.1341271546112617    -0.2323150623686973
    2    1
    -0.5283529254651129     0.5214120095289810       -0.1002927280173835    -0.0536034852635663        0.0000000000000000    -0.0000000000000000
    -0.1002927280173836    -0.0536034852635664       -0.1895298112215273     0.7219974526935090        0.0000000000000000    -0.0000000000000000
     0.0000000000000000     0.0000000000000000        0.0000000000000000     0.0000000000000000       -0.1341271546112617     0.2323150623686973
    2    2
     1.1437279213967415     0.0000000000000000        0.1355114884492092     0.0160800006372726       -0.0000000000000000    -0.0000000000000000
     0.1355114884492092    -0.0160800006372726        1.3002031111242649    -0.0000000000000000       -0.0000000000000000    -0.0000000000000000
    -0.0000000000000000     0.0000000000000000       -0.0000000000000000     0.0000000000000000        0.3012867100116144    -0.0000000000000000

     Dynamical Matrix in cartesian axes

     q = (     0.067750677507     0.117347615689     0.000000000000 )

    1    1
     1.1437279213967415    -0.0000000000000000        0.1355114884492092     0.0160800006372726       -0.0000000000000000    -0.0000000000000000
     0.1355114884492092    -0.0160800006372726        1.3002031111242649     0.0000000000000000        0.0000000000000000    -0.0000000000000000
    -0.0000000000000000     0.0000000000000000        0.0000000000000000     0.0000000000000000        0.3012867100116144    -0.0000000000000000
    1    2
    -0.5283529254651129     0.5214120095289810       -0.1002927280173835    -0.0536034852635663        0.0000000000000000     0.0000000000000000
    -0.1002927280173835    -0.0536034852635664       -0.1895298112215273     0.7219974526935089        0.0000000000000000     0.0000000000000000
     0.0000000000000000    -0.0000000000000000        0.0000000000000000    -0.0000000000000000       -0.1341271546112617     0.2323150623686973
    2    1
    -0.5283529254651129    -0.5214120095289810       -0.1002927280173835     0.0536034852635663        0.0000000000000000     0.0000000000000000
    -0.1002927280173835     0.0536034852635664       -0.1895298112215273    -0.7219974526935090        0.0000000000000000     0.0000000000000000
     0.0000000000000000    -0.0000000000000000        0.0000000000000000    -0.0000000000000000       -0.1341271546112617    -0.2323150623686973
    2    2
     1.1437279213967415    -0.0000000000000000        0.1355114884492092    -0.0160800006372726       -0.0000000000000000     0.0000000000000000
     0.1355114884492092     0.0160800006372726        1.3002031111242649     0.0000000000000000       -0.0000000000000000     0.0000000000000000
    -0.0000000000000000    -0.0000000000000000       -0.0000000000000000    -0.0000000000000000        0.3012867100116144     0.0000000000000000

     Dynamical Matrix in cartesian axes

     q = (     0.135501355014     0.000000000000     0.000000000000 )

    1    1
     1.3784407051940406    -0.0000000000000000       -0.0000000004583469    -0.0160800006372725        0.0000000000000000    -0.0000000000000000
    -0.0000000004583469     0.0160800006372725        1.0654903273269660    -0.0000000000000000       -0.0000000000000000     0.0000000000000000
     0.0000000000000000     0.0000000000000000       -0.0000000000000000    -0.0000000000000000        0.3012867100116144    -0.0000000000000000
    1    2
    -0.3610916400619140     0.6254291119318237       -0.1968610761702604    -0.1136577873377126       -0.0000000000000000    -0.0000000000000000
    -0.1968610761702602    -0.1136577873377126       -0.3567910966269511     0.6179803502893819        0.0000000000000000    -0.0000000000000000
    -0.0000000000000000    -0.0000000000000000        0.0000000000000000    -0.0000000000000000       -0.1341271546119960     0.2323150623682733
    2    1
    -0.3610916400619139    -0.6254291119318237       -0.1968610761702604     0.1136577873377126       -0.0000000000000000     0.0000000000000000
    -0.1968610761702602     0.1136577873377126       -0.3567910966269511    -0.6179803502893818        0.0000000000000000     0.0000000000000000
    -0.0000000000000000     0.0000000000000000        0.0000000000000000     0.0000000000000000       -0.1341271546119960    -0.2323150623682733
    2    2
     1.3784407051940406    -0.0000000000000000       -0.0000000004583469     0.0160800006372725        0.0000000000000000    -0.0000000000000000
    -0.0000000004583469    -0.0160800006372725        1.0654903273269660     0.0000000000000000       -0.0000000000000000     0.0000000000000000
     0.0000000000000000     0.0000000000000000       -0.0000000000000000    -0.0000000000000000        0.3012867100116144    -0.0000000000000000

     Dynamical Matrix in cartesian axes

     q = (    -0.135501355014     0.000000000000     0.000000000000 )

    1    1
     1.3784407051940406     0.0000000000000000       -0.0000000004583469     0.0160800006372725        0.0000000000000000     0.0000000000000000
    -0.0000000004583469    -0.0160800006372725        1.0654903273269660     0.0000000000000000       -0.0000000000000000    -0.0000000000000000
     0.0000000000000000    -0.0000000000000000       -0.0000000000000000     0.0000000000000000        0.3012867100116144     0.0000000000000000
    1    2
    -0.3610916400619140    -0.6254291119318237       -0.1968610761702604     0.1136577873377126       -0.0000000000000000     0.0000000000000000
    -0.1968610761702602     0.1136577873377126       -0.3567910966269510    -0.6179803502893819        0.0000000000000000     0.0000000000000000
    -0.0000000000000000     0.0000000000000000        0.0000000000000000     0.0000000000000000       -0.1341271546119960    -0.2323150623682733
    2    1
    -0.3610916400619139     0.6254291119318237       -0.1968610761702604    -0.1136577873377126       -0.0000000000000000    -0.0000000000000000
    -0.1968610761702602    -0.1136577873377126       -0.3567910966269510     0.6179803502893818        0.0000000000000000    -0.0000000000000000
    -0.0000000000000000    -0.0000000000000000        0.0000000000000000    -0.0000000000000000       -0.1341271546119960     0.2323150623682733
    2    2
     1.3784407051940406     0.0000000000000000       -0.0000000004583469    -0.0160800006372725        0.0000000000000000     0.0000000000000000
    -0.0000000004583469     0.0160800006372725        1.0654903273269660    -0.0000000000000000       -0.0000000000000000    -0.0000000000000000
     0.0000000000000000    -0.0000000000000000       -0.0000000000000000     0.0000000000000000        0.3012867100116144     0.0000000000000000

     Diagonalizing the dynamical matrix

     q = (     0.067750677507    -0.117347615689     0.000000000000 )

***************************************************************************
   freq (    1) =     5.71466281 [THz] =   190.62060553 [cm-1]
(   0.000000  0.000000   0.000000  0.000000   0.628783  0.323468 )
(   0.000000  0.000000   0.000000  0.000000   0.628783  0.323468 )
   freq (    2) =    17.74951421 [THz] =   592.05998014 [cm-1]
(   0.608622  0.000000   0.342701  0.110156   0.000000  0.000000 )
(   0.601099  0.095398   0.355732 -0.055078  -0.000000 -0.000000 )
   freq (    3) =    23.72920236 [THz] =   791.52087817 [cm-1]
(  -0.000000  0.000000   0.000000  0.000000   0.528075  0.470252 )
(  -0.000000 -0.000000   0.000000  0.000000  -0.528075 -0.470252 )
   freq (    4) =    24.71473843 [THz] =   824.39481834 [cm-1]
(  -0.364702  0.000000   0.555624  0.241401  -0.000000 -0.000000 )
(  -0.298834 -0.209059   0.593653  0.120701   0.000000  0.000000 )
   freq (    5) =    42.38942549 [THz] =  1413.95883350 [cm-1]
(  -0.605799  0.000000  -0.334496 -0.145328  -0.000000  0.000000 )
(   0.592581  0.125858   0.357390 -0.072664   0.000000 -0.000000 )
   freq (    6) =    45.93085365 [THz] =  1532.08814467 [cm-1]
(  -0.359970  0.000000   0.579425  0.186247   0.000000 -0.000000 )
(   0.321812  0.161295  -0.601456 -0.093124  -0.000000  0.000000 )
***************************************************************************
