Dynamical matrix file
File generated with the CellConstructor by Lorenzo Monacelli
1 2 0     1.8897259890000000     0.0000000000000000     0.0000000000000000     0.0000000000000000     0.0000000000000000     0.0000000000000000
Basis vectors
    2.4600000000000000     0.0000000000000000     0.0000000000000000
   -1.2300000000000000     2.1304224933097187     0.0000000000000000
    0.0000000000000000     0.0000000000000000    15.0000000000000000
	1  'C '  10947.3571678344233078
    1     1     0.0000000000000000    -0.0000000000000002     7.4999999999999982
    2     1     1.2299999999999998     0.7101408311032394     7.4999999999999982

     Dynamical Matrix in cartesian axes

     q = (     0.000000000000     0.000000000000     0.000000000000 )

    1    1
     1.0924177488031548     0.0000000000000000        0.0000000000000001     0.0000000000000000       -0.0000000000000000     0.0000000000000000
     0.0000000000000002     0.0000000000000000        1.0924177488031550     0.0000000000000000        0.0000000000000000     0.0000000000000000
    -0.0000000000000000     0.0000000000000000        0.0000000000000000     0.0000000000000000        0.3420222210595218     0.0000000000000000
    1    2
    -1.0924177488031550     0.0000000000000000       -0.0000000000000002     0.0000000000000000        0.0000000000000000     0.0000000000000000
    -0.0000000000000003     0.0000000000000000       -1.0924177488031557     0.0000000000000000       -0.0000000000000000     0.0000000000000000
     0.0000000000000000     0.0000000000000000       -0.0000000000000000     0.0000000000000000       -0.3420222210595218     0.0000000000000000
    2    1
    -1.0924177488031550     0.0000000000000000       -0.0000000000000002     0.0000000000000000        0.0000000000000000     0.0000000000000000
    -0.0000000000000003     0.0000000000000000       -1.0924177488031557     0.0000000000000000       -0.0000000000000000     0.0000000000000000
     0.0000000000000000     0.0000000000000000       -0.0000000000000000     0.0000000000000000       -0.3420222210595218     0.0000000000000000
    2    2
     1.0924177488031546     0.0000000000000000        0.0000000000000001     0.0000000000000000        0.0000000000000000     0.0000000000000000
     0.0000000000000000     0.0000000000000000        1.0924177488031550     0.0000000000000000        0.0000000000000000     0.0000000000000000
     0.0000000000000000     0.0000000000000000        0.0000000000000000     0.0000000000000000        0.3420222210595218     0.0000000000000000

     Diagonalizing the dynamical matrix

     q = (     0.000000000000     0.000000000000     0.000000000000 )

***************************************************************************
   freq (    1) =    -0.00000079 [THz] =    -0.00002649 [cm-1]
(  -0.591917  0.000000  -0.381386  0.000000   0.064643  0.000000 )
(  -0.591917  0.000000  -0.381386  0.000000   0.064643  0.000000 )
   freq (    2) =    -0.00000033 [THz] =    -0.00001085 [cm-1]
(  -0.312663  0.000000   0.402131  0.000000  -0.490441  0.000000 )
(  -0.312663  0.000000   0.402131  0.000000  -0.490441  0.000000 )
   freq (    3) =     0.00000031 [THz] =     0.00001026 [cm-1]
(  -0.227763  0.000000   0.439130  0.000000   0.505261  0.000000 )
(  -0.227763  0.000000   0.439130  0.000000   0.505261  0.000000 )
   freq (    4) =    26.00535519 [THz] =   867.44515336 [cm-1]
(   0.000000  0.000000  -0.000000  0.000000  -0.707107  0.000000 )
(   0.000000  0.000000  -0.000000  0.000000   0.707107  0.000000 )
   freq (    5) =    46.47613476 [THz] =  1550.27676204 [cm-1]
(  -0.685455  0.000000   0.173641  0.000000  -0.000000  0.000000 )
(   0.685455  0.000000  -0.173641  0.000000   0.000000  0.000000 )
   freq (    6) =    46.47613476 [THz] =  1550.27676204 [cm-1]
(   0.173641  0.000000   0.685455  0.000000  -0.000000  0.000000 )
(  -0.173641  0.000000  -0.685455  0.000000   0.000000  0.000000 )
***************************************************************************
