Dynamical matrix file
File generated with the CellConstructor by Lorenzo Monacelli
1 2 0     1.8897259890000000     0.0000000000000000     0.0000000000000000     0.0000000000000000     0.0000000000000000     0.0000000000000000
Basis vectors
    2.4600000000000000     0.0000000000000000     0.0000000000000000
   -1.2300000000000000     2.1304224933097187     0.0000000000000000
    0.0000000000000000     0.0000000000000000    15.0000000000000000
	1  'C '  10947.3571678344233078
    1     1     0.0000000000000000    -0.0000000000000002     7.4999999999999982
    2     1     1.2299999999999998     0.7101408311032394     7.4999999999999982

     Dynamical Matrix in cartesian axes

     q = (     0.067750677507    -0.039115871896     0.000000000000 )

    1    1
     1.2079082465885378     0.0000000000000000       -0.0818522783518438     0.0000000000000000        0.0000000000000000    -0.0000000000000000
    -0.0818522783518438     0.0000000000000000        1.1133933767080959     0.0000000000000000        0.0000000000000000    -0.0000000000000000
     0.0000000000000000     0.0000000000000000        0.0000000000000000     0.0000000000000000        0.3304945482712311     0.0000000000000000
    1    2
    -0.8997434810726570     0.3947764195932051       -0.0265894590334504    -0.1141212557493641        0.0000000000000000    -0.0000000000000000
    -0.0265894590334504    -0.1141212557493640       -0.9304463437337956     0.2630005441388983        0.0000000000000000    -0.0000000000000000
     0.0000000000000000     0.0000000000000000        0.0000000000000000     0.0000000000000000       -0.3054701006293687     0.1126070656667714
    2    1
    -0.8997434810726570    -0.3947764195932051       -0.0265894590334504     0.1141212557493641       -0.0000000000000000    -0.0000000000000000
    -0.0265894590334504     0.1141212557493640       -0.9304463437337956    -0.2630005441388983       -0.0000000000000000    -0.0000000000000000
    -0.0000000000000000     0.0000000000000000       -0.0000000000000000     0.0000000000000000       -0.3054701006293687    -0.1126070656667714
    2    2
     1.2079082465885378     0.0000000000000000       -0.0818522783518438     0.0000000000000000        0.0000000000000000    -0.0000000000000000
    -0.0818522783518438     0.0000000000000000        1.1133933767080959     0.0000000000000000        0.0000000000000000    -0.0000000000000000
     0.0000000000000000     0.0000000000000000        0.0000000000000000     0.0000000000000000        0.3304945482712311     0.0000000000000000

     Dynamical Matrix in cartesian axes

     q = (    -0.067750677507     0.039115871896     0.000000000000 )

    1    1
     1.2079082465885378     0.0000000000000000       -0.0818522783518438     0.0000000000000000        0.0000000000000000     0.0000000000000000
    -0.0818522783518438     0.0000000000000000        1.1133933767080959     0.0000000000000000        0.0000000000000000     0.0000000000000000
     0.0000000000000000    -0.0000000000000000        0.0000000000000000    -0.0000000000000000        0.3304945482712311     0.0000000000000000
    1    2
    -0.8997434810726570    -0.3947764195932051       -0.0265894590334504     0.1141212557493640        0.0000000000000000     0.0000000000000000
    -0.0265894590334505     0.1141212557493641       -0.9304463437337956    -0.2630005441388983        0.0000000000000000     0.0000000000000000
     0.0000000000000000    -0.0000000000000000        0.0000000000000000    -0.0000000000000000       -0.3054701006293687    -0.1126070656667714
    2    1
    -0.8997434810726570     0.3947764195932051       -0.0265894590334504    -0.1141212557493640       -0.0000000000000000     0.0000000000000000
    -0.0265894590334505    -0.1141212557493641       -0.9304463437337956     0.2630005441388983       -0.0000000000000000     0.0000000000000000
    -0.0000000000000000    -0.0000000000000000       -0.0000000000000000    -0.0000000000000000       -0.3054701006293687     0.1126070656667714
    2    2
     1.2079082465885378     0.0000000000000000       -0.0818522783518438     0.0000000000000000        0.0000000000000000     0.0000000000000000
    -0.0818522783518438     0.0000000000000000        1.1133933767080959     0.0000000000000000        0.0000000000000000     0.0000000000000000
     0.0000000000000000    -0.0000000000000000        0.0000000000000000    -0.0000000000000000        0.3304945482712311     0.0000000000000000

     Dynamical Matrix in cartesian axes

     q = (    -0.067750677507    -0.039115871896     0.000000000000 )

    1    1
     1.2079082465885378     0.0000000000000000        0.0818522783518437     0.0000000000000000        0.0000000000000000    -0.0000000000000000
     0.0818522783518437     0.0000000000000000        1.1133933767080959     0.0000000000000000        0.0000000000000000    -0.0000000000000000
     0.0000000000000000     0.0000000000000000        0.0000000000000000     0.0000000000000000        0.3304945482712311     0.0000000000000000
    1    2
    -0.7917581317645535    -0.5818125247743275       -0.0855371794078369     0.0800877723779031        0.0000000000000000     0.0000000000000000
    -0.0855371794078369     0.0800877723779031       -0.6929883046508817    -0.6742899186566875        0.0000000000000000     0.0000000000000000
     0.0000000000000000     0.0000000000000000        0.0000000000000000     0.0000000000000000       -0.2502556237593854    -0.2082413417009173
    2    1
    -0.7917581317645535     0.5818125247743275       -0.0855371794078369    -0.0800877723779031       -0.0000000000000000     0.0000000000000000
    -0.0855371794078369    -0.0800877723779031       -0.6929883046508817     0.6742899186566875       -0.0000000000000000     0.0000000000000000
    -0.0000000000000000     0.0000000000000000       -0.0000000000000000     0.0000000000000000       -0.2502556237593854     0.2082413417009173
    2    2
     1.2079082465885378     0.0000000000000000        0.0818522783518437     0.0000000000000000        0.0000000000000000    -0.0000000000000000
     0.0818522783518437     0.0000000000000000        1.1133933767080959     0.0000000000000000        0.0000000000000000    -0.0000000000000000
     0.0000000000000000     0.0000000000000000        0.0000000000000000     0.0000000000000000        0.3304945482712311     0.0000000000000000

     Dynamical Matrix in cartesian axes

     q = (     0.067750677507     0.039115871896     0.000000000000 )

    1    1
     1.2079082465885378     0.0000000000000000        0.0818522783518437     0.0000000000000000        0.0000000000000000     0.0000000000000000
     0.0818522783518437     0.0000000000000000        1.1133933767080959     0.0000000000000000        0.0000000000000000     0.0000000000000000
     0.0000000000000000    -0.0000000000000000        0.0000000000000000    -0.0000000000000000        0.3304945482712311     0.0000000000000000
    1    2
    -0.7917581317645533     0.5818125247743274       -0.0855371794078369    -0.0800877723779031        0.0000000000000000    -0.0000000000000000
    -0.0855371794078369    -0.0800877723779031       -0.6929883046508817     0.6742899186566875        0.0000000000000000     0.0000000000000000
     0.0000000000000000    -0.0000000000000000        0.0000000000000000     0.0000000000000000       -0.2502556237593854     0.2082413417009173
    2    1
    -0.7917581317645533    -0.5818125247743274       -0.0855371794078369     0.0800877723779031       -0.0000000000000000    -0.0000000000000000
    -0.0855371794078369     0.0800877723779031       -0.6929883046508817    -0.6742899186566875       -0.0000000000000000     0.0000000000000000
    -0.0000000000000000    -0.0000000000000000       -0.0000000000000000     0.0000000000000000       -0.2502556237593854    -0.2082413417009173
    2    2
     1.2079082465885378     0.0000000000000000        0.0818522783518437     0.0000000000000000        0.0000000000000000     0.0000000000000000
     0.0818522783518437     0.0000000000000000        1.1133933767080959     0.0000000000000000        0.0000000000000000     0.0000000000000000
     0.0000000000000000    -0.0000000000000000        0.0000000000000000    -0.0000000000000000        0.3304945482712311     0.0000000000000000

     Dynamical Matrix in cartesian axes

     q = (    -0.000000000000    -0.078231743793     0.000000000000 )

    1    1
     1.0661359417678744     0.0000000000000000        0.0000000000000000     0.0000000000000000        0.0000000000000000     0.0000000000000000
     0.0000000000000000     0.0000000000000000        1.2551656815287597     0.0000000000000000        0.0000000000000000     0.0000000000000000
     0.0000000000000000     0.0000000000000000        0.0000000000000000    -0.0000000000000000        0.3304945482712311     0.0000000000000000
    1    2
    -0.9457977750643642    -0.1971126064117452        0.0000000000000000     0.0000000000000000        0.0000000000000000     0.0000000000000000
     0.0000000000000000     0.0000000000000000       -0.8843920497420881    -0.4606643573203593        0.0000000000000000     0.0000000000000000
    -0.0000000000000000    -0.0000000000000000        0.0000000000000000    -0.0000000000000000       -0.3054701006293686    -0.1126070656667716
    2    1
    -0.9457977750643642     0.1971126064117452        0.0000000000000000     0.0000000000000000        0.0000000000000000     0.0000000000000000
     0.0000000000000000     0.0000000000000000       -0.8843920497420881     0.4606643573203593       -0.0000000000000000     0.0000000000000000
     0.0000000000000000    -0.0000000000000000       -0.0000000000000000    -0.0000000000000000       -0.3054701006293686     0.1126070656667716
    2    2
     1.0661359417678744     0.0000000000000000        0.0000000000000000     0.0000000000000000        0.0000000000000000     0.0000000000000000
     0.0000000000000000     0.0000000000000000        1.2551656815287597     0.0000000000000000        0.0000000000000000     0.0000000000000000
     0.0000000000000000     0.0000000000000000        0.0000000000000000    -0.0000000000000000        0.3304945482712311     0.0000000000000000

     Dynamical Matrix in cartesian axes

     q = (     0.000000000000     0.078231743793     0.000000000000 )

    1    1
     1.0661359417678744     0.0000000000000000        0.0000000000000000     0.0000000000000000        0.0000000000000000     0.0000000000000000
     0.0000000000000000     0.0000000000000000        1.2551656815287597     0.0000000000000000        0.0000000000000000    -0.0000000000000000
     0.0000000000000000     0.0000000000000000        0.0000000000000000     0.0000000000000000        0.3304945482712311     0.0000000000000000
    1    2
    -0.9457977750643642     0.1971126064117452        0.0000000000000000     0.0000000000000000        0.0000000000000000     0.0000000000000000
     0.0000000000000000     0.0000000000000000       -0.8843920497420881     0.4606643573203592        0.0000000000000000     0.0000000000000000
    -0.0000000000000000     0.0000000000000000        0.0000000000000000    -0.0000000000000000       -0.3054701006293686     0.1126070656667716
    2    1
    -0.9457977750643642    -0.1971126064117452        0.0000000000000000     0.0000000000000000        0.0000000000000000     0.0000000000000000
     0.0000000000000000     0.0000000000000000       -0.8843920497420881    -0.4606643573203592       -0.0000000000000000     0.0000000000000000
     0.0000000000000000     0.0000000000000000       -0.0000000000000000    -0.0000000000000000       -0.3054701006293686    -0.1126070656667716
    2    2
     1.0661359417678744     0.0000000000000000        0.0000000000000000     0.0000000000000000        0.0000000000000000     0.0000000000000000
     0.0000000000000000     0.0000000000000000        1.2551656815287597     0.0000000000000000        0.0000000000000000    -0.0000000000000000
     0.0000000000000000     0.0000000000000000        0.0000000000000000     0.0000000000000000        0.3304945482712311     0.0000000000000000

     Diagonalizing the dynamical matrix

     q = (     0.067750677507    -0.039115871896     0.000000000000 )

***************************************************************************
   freq (    1) =     2.20770037 [THz] =    73.64094724 [cm-1]
(  -0.000000  0.000000  -0.000000  0.000000   0.545135  0.450364 )
(  -0.000000 -0.000000  -0.000000 -0.000000   0.355716  0.611119 )
   freq (    2) =     9.94389243 [THz] =   331.69250055 [cm-1]
(   0.353553  0.000000   0.612372 -0.000000   0.000000  0.000000 )
(   0.346117  0.072134   0.599492  0.124939   0.000000  0.000000 )
   freq (    3) =    15.97060573 [THz] =   532.72198878 [cm-1]
(  -0.612372  0.000000   0.353553 -0.000000  -0.000000  0.000000 )
(  -0.543111 -0.282897   0.313565  0.163331   0.000000  0.000000 )
   freq (    4) =    25.46784166 [THz] =   849.51563458 [cm-1]
(   0.000000  0.000000  -0.000000 -0.000000   0.045453 -0.705644 )
(  -0.000000  0.000000  -0.000000 -0.000000  -0.286717  0.646369 )
   freq (    5) =    44.82391376 [THz] =  1495.16460982 [cm-1]
(   0.353553  0.000000   0.612372  0.000000  -0.000000  0.000000 )
(  -0.346117 -0.072134  -0.599492 -0.124939   0.000000  0.000000 )
   freq (    6) =    47.18867843 [THz] =  1574.04465710 [cm-1]
(  -0.612372  0.000000   0.353553  0.000000   0.000000  0.000000 )
(   0.543111  0.282897  -0.313565 -0.163331   0.000000  0.000000 )
***************************************************************************
