Dynamical matrix file
File generated with the CellConstructor by Lorenzo Monacelli
1 2 0     1.8897259890000000     0.0000000000000000     0.0000000000000000     0.0000000000000000     0.0000000000000000     0.0000000000000000
Basis vectors
    2.4600000000000000     0.0000000000000000     0.0000000000000000
   -1.2300000000000000     2.1304224933097187     0.0000000000000000
    0.0000000000000000     0.0000000000000000    15.0000000000000000
	1  'C '  10947.3571678344233078
    1     1     0.0000000000000000    -0.0000000000000002     7.4999999999999982
    2     1     1.2299999999999998     0.7101408311032394     7.4999999999999982

     Dynamical Matrix in cartesian axes

     q = (     0.067750677507    -0.117347615689     0.000000000000 )

    1    1
     1.1560044854595464     0.0000000000000000       -0.1397465824793632     0.0110837128132841        0.0000000000000000     0.0000000000000000
    -0.1397465824793631    -0.0110837128132841        1.3173699394851279     0.0000000000000000        0.0000000000000000     0.0000000000000000
     0.0000000000000000     0.0000000000000000        0.0000000000000000     0.0000000000000000        0.3064559807359864     0.0000000000000000
    1    2
    -0.7246688463610155     0.2004889015136473        0.0033532743784874    -0.1157523212584368       -0.0000000000000000    -0.0000000000000000
     0.0033532743784873    -0.1157523212584368       -0.7285408740911883    -0.2004889015136478        0.0000000000000000    -0.0000000000000000
     0.0000000000000000     0.0000000000000000       -0.0000000000000000     0.0000000000000000       -0.2707517878940663    -0.0000000000000001
    2    1
    -0.7246688463610155    -0.2004889015136473        0.0033532743784874     0.1157523212584368        0.0000000000000000    -0.0000000000000000
     0.0033532743784873     0.1157523212584368       -0.7285408740911883     0.2004889015136478       -0.0000000000000000    -0.0000000000000000
    -0.0000000000000000     0.0000000000000000        0.0000000000000000     0.0000000000000000       -0.2707517878940663     0.0000000000000001
    2    2
     1.1560044854595464     0.0000000000000000       -0.1397465824793632    -0.0110837128132841       -0.0000000000000000     0.0000000000000000
    -0.1397465824793631     0.0110837128132841        1.3173699394851279    -0.0000000000000000       -0.0000000000000000     0.0000000000000000
    -0.0000000000000000     0.0000000000000000       -0.0000000000000000     0.0000000000000000        0.3064559807359864     0.0000000000000000

     Dynamical Matrix in cartesian axes

     q = (    -0.067750677507     0.117347615689     0.000000000000 )

    1    1
     1.1560044854595464     0.0000000000000000       -0.1397465824793632    -0.0110837128132841        0.0000000000000000     0.0000000000000000
    -0.1397465824793631     0.0110837128132841        1.3173699394851279    -0.0000000000000000        0.0000000000000000     0.0000000000000000
     0.0000000000000000    -0.0000000000000000        0.0000000000000000    -0.0000000000000000        0.3064559807359864     0.0000000000000000
    1    2
    -0.7246688463610155    -0.2004889015136473        0.0033532743784874     0.1157523212584368       -0.0000000000000000     0.0000000000000000
     0.0033532743784873     0.1157523212584368       -0.7285408740911883     0.2004889015136478        0.0000000000000000     0.0000000000000000
     0.0000000000000000     0.0000000000000000       -0.0000000000000000     0.0000000000000000       -0.2707517878940663     0.0000000000000001
    2    1
    -0.7246688463610155     0.2004889015136473        0.0033532743784874    -0.1157523212584368        0.0000000000000000     0.0000000000000000
     0.0033532743784873    -0.1157523212584368       -0.7285408740911883    -0.2004889015136478       -0.0000000000000000     0.0000000000000000
    -0.0000000000000000     0.0000000000000000        0.0000000000000000     0.0000000000000000       -0.2707517878940663    -0.0000000000000001
    2    2
     1.1560044854595464     0.0000000000000000       -0.1397465824793632     0.0110837128132841       -0.0000000000000000     0.0000000000000000
    -0.1397465824793631    -0.0110837128132841        1.3173699394851279     0.0000000000000000       -0.0000000000000000     0.0000000000000000
    -0.0000000000000000    -0.0000000000000000       -0.0000000000000000    -0.0000000000000000        0.3064559807359864     0.0000000000000000

     Dynamical Matrix in cartesian axes

     q = (    -0.067750677507    -0.117347615689     0.000000000000 )

    1    1
     1.1560044854595464     0.0000000000000000        0.1397465824793631    -0.0110837128132841        0.0000000000000000     0.0000000000000000
     0.1397465824793631     0.0110837128132841        1.3173699394851279    -0.0000000000000000        0.0000000000000000     0.0000000000000000
     0.0000000000000000     0.0000000000000000        0.0000000000000000    -0.0000000000000000        0.3064559807359864     0.0000000000000000
    1    2
    -0.5359628897010684    -0.5273371951414335       -0.1019210895480065     0.0549721368615138       -0.0000000000000000     0.0000000000000000
    -0.1019210895480065     0.0549721368615139       -0.1906419338506949    -0.7311793609705959       -0.0000000000000000     0.0000000000000000
     0.0000000000000000    -0.0000000000000000        0.0000000000000000    -0.0000000000000000       -0.1353758871141290    -0.2344779303812964
    2    1
    -0.5359628897010684     0.5273371951414335       -0.1019210895480065    -0.0549721368615138        0.0000000000000000     0.0000000000000000
    -0.1019210895480065    -0.0549721368615139       -0.1906419338506949     0.7311793609705959        0.0000000000000000     0.0000000000000000
     0.0000000000000000    -0.0000000000000000       -0.0000000000000000    -0.0000000000000000       -0.1353758871141290     0.2344779303812964
    2    2
     1.1560044854595464     0.0000000000000000        0.1397465824793631     0.0110837128132841       -0.0000000000000000     0.0000000000000000
     0.1397465824793631    -0.0110837128132841        1.3173699394851279     0.0000000000000000       -0.0000000000000000     0.0000000000000000
    -0.0000000000000000     0.0000000000000000       -0.0000000000000000    -0.0000000000000000        0.3064559807359864     0.0000000000000000

     Dynamical Matrix in cartesian axes

     q = (     0.067750677507     0.117347615689     0.000000000000 )

    1    1
     1.1560044854595464     0.0000000000000000        0.1397465824793631     0.0110837128132841        0.0000000000000000     0.0000000000000000
     0.1397465824793631    -0.0110837128132841        1.3173699394851279     0.0000000000000000        0.0000000000000000     0.0000000000000000
     0.0000000000000000    -0.0000000000000000        0.0000000000000000     0.0000000000000000        0.3064559807359864     0.0000000000000000
    1    2
    -0.5359628897010684     0.5273371951414335       -0.1019210895480065    -0.0549721368615138       -0.0000000000000000     0.0000000000000000
    -0.1019210895480065    -0.0549721368615139       -0.1906419338506949     0.7311793609705959       -0.0000000000000000     0.0000000000000000
     0.0000000000000000    -0.0000000000000000        0.0000000000000000    -0.0000000000000000       -0.1353758871141290     0.2344779303812964
    2    1
    -0.5359628897010684    -0.5273371951414335       -0.1019210895480065     0.0549721368615138        0.0000000000000000     0.0000000000000000
    -0.1019210895480065     0.0549721368615139       -0.1906419338506949    -0.7311793609705959        0.0000000000000000     0.0000000000000000
     0.0000000000000000    -0.0000000000000000       -0.0000000000000000    -0.0000000000000000       -0.1353758871141290    -0.2344779303812964
    2    2
     1.1560044854595464     0.0000000000000000        0.1397465824793631    -0.0110837128132841       -0.0000000000000000     0.0000000000000000
     0.1397465824793631     0.0110837128132841        1.3173699394851279    -0.0000000000000000       -0.0000000000000000     0.0000000000000000
    -0.0000000000000000    -0.0000000000000000       -0.0000000000000000     0.0000000000000000        0.3064559807359864     0.0000000000000000

     Dynamical Matrix in cartesian axes

     q = (     0.135501355014     0.000000000000     0.000000000000 )

    1    1
     1.3980526664979180     0.0000000000000000        0.0000000000000000    -0.0110837128132841        0.0000000000000000     0.0000000000000000
     0.0000000000000000     0.0110837128132841        1.0753217584467563     0.0000000000000000        0.0000000000000000     0.0000000000000000
     0.0000000000000000     0.0000000000000000        0.0000000000000000     0.0000000000000000        0.3064559807359864     0.0000000000000000
    1    2
    -0.3652384255432506     0.6326115524909192       -0.2004889048867774    -0.1157523154160044        0.0000000000000000     0.0000000000000000
    -0.2004889048867773    -0.1157523154160044       -0.3613663980085130     0.6259050036211101       -0.0000000000000000    -0.0000000000000000
     0.0000000000000000     0.0000000000000000        0.0000000000000000     0.0000000000000000       -0.1353758871141291     0.2344779303812964
    2    1
    -0.3652384255432506    -0.6326115524909192       -0.2004889048867774     0.1157523154160044        0.0000000000000000     0.0000000000000000
    -0.2004889048867773     0.1157523154160044       -0.3613663980085130    -0.6259050036211101        0.0000000000000000    -0.0000000000000000
    -0.0000000000000000     0.0000000000000000       -0.0000000000000000     0.0000000000000000       -0.1353758871141291    -0.2344779303812964
    2    2
     1.3980526664979180     0.0000000000000000        0.0000000000000000     0.0110837128132841        0.0000000000000000     0.0000000000000000
     0.0000000000000000    -0.0110837128132841        1.0753217584467563    -0.0000000000000000       -0.0000000000000000     0.0000000000000000
     0.0000000000000000     0.0000000000000000       -0.0000000000000000     0.0000000000000000        0.3064559807359864     0.0000000000000000

     Dynamical Matrix in cartesian axes

     q = (    -0.135501355014     0.000000000000     0.000000000000 )

    1    1
     1.3980526664979180     0.0000000000000000        0.0000000000000000     0.0110837128132841        0.0000000000000000     0.0000000000000000
     0.0000000000000000    -0.0110837128132841        1.0753217584467563    -0.0000000000000000        0.0000000000000000     0.0000000000000000
     0.0000000000000000     0.0000000000000000        0.0000000000000000    -0.0000000000000000        0.3064559807359864     0.0000000000000000
    1    2
    -0.3652384255432506    -0.6326115524909190       -0.2004889048867773     0.1157523154160044        0.0000000000000000     0.0000000000000000
    -0.2004889048867774     0.1157523154160044       -0.3613663980085130    -0.6259050036211102       -0.0000000000000000     0.0000000000000000
     0.0000000000000000    -0.0000000000000000        0.0000000000000000     0.0000000000000000       -0.1353758871141291    -0.2344779303812964
    2    1
    -0.3652384255432506     0.6326115524909190       -0.2004889048867773    -0.1157523154160044       -0.0000000000000000     0.0000000000000000
    -0.2004889048867774    -0.1157523154160044       -0.3613663980085130     0.6259050036211102        0.0000000000000000     0.0000000000000000
    -0.0000000000000000    -0.0000000000000000       -0.0000000000000000     0.0000000000000000       -0.1353758871141291     0.2344779303812964
    2    2
     1.3980526664979180     0.0000000000000000        0.0000000000000000    -0.0110837128132841        0.0000000000000000     0.0000000000000000
     0.0000000000000000     0.0110837128132841        1.0753217584467563     0.0000000000000000       -0.0000000000000000     0.0000000000000000
     0.0000000000000000     0.0000000000000000       -0.0000000000000000    -0.0000000000000000        0.3064559807359864     0.0000000000000000

     Diagonalizing the dynamical matrix

     q = (     0.067750677507    -0.117347615689     0.000000000000 )

***************************************************************************
   freq (    1) =     5.94128301 [THz] =   198.17984085 [cm-1]
(  -0.000000  0.000000  -0.000000 -0.000000  -0.702408 -0.081385 )
(  -0.000000 -0.000000   0.000000  0.000000  -0.702408 -0.081385 )
   freq (    2) =    17.78805214 [THz] =   593.34546671 [cm-1]
(  -0.608754  0.000000  -0.343082 -0.108228   0.000000 -0.000000 )
(  -0.601495 -0.093728  -0.355655  0.054114   0.000000  0.000000 )
   freq (    3) =    23.88838085 [THz] =   796.83050055 [cm-1]
(  -0.000000  0.000000   0.000000  0.000000   0.665552  0.238833 )
(  -0.000000 -0.000000   0.000000  0.000000  -0.665552 -0.238833 )
   freq (    4) =    24.87991364 [THz] =   829.90446952 [cm-1]
(  -0.365433  0.000000   0.551980  0.248549  -0.000000 -0.000000 )
(  -0.295312 -0.215250   0.592464  0.124275   0.000000  0.000000 )
   freq (    5) =    42.64537504 [THz] =  1422.49639038 [cm-1]
(  -0.605358  0.000000  -0.333211 -0.150041  -0.000000  0.000000 )
(   0.591248  0.129939   0.357650 -0.075020  -0.000000 -0.000000 )
   freq (    6) =    46.22267399 [THz] =  1541.82222216 [cm-1]
(  -0.359748  0.000000   0.580552  0.183140  -0.000000 -0.000000 )
(   0.322899  0.158604  -0.601827 -0.091570   0.000000  0.000000 )
***************************************************************************
