Dynamical matrix file
File generated with the CellConstructor by Lorenzo Monacelli
1 2 0     1.8897259890000000     0.0000000000000000     0.0000000000000000     0.0000000000000000     0.0000000000000000     0.0000000000000000
Basis vectors
    2.4600000000000000     0.0000000000000000     0.0000000000000000
   -1.2300000000000000     2.1304224933097187     0.0000000000000000
    0.0000000000000000     0.0000000000000000    15.0000000000000000
	1  'C '  10947.3571678344233078
    1     1     0.0000000000000000    -0.0000000000000002     7.4999999999999982
    2     1     1.2299999999999998     0.7101408311032394     7.4999999999999982

     Dynamical Matrix in cartesian axes

     q = (    -0.203252032520     0.117347615689     0.000000000000 )

    1    1
     1.4414526688029743     0.0000000000000000       -0.2378357581968059     0.0000000000000000       -0.0000000000000000     0.0000000000000000
    -0.2378357581968058     0.0000000000000000        1.1668235907672857     0.0000000000000000        0.0000000000000000     0.0000000000000000
     0.0000000000000000     0.0000000000000000        0.0000000000000000     0.0000000000000000        0.2775551186803973     0.0000000000000000
    1    2
    -0.1649567462828114     0.0000000000000000       -0.2979528290281953     0.0000000000000000        0.0000000000000000     0.0000000000000000
    -0.2979528290281953     0.0000000000000000       -0.5090030383732898     0.0000000000000000       -0.0000000000000000     0.0000000000000000
    -0.0000000000000000     0.0000000000000000        0.0000000000000000     0.0000000000000000       -0.0803127852504320     0.0000000000000000
    2    1
    -0.1649567462828114     0.0000000000000000       -0.2979528290281953     0.0000000000000000       -0.0000000000000000     0.0000000000000000
    -0.2979528290281953     0.0000000000000000       -0.5090030383732898     0.0000000000000000        0.0000000000000000     0.0000000000000000
     0.0000000000000000     0.0000000000000000        0.0000000000000000     0.0000000000000000       -0.0803127852504320     0.0000000000000000
    2    2
     1.4414526688029743     0.0000000000000000       -0.2378357581968059     0.0000000000000000        0.0000000000000000     0.0000000000000000
    -0.2378357581968058     0.0000000000000000        1.1668235907672857     0.0000000000000000        0.0000000000000000     0.0000000000000000
     0.0000000000000000     0.0000000000000000       -0.0000000000000000     0.0000000000000000        0.2775551186803973     0.0000000000000000

     Dynamical Matrix in cartesian axes

     q = (     0.203252032520     0.117347615689     0.000000000000 )

    1    1
     1.4414526688029743     0.0000000000000000        0.2378357581968059     0.0000000000000000       -0.0000000000000000     0.0000000000000000
     0.2378357581968059     0.0000000000000000        1.1668235907672853     0.0000000000000000       -0.0000000000000000     0.0000000000000000
    -0.0000000000000000     0.0000000000000000        0.0000000000000000     0.0000000000000000        0.2775551186803973     0.0000000000000000
    1    2
     0.1649567462828112     0.0000000000000000       -0.2979528290281950     0.0000000000000000       -0.0000000000000000     0.0000000000000000
    -0.2979528290281949     0.0000000000000000        0.5090030383732891     0.0000000000000000        0.0000000000000000     0.0000000000000000
     0.0000000000000000     0.0000000000000000       -0.0000000000000000     0.0000000000000000        0.0803127852504319     0.0000000000000000
    2    1
     0.1649567462828112     0.0000000000000000       -0.2979528290281950     0.0000000000000000        0.0000000000000000     0.0000000000000000
    -0.2979528290281949     0.0000000000000000        0.5090030383732891     0.0000000000000000       -0.0000000000000000     0.0000000000000000
    -0.0000000000000000     0.0000000000000000        0.0000000000000000     0.0000000000000000        0.0803127852504319     0.0000000000000000
    2    2
     1.4414526688029743     0.0000000000000000        0.2378357581968059     0.0000000000000000        0.0000000000000000     0.0000000000000000
     0.2378357581968059     0.0000000000000000        1.1668235907672853     0.0000000000000000        0.0000000000000000     0.0000000000000000
     0.0000000000000000     0.0000000000000000       -0.0000000000000000     0.0000000000000000        0.2775551186803973     0.0000000000000000

     Dynamical Matrix in cartesian axes

     q = (     0.000000000000     0.234695231378     0.000000000000 )

    1    1
     1.0295090517494403     0.0000000000000000       -0.0000000000000000     0.0000000000000000        0.0000000000000000     0.0000000000000000
    -0.0000000000000000     0.0000000000000000        1.5787672078208197     0.0000000000000000       -0.0000000000000000     0.0000000000000000
     0.0000000000000000     0.0000000000000000        0.0000000000000000     0.0000000000000000        0.2775551186803973     0.0000000000000000
    1    2
    -0.6810261844185286     0.0000000000000000       -0.0000000000000000     0.0000000000000000        0.0000000000000000     0.0000000000000000
    -0.0000000000000000     0.0000000000000000        0.0070663997624276     0.0000000000000000        0.0000000000000000     0.0000000000000000
    -0.0000000000000000     0.0000000000000000       -0.0000000000000000     0.0000000000000000       -0.0803127852504320     0.0000000000000000
    2    1
    -0.6810261844185286     0.0000000000000000       -0.0000000000000000     0.0000000000000000       -0.0000000000000000     0.0000000000000000
    -0.0000000000000000     0.0000000000000000        0.0070663997624276     0.0000000000000000       -0.0000000000000000     0.0000000000000000
     0.0000000000000000     0.0000000000000000        0.0000000000000000     0.0000000000000000       -0.0803127852504320     0.0000000000000000
    2    2
     1.0295090517494403     0.0000000000000000       -0.0000000000000000     0.0000000000000000       -0.0000000000000000     0.0000000000000000
    -0.0000000000000000     0.0000000000000000        1.5787672078208197     0.0000000000000000        0.0000000000000000     0.0000000000000000
    -0.0000000000000000     0.0000000000000000       -0.0000000000000000     0.0000000000000000        0.2775551186803973     0.0000000000000000

     Diagonalizing the dynamical matrix

     q = (    -0.203252032520     0.117347615689     0.000000000000 )

***************************************************************************
   freq (    1) =    13.96434907 [THz] =   465.80047966 [cm-1]
(   0.000000  0.000000   0.000000  0.000000   0.707107  0.000000 )
(  -0.000000  0.000000   0.000000  0.000000   0.707107  0.000000 )
   freq (    2) =    18.56142635 [THz] =   619.14244988 [cm-1]
(   0.353553  0.000000   0.612372  0.000000   0.000000  0.000000 )
(   0.353553  0.000000   0.612372  0.000000  -0.000000  0.000000 )
   freq (    3) =    18.80970591 [THz] =   627.42416354 [cm-1]
(   0.000000  0.000000   0.000000  0.000000  -0.707107  0.000000 )
(   0.000000  0.000000   0.000000  0.000000   0.707107  0.000000 )
   freq (    4) =    39.41899693 [THz] =  1314.87601626 [cm-1]
(  -0.612372  0.000000   0.353553  0.000000   0.000000  0.000000 )
(   0.612372  0.000000  -0.353553  0.000000  -0.000000  0.000000 )
   freq (    5) =    39.59582893 [THz] =  1320.77449621 [cm-1]
(   0.612372  0.000000  -0.353553  0.000000   0.000000  0.000000 )
(   0.612372  0.000000  -0.353553  0.000000  -0.000000  0.000000 )
   freq (    6) =    41.12317549 [THz] =  1371.72128611 [cm-1]
(  -0.353553  0.000000  -0.612372  0.000000   0.000000  0.000000 )
(   0.353553  0.000000   0.612372  0.000000  -0.000000  0.000000 )
***************************************************************************
