Dynamical matrix file
File generated with the CellConstructor by Lorenzo Monacelli
1 2 0     1.8897259890000000     0.0000000000000000     0.0000000000000000     0.0000000000000000     0.0000000000000000     0.0000000000000000
Basis vectors
    2.4600000000000000     0.0000000000000000     0.0000000000000000
   -1.2300000000000000     2.1304224933097187     0.0000000000000000
    0.0000000000000000     0.0000000000000000    15.0000000000000000
	1  'C '  10947.3571678344233078
    1     1     0.0000000000000000    -0.0000000000000002     7.4999999999999982
    2     1     1.2299999999999998     0.7101408311032394     7.4999999999999982

     Dynamical Matrix in cartesian axes

     q = (     0.067750677507     0.195579359482     0.000000000000 )

    1    1
     1.1094280503747536     0.0000000000000000        0.0596845977554225     0.0214519942168634        0.0000000000000000     0.0000000000000000
     0.0596845977554225    -0.0214519942168634        1.4518591508326768    -0.0000000000000000        0.0000000000000000     0.0000000000000000
     0.0000000000000000     0.0000000000000000        0.0000000000000000     0.0000000000000000        0.2735124043107615     0.0000000000000000
    1    2
    -0.4324103438902942     0.3428317591363892       -0.0616306003927342    -0.0496096945227508        0.0000000000000000     0.0000000000000000
    -0.0616306003927342    -0.0496096945227508        0.1044872274643519     0.2621102307736663        0.0000000000000000     0.0000000000000000
     0.0000000000000000     0.0000000000000000        0.0000000000000000     0.0000000000000000       -0.0418261386909094     0.1205668959892573
    2    1
    -0.4324103438902942    -0.3428317591363892       -0.0616306003927342     0.0496096945227508        0.0000000000000000     0.0000000000000000
    -0.0616306003927342     0.0496096945227508        0.1044872274643519    -0.2621102307736663        0.0000000000000000     0.0000000000000000
     0.0000000000000000     0.0000000000000000        0.0000000000000000     0.0000000000000000       -0.0418261386909094    -0.1205668959892573
    2    2
     1.1094280503747536    -0.0000000000000000        0.0596845977554225    -0.0214519942168634        0.0000000000000000     0.0000000000000000
     0.0596845977554225     0.0214519942168634        1.4518591508326768     0.0000000000000000        0.0000000000000000     0.0000000000000000
     0.0000000000000000     0.0000000000000000        0.0000000000000000     0.0000000000000000        0.2735124043107615     0.0000000000000000

     Dynamical Matrix in cartesian axes

     q = (    -0.067750677507    -0.195579359482     0.000000000000 )

    1    1
     1.1094280503747536    -0.0000000000000000        0.0596845977554225    -0.0214519942168634        0.0000000000000000     0.0000000000000000
     0.0596845977554225     0.0214519942168634        1.4518591508326768     0.0000000000000000        0.0000000000000000     0.0000000000000000
     0.0000000000000000     0.0000000000000000        0.0000000000000000     0.0000000000000000        0.2735124043107615     0.0000000000000000
    1    2
    -0.4324103438902942    -0.3428317591363892       -0.0616306003927342     0.0496096945227508        0.0000000000000000     0.0000000000000000
    -0.0616306003927342     0.0496096945227508        0.1044872274643519    -0.2621102307736663        0.0000000000000000     0.0000000000000000
     0.0000000000000000     0.0000000000000000        0.0000000000000000     0.0000000000000000       -0.0418261386909094    -0.1205668959892573
    2    1
    -0.4324103438902942     0.3428317591363892       -0.0616306003927342    -0.0496096945227508        0.0000000000000000     0.0000000000000000
    -0.0616306003927342    -0.0496096945227508        0.1044872274643519     0.2621102307736663        0.0000000000000000     0.0000000000000000
     0.0000000000000000     0.0000000000000000        0.0000000000000000     0.0000000000000000       -0.0418261386909094     0.1205668959892573
    2    2
     1.1094280503747536     0.0000000000000000        0.0596845977554225     0.0214519942168634        0.0000000000000000     0.0000000000000000
     0.0596845977554225    -0.0214519942168634        1.4518591508326768    -0.0000000000000000        0.0000000000000000     0.0000000000000000
     0.0000000000000000     0.0000000000000000        0.0000000000000000     0.0000000000000000        0.2735124043107615     0.0000000000000000

     Dynamical Matrix in cartesian axes

     q = (    -0.067750677507     0.195579359482     0.000000000000 )

    1    1
     1.1094280503747536     0.0000000000000000       -0.0596845977554225    -0.0214519942168634        0.0000000000000000     0.0000000000000000
    -0.0596845977554225     0.0214519942168634        1.4518591508326768    -0.0000000000000000        0.0000000000000000     0.0000000000000000
     0.0000000000000000     0.0000000000000000        0.0000000000000000     0.0000000000000000        0.2735124043107615     0.0000000000000000
    1    2
    -0.5131061786639395    -0.2030624780523549       -0.0121479578125151     0.0781785124979677        0.0000000000000000     0.0000000000000000
    -0.0121479578125151     0.0781785124979677       -0.1747505111656096     0.2215437036495732        0.0000000000000000     0.0000000000000000
     0.0000000000000000     0.0000000000000000        0.0000000000000000     0.0000000000000000       -0.1253270648287459     0.0240609456939431
    2    1
    -0.5131061786639395     0.2030624780523549       -0.0121479578125151    -0.0781785124979677        0.0000000000000000     0.0000000000000000
    -0.0121479578125151    -0.0781785124979677       -0.1747505111656096    -0.2215437036495732        0.0000000000000000     0.0000000000000000
     0.0000000000000000     0.0000000000000000        0.0000000000000000     0.0000000000000000       -0.1253270648287459    -0.0240609456939431
    2    2
     1.1094280503747536    -0.0000000000000000       -0.0596845977554225     0.0214519942168634        0.0000000000000000     0.0000000000000000
    -0.0596845977554225    -0.0214519942168634        1.4518591508326768     0.0000000000000000        0.0000000000000000     0.0000000000000000
     0.0000000000000000     0.0000000000000000        0.0000000000000000     0.0000000000000000        0.2735124043107615     0.0000000000000000

     Dynamical Matrix in cartesian axes

     q = (     0.067750677507    -0.195579359482     0.000000000000 )

    1    1
     1.1094280503747536    -0.0000000000000000       -0.0596845977554225     0.0214519942168634        0.0000000000000000     0.0000000000000000
    -0.0596845977554225    -0.0214519942168634        1.4518591508326768     0.0000000000000000        0.0000000000000000     0.0000000000000000
     0.0000000000000000     0.0000000000000000        0.0000000000000000     0.0000000000000000        0.2735124043107615     0.0000000000000000
    1    2
    -0.5131061786639394     0.2030624780523549       -0.0121479578125151    -0.0781785124979677        0.0000000000000000     0.0000000000000000
    -0.0121479578125151    -0.0781785124979677       -0.1747505111656096    -0.2215437036495732        0.0000000000000000     0.0000000000000000
     0.0000000000000000     0.0000000000000000        0.0000000000000000     0.0000000000000000       -0.1253270648287459    -0.0240609456939431
    2    1
    -0.5131061786639394    -0.2030624780523549       -0.0121479578125151     0.0781785124979677        0.0000000000000000     0.0000000000000000
    -0.0121479578125151     0.0781785124979677       -0.1747505111656096     0.2215437036495732        0.0000000000000000     0.0000000000000000
     0.0000000000000000     0.0000000000000000        0.0000000000000000     0.0000000000000000       -0.1253270648287459     0.0240609456939431
    2    2
     1.1094280503747536     0.0000000000000000       -0.0596845977554225    -0.0214519942168634        0.0000000000000000     0.0000000000000000
    -0.0596845977554225     0.0214519942168634        1.4518591508326768    -0.0000000000000000        0.0000000000000000     0.0000000000000000
     0.0000000000000000     0.0000000000000000        0.0000000000000000     0.0000000000000000        0.2735124043107615     0.0000000000000000

     Dynamical Matrix in cartesian axes

     q = (    -0.135501355014     0.156463487585     0.000000000000 )

    1    1
     1.3145629978473443     0.0000000000000000       -0.1781193148989223    -0.0214519942168634        0.0000000000000000     0.0000000000000000
    -0.1781193148989223     0.0214519942168634        1.2467242033600863    -0.0000000000000000        0.0000000000000000     0.0000000000000000
     0.0000000000000000     0.0000000000000000        0.0000000000000000     0.0000000000000000        0.2735124043107615     0.0000000000000000
    1    2
    -0.2698598681099319    -0.1830967360774103       -0.1525862806902546     0.1447706137299067        0.0000000000000000     0.0000000000000000
    -0.1525862806902546     0.1447706137299067       -0.4179968217196173     0.1646155104801924        0.0000000000000000     0.0000000000000000
     0.0000000000000000     0.0000000000000000        0.0000000000000000     0.0000000000000000       -0.1253270648287459    -0.0240609456939431
    2    1
    -0.2698598681099319     0.1830967360774103       -0.1525862806902546    -0.1447706137299067        0.0000000000000000     0.0000000000000000
    -0.1525862806902546    -0.1447706137299067       -0.4179968217196173    -0.1646155104801924        0.0000000000000000     0.0000000000000000
     0.0000000000000000     0.0000000000000000        0.0000000000000000     0.0000000000000000       -0.1253270648287459     0.0240609456939431
    2    2
     1.3145629978473443    -0.0000000000000000       -0.1781193148989223     0.0214519942168634        0.0000000000000000     0.0000000000000000
    -0.1781193148989223    -0.0214519942168634        1.2467242033600863     0.0000000000000000        0.0000000000000000     0.0000000000000000
     0.0000000000000000     0.0000000000000000        0.0000000000000000     0.0000000000000000        0.2735124043107615     0.0000000000000000

     Dynamical Matrix in cartesian axes

     q = (     0.203252032520     0.039115871896     0.000000000000 )

    1    1
     1.4179397535890470    -0.0000000000000000        0.1184347171434998    -0.0214519942168634        0.0000000000000000     0.0000000000000000
     0.1184347171434999     0.0214519942168634        1.1433474476183831     0.0000000000000000        0.0000000000000000     0.0000000000000000
     0.0000000000000000     0.0000000000000000        0.0000000000000000     0.0000000000000000        0.2735124043107615     0.0000000000000000
    1    2
     0.0831108518875672     0.2393273498678782       -0.2632987690952308    -0.0101485768175265        0.0000000000000000     0.0000000000000000
    -0.2632987690952309    -0.0101485768175265        0.2448123174240843     0.3656146113742246        0.0000000000000000     0.0000000000000000
     0.0000000000000000     0.0000000000000000        0.0000000000000000     0.0000000000000000        0.0418261492312024     0.1205668923326995
    2    1
     0.0831108518875672    -0.2393273498678782       -0.2632987690952308     0.0101485768175265        0.0000000000000000     0.0000000000000000
    -0.2632987690952309     0.0101485768175265        0.2448123174240843    -0.3656146113742246        0.0000000000000000     0.0000000000000000
     0.0000000000000000     0.0000000000000000        0.0000000000000000     0.0000000000000000        0.0418261492312024    -0.1205668923326995
    2    2
     1.4179397535890470     0.0000000000000000        0.1184347171434998     0.0214519942168634        0.0000000000000000     0.0000000000000000
     0.1184347171434999    -0.0214519942168634        1.1433474476183831    -0.0000000000000000        0.0000000000000000     0.0000000000000000
     0.0000000000000000     0.0000000000000000        0.0000000000000000     0.0000000000000000        0.2735124043107615     0.0000000000000000

     Dynamical Matrix in cartesian axes

     q = (    -0.203252032520    -0.039115871896     0.000000000000 )

    1    1
     1.4179397535890470     0.0000000000000000        0.1184347171434998     0.0214519942168634        0.0000000000000000     0.0000000000000000
     0.1184347171434999    -0.0214519942168634        1.1433474476183831    -0.0000000000000000        0.0000000000000000     0.0000000000000000
     0.0000000000000000     0.0000000000000000        0.0000000000000000     0.0000000000000000        0.2735124043107615     0.0000000000000000
    1    2
     0.0831108518875672    -0.2393273498678783       -0.2632987690952309     0.0101485768175265        0.0000000000000000     0.0000000000000000
    -0.2632987690952309     0.0101485768175265        0.2448123174240843    -0.3656146113742246        0.0000000000000000     0.0000000000000000
     0.0000000000000000     0.0000000000000000        0.0000000000000000     0.0000000000000000        0.0418261492312024    -0.1205668923326995
    2    1
     0.0831108518875672     0.2393273498678783       -0.2632987690952309    -0.0101485768175265        0.0000000000000000     0.0000000000000000
    -0.2632987690952309    -0.0101485768175265        0.2448123174240843     0.3656146113742246        0.0000000000000000     0.0000000000000000
     0.0000000000000000     0.0000000000000000        0.0000000000000000     0.0000000000000000        0.0418261492312024     0.1205668923326995
    2    2
     1.4179397535890470    -0.0000000000000000        0.1184347171434998    -0.0214519942168634        0.0000000000000000     0.0000000000000000
     0.1184347171434999     0.0214519942168634        1.1433474476183831     0.0000000000000000        0.0000000000000000     0.0000000000000000
     0.0000000000000000     0.0000000000000000        0.0000000000000000     0.0000000000000000        0.2735124043107615     0.0000000000000000

     Dynamical Matrix in cartesian axes

     q = (     0.135501355014    -0.156463487585     0.000000000000 )

    1    1
     1.3145629978473443    -0.0000000000000000       -0.1781193148989223     0.0214519942168634        0.0000000000000000     0.0000000000000000
    -0.1781193148989223    -0.0214519942168634        1.2467242033600863     0.0000000000000000        0.0000000000000000     0.0000000000000000
     0.0000000000000000     0.0000000000000000        0.0000000000000000     0.0000000000000000        0.2735124043107615     0.0000000000000000
    1    2
    -0.2698598681099319     0.1830967360774103       -0.1525862806902547    -0.1447706137299067        0.0000000000000000     0.0000000000000000
    -0.1525862806902546    -0.1447706137299067       -0.4179968217196173    -0.1646155104801924        0.0000000000000000     0.0000000000000000
     0.0000000000000000     0.0000000000000000        0.0000000000000000     0.0000000000000000       -0.1253270648287459     0.0240609456939431
    2    1
    -0.2698598681099319    -0.1830967360774103       -0.1525862806902547     0.1447706137299067        0.0000000000000000     0.0000000000000000
    -0.1525862806902546     0.1447706137299067       -0.4179968217196173     0.1646155104801924        0.0000000000000000     0.0000000000000000
     0.0000000000000000     0.0000000000000000        0.0000000000000000     0.0000000000000000       -0.1253270648287459    -0.0240609456939431
    2    2
     1.3145629978473443     0.0000000000000000       -0.1781193148989223    -0.0214519942168634        0.0000000000000000     0.0000000000000000
    -0.1781193148989223     0.0214519942168634        1.2467242033600863    -0.0000000000000000        0.0000000000000000     0.0000000000000000
     0.0000000000000000     0.0000000000000000        0.0000000000000000     0.0000000000000000        0.2735124043107615     0.0000000000000000

     Dynamical Matrix in cartesian axes

     q = (    -0.135501355014    -0.156463487585     0.000000000000 )

    1    1
     1.3145629978473443    -0.0000000000000000        0.1781193148989224    -0.0214519942168634        0.0000000000000000     0.0000000000000000
     0.1781193148989223     0.0214519942168634        1.2467242033600863     0.0000000000000000        0.0000000000000000     0.0000000000000000
     0.0000000000000000     0.0000000000000000        0.0000000000000000     0.0000000000000000        0.2735124043107615     0.0000000000000000
    1    2
    -0.0236364717816879    -0.3252538706614022       -0.2016681730395143     0.0597582767281955        0.0000000000000000     0.0000000000000000
    -0.2016681730395142     0.0597582767281955        0.3515596410933395    -0.2796880905807007        0.0000000000000000     0.0000000000000000
     0.0000000000000000     0.0000000000000000        0.0000000000000000     0.0000000000000000        0.0418261492312024    -0.1205668923326995
    2    1
    -0.0236364717816879     0.3252538706614022       -0.2016681730395143    -0.0597582767281955        0.0000000000000000     0.0000000000000000
    -0.2016681730395142    -0.0597582767281955        0.3515596410933395     0.2796880905807007        0.0000000000000000     0.0000000000000000
     0.0000000000000000     0.0000000000000000        0.0000000000000000     0.0000000000000000        0.0418261492312024     0.1205668923326995
    2    2
     1.3145629978473443     0.0000000000000000        0.1781193148989224     0.0214519942168634        0.0000000000000000     0.0000000000000000
     0.1781193148989223    -0.0214519942168634        1.2467242033600863    -0.0000000000000000        0.0000000000000000     0.0000000000000000
     0.0000000000000000     0.0000000000000000        0.0000000000000000     0.0000000000000000        0.2735124043107615     0.0000000000000000

     Dynamical Matrix in cartesian axes

     q = (     0.203252032520    -0.039115871896     0.000000000000 )

    1    1
     1.4179397535890470     0.0000000000000000       -0.1184347171434999    -0.0214519942168634        0.0000000000000000     0.0000000000000000
    -0.1184347171434999     0.0214519942168634        1.1433474476183834     0.0000000000000000        0.0000000000000000     0.0000000000000000
     0.0000000000000000     0.0000000000000000        0.0000000000000000     0.0000000000000000        0.2735124043107615     0.0000000000000000
    1    2
    -0.0831108309649048     0.2393273571336590       -0.2632987682080130     0.0101485998358367        0.0000000000000000     0.0000000000000000
    -0.2632987682080131     0.0101485998358367       -0.2448122854610379     0.3656146327763964        0.0000000000000000     0.0000000000000000
     0.0000000000000000     0.0000000000000000        0.0000000000000000     0.0000000000000000       -0.0418261386909094     0.1205668959892573
    2    1
    -0.0831108309649048    -0.2393273571336590       -0.2632987682080130    -0.0101485998358367        0.0000000000000000     0.0000000000000000
    -0.2632987682080131    -0.0101485998358367       -0.2448122854610379    -0.3656146327763964        0.0000000000000000     0.0000000000000000
     0.0000000000000000     0.0000000000000000        0.0000000000000000     0.0000000000000000       -0.0418261386909094    -0.1205668959892573
    2    2
     1.4179397535890470    -0.0000000000000000       -0.1184347171434999     0.0214519942168634        0.0000000000000000     0.0000000000000000
    -0.1184347171434999    -0.0214519942168634        1.1433474476183834    -0.0000000000000000        0.0000000000000000     0.0000000000000000
     0.0000000000000000     0.0000000000000000        0.0000000000000000     0.0000000000000000        0.2735124043107615     0.0000000000000000

     Dynamical Matrix in cartesian axes

     q = (    -0.203252032520     0.039115871896     0.000000000000 )

    1    1
     1.4179397535890470    -0.0000000000000000       -0.1184347171434999     0.0214519942168634        0.0000000000000000     0.0000000000000000
    -0.1184347171434999    -0.0214519942168634        1.1433474476183834    -0.0000000000000000        0.0000000000000000     0.0000000000000000
     0.0000000000000000     0.0000000000000000        0.0000000000000000     0.0000000000000000        0.2735124043107615     0.0000000000000000
    1    2
    -0.0831108309649048    -0.2393273571336590       -0.2632987682080130    -0.0101485998358367        0.0000000000000000     0.0000000000000000
    -0.2632987682080131    -0.0101485998358366       -0.2448122854610378    -0.3656146327763965        0.0000000000000000     0.0000000000000000
     0.0000000000000000     0.0000000000000000        0.0000000000000000     0.0000000000000000       -0.0418261386909094    -0.1205668959892573
    2    1
    -0.0831108309649048     0.2393273571336590       -0.2632987682080130     0.0101485998358367        0.0000000000000000     0.0000000000000000
    -0.2632987682080131     0.0101485998358366       -0.2448122854610378     0.3656146327763965        0.0000000000000000     0.0000000000000000
     0.0000000000000000     0.0000000000000000        0.0000000000000000     0.0000000000000000       -0.0418261386909094     0.1205668959892573
    2    2
     1.4179397535890470     0.0000000000000000       -0.1184347171434999    -0.0214519942168634        0.0000000000000000     0.0000000000000000
    -0.1184347171434999     0.0214519942168634        1.1433474476183834     0.0000000000000000        0.0000000000000000     0.0000000000000000
     0.0000000000000000     0.0000000000000000        0.0000000000000000     0.0000000000000000        0.2735124043107615     0.0000000000000000

     Dynamical Matrix in cartesian axes

     q = (     0.135501355014     0.156463487585     0.000000000000 )

    1    1
     1.3145629978473443     0.0000000000000000        0.1781193148989224     0.0214519942168634        0.0000000000000000     0.0000000000000000
     0.1781193148989223    -0.0214519942168634        1.2467242033600863    -0.0000000000000000        0.0000000000000000     0.0000000000000000
     0.0000000000000000     0.0000000000000000        0.0000000000000000     0.0000000000000000        0.2735124043107615     0.0000000000000000
    1    2
    -0.0236364717816879     0.3252538706614022       -0.2016681730395143    -0.0597582767281954        0.0000000000000000     0.0000000000000000
    -0.2016681730395142    -0.0597582767281955        0.3515596410933395     0.2796880905807006        0.0000000000000000     0.0000000000000000
     0.0000000000000000     0.0000000000000000        0.0000000000000000     0.0000000000000000        0.0418261492312024     0.1205668923326995
    2    1
    -0.0236364717816879    -0.3252538706614022       -0.2016681730395143     0.0597582767281954        0.0000000000000000     0.0000000000000000
    -0.2016681730395142     0.0597582767281955        0.3515596410933395    -0.2796880905807006        0.0000000000000000     0.0000000000000000
     0.0000000000000000     0.0000000000000000        0.0000000000000000     0.0000000000000000        0.0418261492312024    -0.1205668923326995
    2    2
     1.3145629978473443    -0.0000000000000000        0.1781193148989224    -0.0214519942168634        0.0000000000000000     0.0000000000000000
     0.1781193148989223     0.0214519942168634        1.2467242033600863     0.0000000000000000        0.0000000000000000     0.0000000000000000
     0.0000000000000000     0.0000000000000000        0.0000000000000000     0.0000000000000000        0.2735124043107615     0.0000000000000000

     Diagonalizing the dynamical matrix

     q = (     0.067750677507     0.195579359482     0.000000000000 )

***************************************************************************
   freq (    1) =    12.01000436 [THz] =   400.61056640 [cm-1]
(  -0.000000  0.000000  -0.000000 -0.000000   0.545781 -0.449580 )
(  -0.000000 -0.000000  -0.000000 -0.000000   0.603628  0.368285 )
   freq (    2) =    19.91417188 [THz] =   664.26517749 [cm-1]
(   0.000000  0.000000  -0.000000 -0.000000   0.527387 -0.471024 )
(   0.000000  0.000000   0.000000 -0.000000  -0.617858 -0.343878 )
   freq (    3) =    23.13304766 [THz] =   771.63530092 [cm-1]
(   0.698629  0.000000  -0.065955  0.086994   0.000000 -0.000000 )
(   0.535726  0.448418   0.005262 -0.109043   0.000000  0.000000 )
   freq (    4) =    33.96860842 [THz] =  1133.07065125 [cm-1]
(   0.163712  0.000000   0.038804 -0.686799   0.000000  0.000000 )
(   0.075872 -0.145069   0.626572  0.283911  -0.000000 -0.000000 )
   freq (    5) =    40.58262686 [THz] =  1353.69052737 [cm-1]
(  -0.643842  0.000000   0.146161 -0.253190  -0.000000  0.000000 )
(   0.500485  0.405026   0.045659 -0.288762  -0.000000 -0.000000 )
   freq (    6) =    41.57480075 [THz] =  1386.78588115 [cm-1]
(  -0.265678  0.000000  -0.503730  0.419132   0.000000 -0.000000 )
(   0.242631  0.108235   0.289282  0.587989   0.000000 -0.000000 )
***************************************************************************
