Dynamical matrix file
File generated with the CellConstructor by Lorenzo Monacelli
1 2 0     1.8897259890000000     0.0000000000000000     0.0000000000000000     0.0000000000000000     0.0000000000000000     0.0000000000000000
Basis vectors
    2.4600000000000000     0.0000000000000000     0.0000000000000000
   -1.2300000000000000     2.1304224933097187     0.0000000000000000
    0.0000000000000000     0.0000000000000000    15.0000000000000000
	1  'C '  10947.3571678344233078
    1     1     0.0000000000000000    -0.0000000000000002     7.4999999999999982
    2     1     1.2299999999999998     0.7101408311032394     7.4999999999999982

     Dynamical Matrix in cartesian axes

     q = (    -0.271002710027     0.000000000000     0.000000000000 )

    1    1
     1.2459419912130567     0.0000000000000000        0.0000000000000001     0.0512036413646386        0.0000000000000000     0.0000000000000000
     0.0000000000000001    -0.0512036413646386        1.2459419912130572     0.0000000000000000        0.0000000000000000     0.0000000000000000
     0.0000000000000000     0.0000000000000000        0.0000000000000000     0.0000000000000000        0.2569587976651762     0.0000000000000000
    1    2
    -0.0723482300050293     0.1253107933400359       -0.1253107933400359    -0.0723482300050293        0.0000000000000000     0.0000000000000000
    -0.1253107933400359    -0.0723482300050293        0.0723482300050293    -0.1253107933400359        0.0000000000000000     0.0000000000000000
     0.0000000000000000     0.0000000000000000        0.0000000000000000     0.0000000000000000        0.0000000000000000    -0.0000000000000000
    2    1
    -0.0723482300050293    -0.1253107933400359       -0.1253107933400359     0.0723482300050293        0.0000000000000000     0.0000000000000000
    -0.1253107933400359     0.0723482300050293        0.0723482300050293     0.1253107933400359        0.0000000000000000     0.0000000000000000
     0.0000000000000000     0.0000000000000000        0.0000000000000000     0.0000000000000000        0.0000000000000000     0.0000000000000000
    2    2
     1.2459419912130567     0.0000000000000000        0.0000000000000001    -0.0512036413646386        0.0000000000000000     0.0000000000000000
     0.0000000000000001     0.0512036413646386        1.2459419912130572     0.0000000000000000        0.0000000000000000     0.0000000000000000
     0.0000000000000000     0.0000000000000000        0.0000000000000000     0.0000000000000000        0.2569587976651762     0.0000000000000000

     Dynamical Matrix in cartesian axes

     q = (     0.271002710027     0.000000000000     0.000000000000 )

    1    1
     1.2459419912130565     0.0000000000000000        0.0000000000000001    -0.0512036413646386        0.0000000000000000     0.0000000000000000
     0.0000000000000001     0.0512036413646386        1.2459419912130572     0.0000000000000000        0.0000000000000000     0.0000000000000000
     0.0000000000000000     0.0000000000000000        0.0000000000000000     0.0000000000000000        0.2569587976651762     0.0000000000000000
    1    2
    -0.0723482300050293    -0.1253107933400359       -0.1253107933400359     0.0723482300050293        0.0000000000000000     0.0000000000000000
    -0.1253107933400358     0.0723482300050293        0.0723482300050293     0.1253107933400359        0.0000000000000000     0.0000000000000000
     0.0000000000000000     0.0000000000000000        0.0000000000000000     0.0000000000000000        0.0000000000000000     0.0000000000000000
    2    1
    -0.0723482300050293     0.1253107933400359       -0.1253107933400359    -0.0723482300050293        0.0000000000000000     0.0000000000000000
    -0.1253107933400358    -0.0723482300050293        0.0723482300050293    -0.1253107933400359        0.0000000000000000     0.0000000000000000
     0.0000000000000000     0.0000000000000000        0.0000000000000000     0.0000000000000000        0.0000000000000000    -0.0000000000000000
    2    2
     1.2459419912130565     0.0000000000000000        0.0000000000000001     0.0512036413646386        0.0000000000000000     0.0000000000000000
     0.0000000000000001    -0.0512036413646386        1.2459419912130572     0.0000000000000000        0.0000000000000000     0.0000000000000000
     0.0000000000000000     0.0000000000000000        0.0000000000000000     0.0000000000000000        0.2569587976651762     0.0000000000000000

     Diagonalizing the dynamical matrix

     q = (    -0.271002710027     0.000000000000     0.000000000000 )

***************************************************************************
   freq (    1) =    15.93868092 [THz] =   531.65709177 [cm-1]
(   0.000000  0.000000   0.000000  0.000000  -0.000000  0.000000 )
(   0.000000 -0.000000   0.000000  0.000000  -0.526292 -0.850304 )
   freq (    2) =    15.93868092 [THz] =   531.65709177 [cm-1]
(   0.000000  0.000000  -0.000000 -0.000000  -0.999531  0.030631 )
(   0.000000 -0.000000   0.000000  0.000000   0.000000  0.000000 )
   freq (    3) =    29.91767186 [THz] =   997.94597156 [cm-1]
(  -0.500000  0.000000  -0.000000 -0.500000   0.000000 -0.000000 )
(  -0.250000 -0.433013  -0.433013  0.250000  -0.000000 -0.000000 )
   freq (    4) =    35.81088051 [THz] =  1194.52222469 [cm-1]
(   0.008421  0.000000  -0.000000 -0.008421   0.000000  0.000000 )
(  -0.000000  0.707057  -0.707057 -0.000000  -0.000000 -0.000000 )
   freq (    5) =    35.81088051 [THz] =  1194.52222469 [cm-1]
(  -0.707057  0.000000   0.000000  0.707057   0.000000  0.000000 )
(   0.000000  0.008421  -0.008421 -0.000000  -0.000000 -0.000000 )
   freq (    6) =    38.30511620 [THz] =  1277.72095983 [cm-1]
(  -0.500000  0.000000  -0.000000 -0.500000   0.000000 -0.000000 )
(   0.250000  0.433013   0.433013 -0.250000   0.000000  0.000000 )
***************************************************************************
