Dynamical matrix file
File generated with the CellConstructor by Lorenzo Monacelli
1 2 0     1.8897259890000000     0.0000000000000000     0.0000000000000000     0.0000000000000000     0.0000000000000000     0.0000000000000000
Basis vectors
    2.4600000000000000     0.0000000000000000     0.0000000000000000
   -1.2300000000000000     2.1304224933097187     0.0000000000000000
    0.0000000000000000     0.0000000000000000    15.0000000000000000
	1  'C '  10947.3571678344233078
    1     1     0.0000000000000000    -0.0000000000000002     7.4999999999999982
    2     1     1.2299999999999998     0.7101408311032394     7.4999999999999982

     Dynamical Matrix in cartesian axes

     q = (     0.135501355014    -0.078231743793     0.000000000000 )

    1    1
     1.3802748141474299     0.0000000000000000       -0.1989201793681240     0.0000000000000000       -0.0000000000000000     0.0000000000000000
    -0.1989201793681240     0.0000000000000000        1.1505815759365605     0.0000000000000000       -0.0000000000000000     0.0000000000000000
    -0.0000000000000000    -0.0000000000000000       -0.0000000000000000    -0.0000000000000000        0.2982609960406046     0.0000000000000000
    1    2
    -0.4187060000176854     0.4243509839144851       -0.1860022781221412    -0.1536236845369941        0.0000000000000000     0.0000000000000000
    -0.1860022781221412    -0.1536236845369941       -0.6334829307050893     0.2469616326718138       -0.0000000000000000    -0.0000000000000000
     0.0000000000000000     0.0000000000000000        0.0000000000000000     0.0000000000000000       -0.1779548817027590     0.1461387556106722
    2    1
    -0.4187060000176854    -0.4243509839144851       -0.1860022781221412     0.1536236845369941        0.0000000000000000     0.0000000000000000
    -0.1860022781221412     0.1536236845369941       -0.6334829307050893    -0.2469616326718138        0.0000000000000000    -0.0000000000000000
     0.0000000000000000     0.0000000000000000       -0.0000000000000000     0.0000000000000000       -0.1779548817027590    -0.1461387556106722
    2    2
     1.3802748141474299     0.0000000000000000       -0.1989201793681240     0.0000000000000000        0.0000000000000000     0.0000000000000000
    -0.1989201793681240     0.0000000000000000        1.1505815759365605     0.0000000000000000        0.0000000000000000     0.0000000000000000
     0.0000000000000000    -0.0000000000000000        0.0000000000000000    -0.0000000000000000        0.2982609960406046     0.0000000000000000

     Dynamical Matrix in cartesian axes

     q = (    -0.135501355014     0.078231743793     0.000000000000 )

    1    1
     1.3802748141474299     0.0000000000000000       -0.1989201793681240     0.0000000000000000       -0.0000000000000000    -0.0000000000000000
    -0.1989201793681240     0.0000000000000000        1.1505815759365605     0.0000000000000000       -0.0000000000000000    -0.0000000000000000
    -0.0000000000000000     0.0000000000000000       -0.0000000000000000     0.0000000000000000        0.2982609960406046     0.0000000000000000
    1    2
    -0.4187060000176854    -0.4243509839144851       -0.1860022781221412     0.1536236845369941        0.0000000000000000     0.0000000000000000
    -0.1860022781221412     0.1536236845369941       -0.6334829307050893    -0.2469616326718138       -0.0000000000000000     0.0000000000000000
     0.0000000000000000     0.0000000000000000        0.0000000000000000    -0.0000000000000000       -0.1779548817027590    -0.1461387556106722
    2    1
    -0.4187060000176854     0.4243509839144851       -0.1860022781221412    -0.1536236845369941        0.0000000000000000     0.0000000000000000
    -0.1860022781221412    -0.1536236845369941       -0.6334829307050893     0.2469616326718138        0.0000000000000000     0.0000000000000000
     0.0000000000000000     0.0000000000000000       -0.0000000000000000    -0.0000000000000000       -0.1779548817027590     0.1461387556106722
    2    2
     1.3802748141474299     0.0000000000000000       -0.1989201793681240     0.0000000000000000        0.0000000000000000    -0.0000000000000000
    -0.1989201793681240     0.0000000000000000        1.1505815759365605     0.0000000000000000        0.0000000000000000    -0.0000000000000000
     0.0000000000000000     0.0000000000000000        0.0000000000000000     0.0000000000000000        0.2982609960406046     0.0000000000000000

     Dynamical Matrix in cartesian axes

     q = (    -0.135501355014    -0.078231743793     0.000000000000 )

    1    1
     1.3802748141474299     0.0000000000000000        0.1989201793681241     0.0000000000000000       -0.0000000000000000     0.0000000000000000
     0.1989201793681241     0.0000000000000000        1.1505815759365603     0.0000000000000000       -0.0000000000000000     0.0000000000000000
    -0.0000000000000000    -0.0000000000000000       -0.0000000000000000    -0.0000000000000000        0.2982609960406046     0.0000000000000000
    1    2
    -0.1581456986824574    -0.5747855339065511       -0.2260431574045353     0.0842708425728419        0.0000000000000000     0.0000000000000000
    -0.2260431574045353     0.0842708425728419        0.1028664568695055    -0.6720931211950850        0.0000000000000000     0.0000000000000000
     0.0000000000000000     0.0000000000000000       -0.0000000000000000     0.0000000000000000       -0.0375824207442722    -0.2271828282777535
    2    1
    -0.1581456986824574     0.5747855339065511       -0.2260431574045353    -0.0842708425728419        0.0000000000000000     0.0000000000000000
    -0.2260431574045353    -0.0842708425728419        0.1028664568695055     0.6720931211950850       -0.0000000000000000     0.0000000000000000
     0.0000000000000000     0.0000000000000000        0.0000000000000000     0.0000000000000000       -0.0375824207442722     0.2271828282777535
    2    2
     1.3802748141474299     0.0000000000000000        0.1989201793681241     0.0000000000000000        0.0000000000000000     0.0000000000000000
     0.1989201793681241     0.0000000000000000        1.1505815759365603     0.0000000000000000        0.0000000000000000     0.0000000000000000
     0.0000000000000000    -0.0000000000000000        0.0000000000000000    -0.0000000000000000        0.2982609960406046     0.0000000000000000

     Dynamical Matrix in cartesian axes

     q = (     0.135501355014     0.078231743793     0.000000000000 )

    1    1
     1.3802748141474299     0.0000000000000000        0.1989201793681241     0.0000000000000000       -0.0000000000000000    -0.0000000000000000
     0.1989201793681241     0.0000000000000000        1.1505815759365603     0.0000000000000000       -0.0000000000000000    -0.0000000000000000
    -0.0000000000000000     0.0000000000000000       -0.0000000000000000     0.0000000000000000        0.2982609960406046     0.0000000000000000
    1    2
    -0.1581456986824574     0.5747855339065511       -0.2260431574045353    -0.0842708425728419        0.0000000000000000     0.0000000000000000
    -0.2260431574045353    -0.0842708425728419        0.1028664568695055     0.6720931211950849        0.0000000000000000     0.0000000000000000
     0.0000000000000000     0.0000000000000000        0.0000000000000000     0.0000000000000000       -0.0375824207442722     0.2271828282777535
    2    1
    -0.1581456986824574    -0.5747855339065511       -0.2260431574045353     0.0842708425728419        0.0000000000000000     0.0000000000000000
    -0.2260431574045353     0.0842708425728419        0.1028664568695055    -0.6720931211950849        0.0000000000000000     0.0000000000000000
     0.0000000000000000     0.0000000000000000        0.0000000000000000     0.0000000000000000       -0.0375824207442722    -0.2271828282777535
    2    2
     1.3802748141474299     0.0000000000000000        0.1989201793681241     0.0000000000000000        0.0000000000000000    -0.0000000000000000
     0.1989201793681241     0.0000000000000000        1.1505815759365603     0.0000000000000000        0.0000000000000000    -0.0000000000000000
     0.0000000000000000     0.0000000000000000        0.0000000000000000     0.0000000000000000        0.2982609960406046     0.0000000000000000

     Dynamical Matrix in cartesian axes

     q = (    -0.000000000000    -0.156463487585     0.000000000000 )

    1    1
     1.0357349568311247     0.0000000000000000        0.0000000000000000     0.0000000000000000        0.0000000000000000     0.0000000000000000
    -0.0000000000000000     0.0000000000000000        1.4951214332528657     0.0000000000000000       -0.0000000000000000    -0.0000000000000000
     0.0000000000000000     0.0000000000000000       -0.0000000000000000     0.0000000000000000        0.2982609960406046     0.0000000000000000
    1    2
    -0.7408713960487907    -0.1582669570504787       -0.0000000000000000     0.0000000000000000        0.0000000000000000     0.0000000000000000
     0.0000000000000000     0.0000000000000000       -0.3113175346739833    -0.5130456595358212        0.0000000000000000     0.0000000000000000
     0.0000000000000000     0.0000000000000000        0.0000000000000000     0.0000000000000000       -0.1779548817027589    -0.1461387556106724
    2    1
    -0.7408713960487907     0.1582669570504787       -0.0000000000000000     0.0000000000000000        0.0000000000000000     0.0000000000000000
     0.0000000000000000     0.0000000000000000       -0.3113175346739833     0.5130456595358212        0.0000000000000000     0.0000000000000000
     0.0000000000000000     0.0000000000000000        0.0000000000000000     0.0000000000000000       -0.1779548817027589     0.1461387556106724
    2    2
     1.0357349568311247     0.0000000000000000        0.0000000000000000     0.0000000000000000        0.0000000000000000     0.0000000000000000
    -0.0000000000000000     0.0000000000000000        1.4951214332528657     0.0000000000000000        0.0000000000000000    -0.0000000000000000
     0.0000000000000000     0.0000000000000000        0.0000000000000000     0.0000000000000000        0.2982609960406046     0.0000000000000000

     Dynamical Matrix in cartesian axes

     q = (     0.000000000000     0.156463487585     0.000000000000 )

    1    1
     1.0357349568311247     0.0000000000000000        0.0000000000000000     0.0000000000000000        0.0000000000000000     0.0000000000000000
    -0.0000000000000000     0.0000000000000000        1.4951214332528657     0.0000000000000000       -0.0000000000000000     0.0000000000000000
     0.0000000000000000     0.0000000000000000       -0.0000000000000000    -0.0000000000000000        0.2982609960406046     0.0000000000000000
    1    2
    -0.7408713960487907     0.1582669570504787        0.0000000000000000     0.0000000000000000        0.0000000000000000     0.0000000000000000
     0.0000000000000000     0.0000000000000000       -0.3113175346739833     0.5130456595358212        0.0000000000000000     0.0000000000000000
     0.0000000000000000     0.0000000000000000        0.0000000000000000     0.0000000000000000       -0.1779548817027589     0.1461387556106724
    2    1
    -0.7408713960487907    -0.1582669570504787        0.0000000000000000     0.0000000000000000        0.0000000000000000     0.0000000000000000
     0.0000000000000000     0.0000000000000000       -0.3113175346739833    -0.5130456595358212        0.0000000000000000     0.0000000000000000
     0.0000000000000000     0.0000000000000000        0.0000000000000000     0.0000000000000000       -0.1779548817027589    -0.1461387556106724
    2    2
     1.0357349568311247     0.0000000000000000        0.0000000000000000     0.0000000000000000        0.0000000000000000     0.0000000000000000
    -0.0000000000000000     0.0000000000000000        1.4951214332528657     0.0000000000000000        0.0000000000000000     0.0000000000000000
     0.0000000000000000     0.0000000000000000        0.0000000000000000    -0.0000000000000000        0.2982609960406046     0.0000000000000000

     Diagonalizing the dynamical matrix

     q = (     0.135501355014    -0.078231743793     0.000000000000 )

***************************************************************************
   freq (    1) =     8.19869868 [THz] =   273.47911141 [cm-1]
(   0.000000  0.000000   0.000000  0.000000   0.689834 -0.155334 )
(   0.000000  0.000000   0.000000  0.000000   0.631690  0.317753 )
   freq (    2) =    16.58281132 [THz] =   553.14296618 [cm-1]
(  -0.353553  0.000000  -0.612372 -0.000000   0.000000 -0.000000 )
(  -0.345752 -0.073861  -0.598860 -0.127930   0.000000  0.000000 )
   freq (    3) =    22.85893762 [THz] =   762.49197551 [cm-1]
(  -0.000000  0.000000  -0.000000  0.000000   0.674076 -0.213592 )
(  -0.000000 -0.000000  -0.000000 -0.000000  -0.656485 -0.262730 )
   freq (    4) =    29.74640100 [THz] =   992.23299146 [cm-1]
(   0.612372  0.000000  -0.353553 -0.000000   0.000000 -0.000000 )
(   0.317678  0.523527  -0.183411 -0.302259  -0.000000 -0.000000 )
   freq (    5) =    42.10656628 [THz] =  1404.52366743 [cm-1]
(   0.353553  0.000000   0.612372  0.000000   0.000000  0.000000 )
(  -0.345752 -0.073861  -0.598860 -0.127930  -0.000000 -0.000000 )
   freq (    6) =    45.51314452 [THz] =  1518.15486991 [cm-1]
(  -0.612372  0.000000   0.353553  0.000000   0.000000  0.000000 )
(   0.317678  0.523527  -0.183411 -0.302259  -0.000000 -0.000000 )
***************************************************************************
