Dynamical matrix file
File generated with the CellConstructor by Lorenzo Monacelli
1 2 0     1.8897259890000000     0.0000000000000000     0.0000000000000000     0.0000000000000000     0.0000000000000000     0.0000000000000000
Basis vectors
    2.4600000000000000     0.0000000000000000     0.0000000000000000
   -1.2300000000000000     2.1304224933097187     0.0000000000000000
    0.0000000000000000     0.0000000000000000    15.0000000000000000
	1  'C '  10947.3571678344233078
    1     1     0.0000000000000001    -0.0000000000000007     7.4999999999999982
    2     1     1.2299999999999998     0.7101408311032394     7.4999999999999982

     Dynamical Matrix in cartesian axes

     q = (     0.000000000000     0.000000000000     0.000000000000 )

    1    1
     1.0929183649623180     0.0000000000000000        0.0000000000000002     0.0000000000000000       -0.0000000000000000     0.0000000000000000
     0.0000000000000002     0.0000000000000000        1.0929183649623186     0.0000000000000000        0.0000000000000000     0.0000000000000000
     0.0000000000000000     0.0000000000000000       -0.0000000000000000     0.0000000000000000        0.3388428398511608     0.0000000000000000
    1    2
    -1.0929183649623175     0.0000000000000000       -0.0000000000000001     0.0000000000000000        0.0000000000000000     0.0000000000000000
    -0.0000000000000001     0.0000000000000000       -1.0929183649623180     0.0000000000000000        0.0000000000000000     0.0000000000000000
     0.0000000000000000     0.0000000000000000        0.0000000000000000     0.0000000000000000       -0.3388428398511608     0.0000000000000000
    2    1
    -1.0929183649623175     0.0000000000000000       -0.0000000000000001     0.0000000000000000        0.0000000000000000     0.0000000000000000
    -0.0000000000000001     0.0000000000000000       -1.0929183649623180     0.0000000000000000        0.0000000000000000     0.0000000000000000
     0.0000000000000000     0.0000000000000000        0.0000000000000000     0.0000000000000000       -0.3388428398511608     0.0000000000000000
    2    2
     1.0929183649623178     0.0000000000000000        0.0000000000000001     0.0000000000000000        0.0000000000000000     0.0000000000000000
     0.0000000000000001     0.0000000000000000        1.0929183649623184     0.0000000000000000        0.0000000000000000     0.0000000000000000
     0.0000000000000000     0.0000000000000000        0.0000000000000000     0.0000000000000000        0.3388428398511608     0.0000000000000000

     Diagonalizing the dynamical matrix

     q = (     0.000000000000     0.000000000000     0.000000000000 )

***************************************************************************
   freq (    1) =    -0.00000042 [THz] =    -0.00001385 [cm-1]
(  -0.046209  0.000000   0.130020  0.000000   0.693512  0.000000 )
(  -0.046209  0.000000   0.130020  0.000000   0.693512  0.000000 )
   freq (    2) =     0.00000045 [THz] =     0.00001485 [cm-1]
(  -0.563785  0.000000   0.411102  0.000000  -0.114639  0.000000 )
(  -0.563785  0.000000   0.411102  0.000000  -0.114639  0.000000 )
   freq (    3) =     0.00000075 [THz] =     0.00002502 [cm-1]
(  -0.424278  0.000000  -0.560437  0.000000   0.076802  0.000000 )
(  -0.424278  0.000000  -0.560437  0.000000   0.076802  0.000000 )
   freq (    4) =    25.88420227 [THz] =   863.40392746 [cm-1]
(  -0.000000  0.000000   0.000000  0.000000  -0.707107  0.000000 )
(   0.000000  0.000000  -0.000000  0.000000   0.707107  0.000000 )
   freq (    5) =    46.48678272 [THz] =  1550.63193968 [cm-1]
(  -0.606373  0.000000   0.363747  0.000000  -0.000000  0.000000 )
(   0.606373  0.000000  -0.363747  0.000000  -0.000000  0.000000 )
   freq (    6) =    46.48678272 [THz] =  1550.63193968 [cm-1]
(  -0.363747  0.000000  -0.606373  0.000000  -0.000000  0.000000 )
(   0.363747  0.000000   0.606373  0.000000   0.000000  0.000000 )
***************************************************************************
