Dynamical matrix file
File generated with the CellConstructor by Lorenzo Monacelli
1 2 0     1.8897259890000000     0.0000000000000000     0.0000000000000000     0.0000000000000000     0.0000000000000000     0.0000000000000000
Basis vectors
    2.4600000000000000     0.0000000000000000     0.0000000000000000
   -1.2300000000000000     2.1304224933097187     0.0000000000000000
    0.0000000000000000     0.0000000000000000    15.0000000000000000
	1  'C '  10947.3571678344233078
    1     1     0.0000000000000001    -0.0000000000000007     7.4999999999999982
    2     1     1.2299999999999998     0.7101408311032394     7.4999999999999982

     Dynamical Matrix in cartesian axes

     q = (    -0.271002710027     0.000000000000     0.000000000000 )

    1    1
     1.2641161811738546     0.0000000000000000        0.0000000000000001     0.0624757449765694        0.0000000000000000     0.0000000000000000
     0.0000000000000001    -0.0624757449765695        1.2641161811738550     0.0000000000000000        0.0000000000000000     0.0000000000000000
     0.0000000000000000     0.0000000000000000        0.0000000000000000     0.0000000000000000        0.2518061421508489     0.0000000000000000
    1    2
    -0.0758153931171311     0.1313160952000342       -0.1313160952000342    -0.0758153931171311        0.0000000000000000     0.0000000000000000
    -0.1313160952000342    -0.0758153931171311        0.0758153931171311    -0.1313160952000342        0.0000000000000000     0.0000000000000000
     0.0000000000000000     0.0000000000000000        0.0000000000000000     0.0000000000000000       -0.0000000000000000     0.0000000000000000
    2    1
    -0.0758153931171311    -0.1313160952000342       -0.1313160952000342     0.0758153931171311        0.0000000000000000     0.0000000000000000
    -0.1313160952000342     0.0758153931171311        0.0758153931171311     0.1313160952000342        0.0000000000000000     0.0000000000000000
     0.0000000000000000     0.0000000000000000        0.0000000000000000     0.0000000000000000       -0.0000000000000000    -0.0000000000000000
    2    2
     1.2641161811738546     0.0000000000000000        0.0000000000000001    -0.0624757449765694        0.0000000000000000     0.0000000000000000
     0.0000000000000001     0.0624757449765695        1.2641161811738550     0.0000000000000000        0.0000000000000000     0.0000000000000000
     0.0000000000000000     0.0000000000000000        0.0000000000000000     0.0000000000000000        0.2518061421508489     0.0000000000000000

     Dynamical Matrix in cartesian axes

     q = (     0.271002710027     0.000000000000     0.000000000000 )

    1    1
     1.2641161811738548     0.0000000000000000        0.0000000000000002    -0.0624757449765694        0.0000000000000000     0.0000000000000000
     0.0000000000000002     0.0624757449765695        1.2641161811738550     0.0000000000000000        0.0000000000000000     0.0000000000000000
     0.0000000000000000     0.0000000000000000        0.0000000000000000     0.0000000000000000        0.2518061421508489     0.0000000000000000
    1    2
    -0.0758153931171311    -0.1313160952000341       -0.1313160952000342     0.0758153931171311        0.0000000000000000     0.0000000000000000
    -0.1313160952000342     0.0758153931171311        0.0758153931171311     0.1313160952000342        0.0000000000000000     0.0000000000000000
     0.0000000000000000     0.0000000000000000        0.0000000000000000     0.0000000000000000       -0.0000000000000000    -0.0000000000000000
    2    1
    -0.0758153931171311     0.1313160952000341       -0.1313160952000342    -0.0758153931171311        0.0000000000000000     0.0000000000000000
    -0.1313160952000342    -0.0758153931171311        0.0758153931171311    -0.1313160952000342        0.0000000000000000     0.0000000000000000
     0.0000000000000000     0.0000000000000000        0.0000000000000000     0.0000000000000000       -0.0000000000000000     0.0000000000000000
    2    2
     1.2641161811738548     0.0000000000000000        0.0000000000000002     0.0624757449765694        0.0000000000000000     0.0000000000000000
     0.0000000000000002    -0.0624757449765695        1.2641161811738550     0.0000000000000000        0.0000000000000000     0.0000000000000000
     0.0000000000000000     0.0000000000000000        0.0000000000000000     0.0000000000000000        0.2518061421508489     0.0000000000000000

     Diagonalizing the dynamical matrix

     q = (    -0.271002710027     0.000000000000     0.000000000000 )

***************************************************************************
   freq (    1) =    15.77806680 [THz] =   526.29958219 [cm-1]
(   0.000000  0.000000  -0.000000 -0.000000  -0.999999  0.001062 )
(  -0.000000 -0.000000   0.000000 -0.000000  -0.000000 -0.000000 )
   freq (    2) =    15.77806680 [THz] =   526.29958219 [cm-1]
(   0.000000  0.000000  -0.000000 -0.000000   0.000000 -0.000000 )
(   0.000000  0.000000  -0.000000 -0.000000  -0.500920 -0.865494 )
   freq (    3) =    29.80234246 [THz] =   994.09899741 [cm-1]
(  -0.500000  0.000000   0.000000 -0.500000  -0.000000  0.000000 )
(  -0.250000 -0.433013  -0.433013  0.250000   0.000000  0.000000 )
   freq (    4) =    36.21506804 [THz] =  1208.00446759 [cm-1]
(   0.707107  0.000000  -0.000000 -0.707107  -0.000000  0.000000 )
(   0.000000 -0.000000   0.000000 -0.000000   0.000000  0.000000 )
   freq (    5) =    36.21506804 [THz] =  1208.00446759 [cm-1]
(   0.000000  0.000000  -0.000000 -0.000000  -0.000000  0.000000 )
(   0.000000  0.707107  -0.707107 -0.000000   0.000000  0.000000 )
   freq (    6) =    38.57222906 [THz] =  1286.63088453 [cm-1]
(  -0.500000  0.000000  -0.000000 -0.500000  -0.000000  0.000000 )
(   0.250000  0.433013   0.433013 -0.250000   0.000000  0.000000 )
***************************************************************************
