Dynamical matrix file
File generated with the CellConstructor by Lorenzo Monacelli
1 2 0     1.8897259890000000     0.0000000000000000     0.0000000000000000     0.0000000000000000     0.0000000000000000     0.0000000000000000
Basis vectors
    2.4600000000000000     0.0000000000000000     0.0000000000000000
   -1.2300000000000000     2.1304224933097187     0.0000000000000000
    0.0000000000000000     0.0000000000000000    15.0000000000000000
	1  'C '  10947.3571678344233078
    1     1     0.0000000000000001    -0.0000000000000007     7.4999999999999982
    2     1     1.2299999999999998     0.7101408311032394     7.4999999999999982

     Dynamical Matrix in cartesian axes

     q = (     0.067750677507    -0.117347615689     0.000000000000 )

    1    1
     1.1637698426126581     0.0000000000000000       -0.1381133417131620     0.0135927117201853        0.0000000000000000     0.0000000000000000
    -0.1381133417131620    -0.0135927117201853        1.3232493926462043     0.0000000000000000        0.0000000000000000     0.0000000000000000
     0.0000000000000000     0.0000000000000000        0.0000000000000000     0.0000000000000000        0.3022308308355761     0.0000000000000000
    1    2
    -0.7298122410405644     0.2053286159682061        0.0007397184919536    -0.1185465317015773        0.0000000000000000    -0.0000000000000000
     0.0007397184919535    -0.1185465317015774       -0.7306663943814720    -0.2053286159682071        0.0000000000000000    -0.0000000000000000
     0.0000000000000000    -0.0000000000000000        0.0000000000000000    -0.0000000000000000       -0.2646745817293679    -0.0000000000000002
    2    1
    -0.7298122410405644    -0.2053286159682061        0.0007397184919536     0.1185465317015773        0.0000000000000000    -0.0000000000000000
     0.0007397184919535     0.1185465317015774       -0.7306663943814720     0.2053286159682071        0.0000000000000000    -0.0000000000000000
     0.0000000000000000    -0.0000000000000000        0.0000000000000000    -0.0000000000000000       -0.2646745817293679     0.0000000000000002
    2    2
     1.1637698426126581     0.0000000000000000       -0.1381133417131620    -0.0135927117201853        0.0000000000000000     0.0000000000000000
    -0.1381133417131620     0.0135927117201853        1.3232493926462043     0.0000000000000000        0.0000000000000000     0.0000000000000000
     0.0000000000000000     0.0000000000000000        0.0000000000000000     0.0000000000000000        0.3022308308355761     0.0000000000000000

     Dynamical Matrix in cartesian axes

     q = (    -0.067750677507     0.117347615689     0.000000000000 )

    1    1
     1.1637698426126581     0.0000000000000000       -0.1381133417131620    -0.0135927117201853        0.0000000000000000     0.0000000000000000
    -0.1381133417131620     0.0135927117201853        1.3232493926462043     0.0000000000000000        0.0000000000000000     0.0000000000000000
     0.0000000000000000     0.0000000000000000        0.0000000000000000     0.0000000000000000        0.3022308308355761     0.0000000000000000
    1    2
    -0.7298122410405644    -0.2053286159682061        0.0007397184919535     0.1185465317015773        0.0000000000000000     0.0000000000000000
     0.0007397184919535     0.1185465317015774       -0.7306663943814720     0.2053286159682071        0.0000000000000000     0.0000000000000000
     0.0000000000000000     0.0000000000000000        0.0000000000000000     0.0000000000000000       -0.2646745817293679     0.0000000000000002
    2    1
    -0.7298122410405644     0.2053286159682061        0.0007397184919535    -0.1185465317015773        0.0000000000000000     0.0000000000000000
     0.0007397184919535    -0.1185465317015774       -0.7306663943814720    -0.2053286159682071        0.0000000000000000     0.0000000000000000
     0.0000000000000000     0.0000000000000000        0.0000000000000000     0.0000000000000000       -0.2646745817293679    -0.0000000000000002
    2    2
     1.1637698426126581     0.0000000000000000       -0.1381133417131620     0.0135927117201853        0.0000000000000000     0.0000000000000000
    -0.1381133417131620    -0.0135927117201853        1.3232493926462043     0.0000000000000000        0.0000000000000000     0.0000000000000000
     0.0000000000000000     0.0000000000000000        0.0000000000000000     0.0000000000000000        0.3022308308355761     0.0000000000000000

     Dynamical Matrix in cartesian axes

     q = (    -0.067750677507    -0.117347615689     0.000000000000 )

    1    1
     1.1637698426126581     0.0000000000000000        0.1381133417131621    -0.0135927117201853        0.0000000000000000     0.0000000000000000
     0.1381133417131621     0.0135927117201853        1.3232493926462043     0.0000000000000000        0.0000000000000000     0.0000000000000000
     0.0000000000000000     0.0000000000000000        0.0000000000000000     0.0000000000000000        0.3022308308355761     0.0000000000000000
    1    2
    -0.5427259026462679    -0.5293716485654136       -0.1030341689386897     0.0586326478425967        0.0000000000000000    -0.0000000000000000
    -0.1030341689386897     0.0586326478425967       -0.1875133782069677    -0.7354399726743518       -0.0000000000000000     0.0000000000000000
    -0.0000000000000000    -0.0000000000000000        0.0000000000000000     0.0000000000000000       -0.1323372841851489    -0.2292149153700845
    2    1
    -0.5427259026462679     0.5293716485654136       -0.1030341689386897    -0.0586326478425967       -0.0000000000000000    -0.0000000000000000
    -0.1030341689386897    -0.0586326478425967       -0.1875133782069677     0.7354399726743518        0.0000000000000000     0.0000000000000000
     0.0000000000000000    -0.0000000000000000       -0.0000000000000000     0.0000000000000000       -0.1323372841851489     0.2292149153700845
    2    2
     1.1637698426126581     0.0000000000000000        0.1381133417131621     0.0135927117201853        0.0000000000000000     0.0000000000000000
     0.1381133417131621    -0.0135927117201853        1.3232493926462043     0.0000000000000000        0.0000000000000000     0.0000000000000000
     0.0000000000000000     0.0000000000000000        0.0000000000000000     0.0000000000000000        0.3022308308355761     0.0000000000000000

     Dynamical Matrix in cartesian axes

     q = (     0.067750677507     0.117347615689     0.000000000000 )

    1    1
     1.1637698426126581     0.0000000000000000        0.1381133417131621     0.0135927117201853        0.0000000000000000     0.0000000000000000
     0.1381133417131621    -0.0135927117201853        1.3232493926462043     0.0000000000000000        0.0000000000000000     0.0000000000000000
     0.0000000000000000     0.0000000000000000        0.0000000000000000     0.0000000000000000        0.3022308308355761     0.0000000000000000
    1    2
    -0.5427259026462679     0.5293716485654136       -0.1030341689386897    -0.0586326478425967        0.0000000000000000     0.0000000000000000
    -0.1030341689386897    -0.0586326478425967       -0.1875133782069677     0.7354399726743518       -0.0000000000000000    -0.0000000000000000
    -0.0000000000000000     0.0000000000000000        0.0000000000000000    -0.0000000000000000       -0.1323372841851489     0.2292149153700845
    2    1
    -0.5427259026462679    -0.5293716485654136       -0.1030341689386897     0.0586326478425967       -0.0000000000000000     0.0000000000000000
    -0.1030341689386897     0.0586326478425967       -0.1875133782069677    -0.7354399726743518        0.0000000000000000    -0.0000000000000000
     0.0000000000000000     0.0000000000000000       -0.0000000000000000    -0.0000000000000000       -0.1323372841851489    -0.2292149153700845
    2    2
     1.1637698426126581     0.0000000000000000        0.1381133417131621    -0.0135927117201853        0.0000000000000000     0.0000000000000000
     0.1381133417131621     0.0135927117201853        1.3232493926462043     0.0000000000000000        0.0000000000000000     0.0000000000000000
     0.0000000000000000     0.0000000000000000        0.0000000000000000     0.0000000000000000        0.3022308308355761     0.0000000000000000

     Dynamical Matrix in cartesian axes

     q = (     0.135501355014     0.000000000000     0.000000000000 )

    1    1
     1.4029891676629769     0.0000000000000000        0.0000000000000001    -0.0135927117201853        0.0000000000000000     0.0000000000000000
     0.0000000000000001     0.0135927117201853        1.0840300675958860     0.0000000000000000        0.0000000000000000     0.0000000000000000
     0.0000000000000000     0.0000000000000000        0.0000000000000000     0.0000000000000000        0.3022308308355761     0.0000000000000000
    1    2
    -0.3655467170755158     0.6331455291242811       -0.2053286194227622    -0.1185465257181112        0.0000000000000000     0.0000000000000000
    -0.2053286194227622    -0.1185465257181112       -0.3646925637777204     0.6316660921154839        0.0000000000000000     0.0000000000000000
     0.0000000000000000     0.0000000000000000        0.0000000000000000     0.0000000000000000       -0.1323372841851490     0.2292149153700844
    2    1
    -0.3655467170755158    -0.6331455291242811       -0.2053286194227622     0.1185465257181112        0.0000000000000000     0.0000000000000000
    -0.2053286194227622     0.1185465257181112       -0.3646925637777204    -0.6316660921154839        0.0000000000000000     0.0000000000000000
     0.0000000000000000     0.0000000000000000       -0.0000000000000000     0.0000000000000000       -0.1323372841851490    -0.2292149153700844
    2    2
     1.4029891676629769     0.0000000000000000        0.0000000000000001     0.0135927117201853        0.0000000000000000     0.0000000000000000
     0.0000000000000001    -0.0135927117201853        1.0840300675958860     0.0000000000000000        0.0000000000000000     0.0000000000000000
     0.0000000000000000     0.0000000000000000        0.0000000000000000     0.0000000000000000        0.3022308308355761     0.0000000000000000

     Dynamical Matrix in cartesian axes

     q = (    -0.135501355014     0.000000000000     0.000000000000 )

    1    1
     1.4029891676629769     0.0000000000000000        0.0000000000000001     0.0135927117201853        0.0000000000000000     0.0000000000000000
     0.0000000000000001    -0.0135927117201853        1.0840300675958860     0.0000000000000000        0.0000000000000000     0.0000000000000000
     0.0000000000000000     0.0000000000000000        0.0000000000000000     0.0000000000000000        0.3022308308355761     0.0000000000000000
    1    2
    -0.3655467170755158    -0.6331455291242811       -0.2053286194227622     0.1185465257181112        0.0000000000000000     0.0000000000000000
    -0.2053286194227622     0.1185465257181112       -0.3646925637777204    -0.6316660921154837        0.0000000000000000    -0.0000000000000000
     0.0000000000000000     0.0000000000000000        0.0000000000000000    -0.0000000000000000       -0.1323372841851490    -0.2292149153700844
    2    1
    -0.3655467170755158     0.6331455291242811       -0.2053286194227622    -0.1185465257181112        0.0000000000000000     0.0000000000000000
    -0.2053286194227622    -0.1185465257181112       -0.3646925637777204     0.6316660921154837        0.0000000000000000    -0.0000000000000000
     0.0000000000000000     0.0000000000000000       -0.0000000000000000    -0.0000000000000000       -0.1323372841851490     0.2292149153700844
    2    2
     1.4029891676629769     0.0000000000000000        0.0000000000000001    -0.0135927117201853        0.0000000000000000     0.0000000000000000
     0.0000000000000001     0.0135927117201853        1.0840300675958860     0.0000000000000000        0.0000000000000000     0.0000000000000000
     0.0000000000000000     0.0000000000000000        0.0000000000000000     0.0000000000000000        0.3022308308355761     0.0000000000000000

     Diagonalizing the dynamical matrix

     q = (     0.067750677507    -0.117347615689     0.000000000000 )

***************************************************************************
   freq (    1) =     6.09342873 [THz] =   203.25487513 [cm-1]
(   0.000000  0.000000   0.000000  0.000000   0.704946 -0.055241 )
(   0.000000 -0.000000   0.000000  0.000000   0.704946 -0.055241 )
   freq (    2) =    17.78679039 [THz] =   593.30337932 [cm-1]
(   0.608535  0.000000   0.342449  0.111415   0.000000 -0.000000 )
(   0.600837  0.096488   0.355783 -0.055707  -0.000000  0.000000 )
   freq (    3) =    23.67423380 [THz] =   789.68732488 [cm-1]
(  -0.000000  0.000000   0.000000  0.000000   0.700444 -0.096845 )
(  -0.000000 -0.000000   0.000000  0.000000  -0.700444  0.096845 )
   freq (    4) =    24.95089623 [THz] =   832.27219350 [cm-1]
(  -0.365521  0.000000   0.551544  0.249387  -0.000000  0.000000 )
(  -0.294890 -0.215976   0.592322  0.124694   0.000000 -0.000000 )
   freq (    5) =    42.83162405 [THz] =  1428.70898763 [cm-1]
(  -0.605305  0.000000  -0.333057 -0.150596  -0.000000 -0.000000 )
(   0.591088  0.130420   0.357681 -0.075298   0.000000 -0.000000 )
   freq (    6) =    46.30446148 [THz] =  1544.55035890 [cm-1]
(  -0.360117  0.000000   0.578679  0.188271   0.000000  0.000000 )
(   0.321092  0.163048  -0.601210 -0.094136  -0.000000  0.000000 )
***************************************************************************
