Dynamical matrix file
File generated with the CellConstructor by Lorenzo Monacelli
1 2 0     1.8897259890000000     0.0000000000000000     0.0000000000000000     0.0000000000000000     0.0000000000000000     0.0000000000000000
Basis vectors
    2.4600000000000000     0.0000000000000000     0.0000000000000000
   -1.2300000000000000     2.1304224933097187     0.0000000000000000
    0.0000000000000000     0.0000000000000000    15.0000000000000000
	1  'C '  10947.3571678344233078
    1     1     0.0000000000000001    -0.0000000000000007     7.4999999999999982
    2     1     1.2299999999999998     0.7101408311032394     7.4999999999999982

     Dynamical Matrix in cartesian axes

     q = (     0.067750677507     0.195579359482     0.000000000000 )

    1    1
     1.1221008420063754     0.0000000000000000        0.0574866122622091     0.0102514241439151        0.0000000000000000     0.0000000000000000
     0.0574866122622092    -0.0102514241439151        1.4731397321707722     0.0000000000000000        0.0000000000000000     0.0000000000000000
     0.0000000000000000     0.0000000000000000        0.0000000000000000     0.0000000000000000        0.2694508347320927     0.0000000000000000
    1    2
    -0.4466887014411282     0.3499126683806171       -0.0665234180660711    -0.0621141903372237        0.0000000000000000     0.0000000000000000
    -0.0665234180660711    -0.0621141903372237        0.1222672209505879     0.2584570091124153        0.0000000000000000     0.0000000000000000
     0.0000000000000000     0.0000000000000000        0.0000000000000000     0.0000000000000000       -0.0405831382147893     0.1188237948443869
    2    1
    -0.4466887014411282    -0.3499126683806171       -0.0665234180660711     0.0621141903372237        0.0000000000000000     0.0000000000000000
    -0.0665234180660711     0.0621141903372237        0.1222672209505879    -0.2584570091124153        0.0000000000000000     0.0000000000000000
     0.0000000000000000     0.0000000000000000        0.0000000000000000     0.0000000000000000       -0.0405831382147893    -0.1188237948443869
    2    2
     1.1221008420063754     0.0000000000000000        0.0574866122622091    -0.0102514241439151        0.0000000000000000     0.0000000000000000
     0.0574866122622092     0.0102514241439151        1.4731397321707722    -0.0000000000000000        0.0000000000000000     0.0000000000000000
     0.0000000000000000     0.0000000000000000        0.0000000000000000     0.0000000000000000        0.2694508347320927     0.0000000000000000

     Dynamical Matrix in cartesian axes

     q = (    -0.067750677507    -0.195579359482     0.000000000000 )

    1    1
     1.1221008420063754     0.0000000000000000        0.0574866122622091    -0.0102514241439151        0.0000000000000000     0.0000000000000000
     0.0574866122622092     0.0102514241439151        1.4731397321707722    -0.0000000000000000        0.0000000000000000     0.0000000000000000
     0.0000000000000000     0.0000000000000000        0.0000000000000000     0.0000000000000000        0.2694508347320927     0.0000000000000000
    1    2
    -0.4466887014411282    -0.3499126683806171       -0.0665234180660711     0.0621141903372237        0.0000000000000000     0.0000000000000000
    -0.0665234180660711     0.0621141903372237        0.1222672209505879    -0.2584570091124153        0.0000000000000000     0.0000000000000000
     0.0000000000000000     0.0000000000000000        0.0000000000000000     0.0000000000000000       -0.0405831382147893    -0.1188237948443869
    2    1
    -0.4466887014411282     0.3499126683806171       -0.0665234180660711    -0.0621141903372237        0.0000000000000000     0.0000000000000000
    -0.0665234180660711    -0.0621141903372237        0.1222672209505879     0.2584570091124153        0.0000000000000000     0.0000000000000000
     0.0000000000000000     0.0000000000000000        0.0000000000000000     0.0000000000000000       -0.0405831382147893     0.1188237948443869
    2    2
     1.1221008420063754     0.0000000000000000        0.0574866122622091     0.0102514241439151        0.0000000000000000     0.0000000000000000
     0.0574866122622092    -0.0102514241439151        1.4731397321707722     0.0000000000000000        0.0000000000000000     0.0000000000000000
     0.0000000000000000     0.0000000000000000        0.0000000000000000     0.0000000000000000        0.2694508347320927     0.0000000000000000

     Dynamical Matrix in cartesian axes

     q = (    -0.067750677507     0.195579359482     0.000000000000 )

    1    1
     1.1221008420063754     0.0000000000000000       -0.0574866122622092    -0.0102514241439151        0.0000000000000000     0.0000000000000000
    -0.0574866122622090     0.0102514241439151        1.4731397321707720    -0.0000000000000000        0.0000000000000000     0.0000000000000000
     0.0000000000000000     0.0000000000000000        0.0000000000000000     0.0000000000000000        0.2694508347320927     0.0000000000000000
    1    2
    -0.5263776044695820    -0.2118874441803223       -0.0205307603183717     0.0886680645621168        0.0000000000000000     0.0000000000000000
    -0.0205307603183717     0.0886680645621167       -0.1626967320536734     0.2351150192084083        0.0000000000000000     0.0000000000000000
     0.0000000000000000     0.0000000000000000        0.0000000000000000     0.0000000000000000       -0.1231959947238339     0.0242658651728454
    2    1
    -0.5263776044695820     0.2118874441803223       -0.0205307603183717    -0.0886680645621168        0.0000000000000000     0.0000000000000000
    -0.0205307603183717    -0.0886680645621167       -0.1626967320536734    -0.2351150192084083        0.0000000000000000     0.0000000000000000
     0.0000000000000000     0.0000000000000000        0.0000000000000000     0.0000000000000000       -0.1231959947238339    -0.0242658651728454
    2    2
     1.1221008420063754     0.0000000000000000       -0.0574866122622092     0.0102514241439151        0.0000000000000000     0.0000000000000000
    -0.0574866122622090    -0.0102514241439151        1.4731397321707720     0.0000000000000000        0.0000000000000000     0.0000000000000000
     0.0000000000000000     0.0000000000000000        0.0000000000000000     0.0000000000000000        0.2694508347320927     0.0000000000000000

     Dynamical Matrix in cartesian axes

     q = (     0.067750677507    -0.195579359482     0.000000000000 )

    1    1
     1.1221008420063754     0.0000000000000000       -0.0574866122622092     0.0102514241439151        0.0000000000000000     0.0000000000000000
    -0.0574866122622090    -0.0102514241439151        1.4731397321707720     0.0000000000000000        0.0000000000000000     0.0000000000000000
     0.0000000000000000     0.0000000000000000        0.0000000000000000     0.0000000000000000        0.2694508347320927     0.0000000000000000
    1    2
    -0.5263776044695820     0.2118874441803223       -0.0205307603183717    -0.0886680645621168        0.0000000000000000     0.0000000000000000
    -0.0205307603183717    -0.0886680645621167       -0.1626967320536734    -0.2351150192084083        0.0000000000000000     0.0000000000000000
     0.0000000000000000     0.0000000000000000        0.0000000000000000     0.0000000000000000       -0.1231959947238339    -0.0242658651728454
    2    1
    -0.5263776044695820    -0.2118874441803223       -0.0205307603183717     0.0886680645621168        0.0000000000000000     0.0000000000000000
    -0.0205307603183717     0.0886680645621167       -0.1626967320536734     0.2351150192084083        0.0000000000000000     0.0000000000000000
     0.0000000000000000     0.0000000000000000        0.0000000000000000     0.0000000000000000       -0.1231959947238339     0.0242658651728454
    2    2
     1.1221008420063754     0.0000000000000000       -0.0574866122622092    -0.0102514241439151        0.0000000000000000     0.0000000000000000
    -0.0574866122622090     0.0102514241439151        1.4731397321707720    -0.0000000000000000        0.0000000000000000     0.0000000000000000
     0.0000000000000000     0.0000000000000000        0.0000000000000000     0.0000000000000000        0.2694508347320927     0.0000000000000000

     Dynamical Matrix in cartesian axes

     q = (    -0.135501355014     0.156463487585     0.000000000000 )

    1    1
     1.3355951430330930    -0.0000000000000000       -0.1807476044304358    -0.0102514241439151        0.0000000000000000     0.0000000000000000
    -0.1807476044304359     0.0102514241439151        1.2596454311440539    -0.0000000000000000        0.0000000000000000     0.0000000000000000
     0.0000000000000000     0.0000000000000000        0.0000000000000000     0.0000000000000000        0.2694508347320927     0.0000000000000000
    1    2
    -0.2713971101523702    -0.2001531997764170       -0.1677438173505178     0.1492237121433739        0.0000000000000000     0.0000000000000000
    -0.1677438173505177     0.1492237121433739       -0.4176772263708855     0.1769256247483322        0.0000000000000000     0.0000000000000000
     0.0000000000000000     0.0000000000000000        0.0000000000000000     0.0000000000000000       -0.1231959947238340    -0.0242658651728452
    2    1
    -0.2713971101523702     0.2001531997764170       -0.1677438173505178    -0.1492237121433739        0.0000000000000000     0.0000000000000000
    -0.1677438173505177    -0.1492237121433739       -0.4176772263708855    -0.1769256247483322        0.0000000000000000     0.0000000000000000
     0.0000000000000000     0.0000000000000000        0.0000000000000000     0.0000000000000000       -0.1231959947238340     0.0242658651728452
    2    2
     1.3355951430330930     0.0000000000000000       -0.1807476044304358     0.0102514241439151        0.0000000000000000     0.0000000000000000
    -0.1807476044304359    -0.0102514241439151        1.2596454311440539     0.0000000000000000        0.0000000000000000     0.0000000000000000
     0.0000000000000000     0.0000000000000000        0.0000000000000000     0.0000000000000000        0.2694508347320927     0.0000000000000000

     Dynamical Matrix in cartesian axes

     q = (     0.203252032520     0.039115871896     0.000000000000 )

    1    1
     1.4351648762262519     0.0000000000000000        0.1232609921682267    -0.0102514241439151        0.0000000000000000     0.0000000000000000
     0.1232609921682268     0.0102514241439151        1.1600756979508959     0.0000000000000000        0.0000000000000000     0.0000000000000000
     0.0000000000000000     0.0000000000000000        0.0000000000000000     0.0000000000000000        0.2694508347320927     0.0000000000000000
    1    2
     0.0775827495303013     0.2275284503794293       -0.2796268509924236    -0.0085443425086897        0.0000000000000000     0.0000000000000000
    -0.2796268509924236    -0.0085443425086897        0.2468387841456065     0.3808411987517731        0.0000000000000000     0.0000000000000000
     0.0000000000000000     0.0000000000000000        0.0000000000000000     0.0000000000000000        0.0405831486026957     0.1188237912964956
    2    1
     0.0775827495303013    -0.2275284503794293       -0.2796268509924236     0.0085443425086897        0.0000000000000000     0.0000000000000000
    -0.2796268509924236     0.0085443425086897        0.2468387841456065    -0.3808411987517731        0.0000000000000000     0.0000000000000000
     0.0000000000000000     0.0000000000000000        0.0000000000000000     0.0000000000000000        0.0405831486026957    -0.1188237912964956
    2    2
     1.4351648762262519     0.0000000000000000        0.1232609921682267     0.0102514241439151        0.0000000000000000     0.0000000000000000
     0.1232609921682268    -0.0102514241439151        1.1600756979508959     0.0000000000000000        0.0000000000000000     0.0000000000000000
     0.0000000000000000     0.0000000000000000        0.0000000000000000     0.0000000000000000        0.2694508347320927     0.0000000000000000

     Dynamical Matrix in cartesian axes

     q = (    -0.203252032520    -0.039115871896     0.000000000000 )

    1    1
     1.4351648762262519     0.0000000000000000        0.1232609921682267     0.0102514241439151        0.0000000000000000     0.0000000000000000
     0.1232609921682268    -0.0102514241439151        1.1600756979508959     0.0000000000000000        0.0000000000000000     0.0000000000000000
     0.0000000000000000     0.0000000000000000        0.0000000000000000     0.0000000000000000        0.2694508347320927     0.0000000000000000
    1    2
     0.0775827495303013    -0.2275284503794293       -0.2796268509924236     0.0085443425086897        0.0000000000000000     0.0000000000000000
    -0.2796268509924236     0.0085443425086897        0.2468387841456065    -0.3808411987517730        0.0000000000000000     0.0000000000000000
     0.0000000000000000     0.0000000000000000        0.0000000000000000     0.0000000000000000        0.0405831486026957    -0.1188237912964956
    2    1
     0.0775827495303013     0.2275284503794293       -0.2796268509924236    -0.0085443425086897        0.0000000000000000     0.0000000000000000
    -0.2796268509924236    -0.0085443425086897        0.2468387841456065     0.3808411987517730        0.0000000000000000     0.0000000000000000
     0.0000000000000000     0.0000000000000000        0.0000000000000000     0.0000000000000000        0.0405831486026957     0.1188237912964956
    2    2
     1.4351648762262519     0.0000000000000000        0.1232609921682267    -0.0102514241439151        0.0000000000000000     0.0000000000000000
     0.1232609921682268     0.0102514241439151        1.1600756979508959     0.0000000000000000        0.0000000000000000     0.0000000000000000
     0.0000000000000000     0.0000000000000000        0.0000000000000000     0.0000000000000000        0.2694508347320927     0.0000000000000000

     Dynamical Matrix in cartesian axes

     q = (     0.135501355014    -0.156463487585     0.000000000000 )

    1    1
     1.3355951430330930     0.0000000000000000       -0.1807476044304358     0.0102514241439151        0.0000000000000000     0.0000000000000000
    -0.1807476044304359    -0.0102514241439151        1.2596454311440539     0.0000000000000000        0.0000000000000000     0.0000000000000000
     0.0000000000000000     0.0000000000000000        0.0000000000000000     0.0000000000000000        0.2694508347320927     0.0000000000000000
    1    2
    -0.2713971101523702     0.2001531997764170       -0.1677438173505178    -0.1492237121433739        0.0000000000000000     0.0000000000000000
    -0.1677438173505177    -0.1492237121433739       -0.4176772263708855    -0.1769256247483322        0.0000000000000000     0.0000000000000000
     0.0000000000000000     0.0000000000000000        0.0000000000000000     0.0000000000000000       -0.1231959947238340     0.0242658651728452
    2    1
    -0.2713971101523702    -0.2001531997764170       -0.1677438173505178     0.1492237121433739        0.0000000000000000     0.0000000000000000
    -0.1677438173505177     0.1492237121433739       -0.4176772263708855     0.1769256247483322        0.0000000000000000     0.0000000000000000
     0.0000000000000000     0.0000000000000000        0.0000000000000000     0.0000000000000000       -0.1231959947238340    -0.0242658651728452
    2    2
     1.3355951430330930    -0.0000000000000000       -0.1807476044304358    -0.0102514241439151        0.0000000000000000     0.0000000000000000
    -0.1807476044304359     0.0102514241439151        1.2596454311440539    -0.0000000000000000        0.0000000000000000     0.0000000000000000
     0.0000000000000000     0.0000000000000000        0.0000000000000000     0.0000000000000000        0.2694508347320927     0.0000000000000000

     Dynamical Matrix in cartesian axes

     q = (    -0.135501355014    -0.156463487585     0.000000000000 )

    1    1
     1.3355951430330930     0.0000000000000000        0.1807476044304359    -0.0102514241439151        0.0000000000000000     0.0000000000000000
     0.1807476044304359     0.0102514241439151        1.2596454311440541     0.0000000000000000        0.0000000000000000     0.0000000000000000
     0.0000000000000000     0.0000000000000000        0.0000000000000000     0.0000000000000000        0.2694508347320927     0.0000000000000000
    1    2
    -0.0376391810479045    -0.3351133939875264       -0.2131034383565481     0.0706585386615752        0.0000000000000000     0.0000000000000000
    -0.2131034383565480     0.0706585386615753        0.3620607147238125    -0.2732562551436757        0.0000000000000000     0.0000000000000000
     0.0000000000000000     0.0000000000000000        0.0000000000000000     0.0000000000000000        0.0405831486026957    -0.1188237912964956
    2    1
    -0.0376391810479045     0.3351133939875264       -0.2131034383565481    -0.0706585386615752        0.0000000000000000     0.0000000000000000
    -0.2131034383565480    -0.0706585386615753        0.3620607147238125     0.2732562551436757        0.0000000000000000     0.0000000000000000
     0.0000000000000000     0.0000000000000000        0.0000000000000000     0.0000000000000000        0.0405831486026957     0.1188237912964956
    2    2
     1.3355951430330930    -0.0000000000000000        0.1807476044304359     0.0102514241439151        0.0000000000000000     0.0000000000000000
     0.1807476044304359    -0.0102514241439151        1.2596454311440541    -0.0000000000000000        0.0000000000000000     0.0000000000000000
     0.0000000000000000     0.0000000000000000        0.0000000000000000     0.0000000000000000        0.2694508347320927     0.0000000000000000

     Dynamical Matrix in cartesian axes

     q = (     0.203252032520    -0.039115871896     0.000000000000 )

    1    1
     1.4351648762262519     0.0000000000000000       -0.1232609921682268    -0.0102514241439151        0.0000000000000000     0.0000000000000000
    -0.1232609921682267     0.0102514241439151        1.1600756979508957    -0.0000000000000000        0.0000000000000000     0.0000000000000000
     0.0000000000000000     0.0000000000000000        0.0000000000000000     0.0000000000000000        0.2694508347320927     0.0000000000000000
    1    2
    -0.0775827296391316     0.2275284571619279       -0.2796268502454524     0.0085443669544461        0.0000000000000000     0.0000000000000000
    -0.2796268502454525     0.0085443669544461       -0.2468387508514095     0.3808412203311041        0.0000000000000000     0.0000000000000000
     0.0000000000000000     0.0000000000000000        0.0000000000000000     0.0000000000000000       -0.0405831382147895     0.1188237948443868
    2    1
    -0.0775827296391316    -0.2275284571619279       -0.2796268502454524    -0.0085443669544461        0.0000000000000000     0.0000000000000000
    -0.2796268502454525    -0.0085443669544461       -0.2468387508514095    -0.3808412203311041        0.0000000000000000     0.0000000000000000
     0.0000000000000000     0.0000000000000000        0.0000000000000000     0.0000000000000000       -0.0405831382147895    -0.1188237948443868
    2    2
     1.4351648762262519     0.0000000000000000       -0.1232609921682268     0.0102514241439151        0.0000000000000000     0.0000000000000000
    -0.1232609921682267    -0.0102514241439151        1.1600756979508957     0.0000000000000000        0.0000000000000000     0.0000000000000000
     0.0000000000000000     0.0000000000000000        0.0000000000000000     0.0000000000000000        0.2694508347320927     0.0000000000000000

     Dynamical Matrix in cartesian axes

     q = (    -0.203252032520     0.039115871896     0.000000000000 )

    1    1
     1.4351648762262519     0.0000000000000000       -0.1232609921682268     0.0102514241439151        0.0000000000000000     0.0000000000000000
    -0.1232609921682267    -0.0102514241439151        1.1600756979508957     0.0000000000000000        0.0000000000000000     0.0000000000000000
     0.0000000000000000     0.0000000000000000        0.0000000000000000     0.0000000000000000        0.2694508347320927     0.0000000000000000
    1    2
    -0.0775827296391316    -0.2275284571619279       -0.2796268502454524    -0.0085443669544460        0.0000000000000000     0.0000000000000000
    -0.2796268502454525    -0.0085443669544461       -0.2468387508514095    -0.3808412203311041        0.0000000000000000     0.0000000000000000
     0.0000000000000000     0.0000000000000000        0.0000000000000000     0.0000000000000000       -0.0405831382147895    -0.1188237948443868
    2    1
    -0.0775827296391316     0.2275284571619279       -0.2796268502454524     0.0085443669544460        0.0000000000000000     0.0000000000000000
    -0.2796268502454525     0.0085443669544461       -0.2468387508514095     0.3808412203311041        0.0000000000000000     0.0000000000000000
     0.0000000000000000     0.0000000000000000        0.0000000000000000     0.0000000000000000       -0.0405831382147895     0.1188237948443868
    2    2
     1.4351648762262519     0.0000000000000000       -0.1232609921682268    -0.0102514241439151        0.0000000000000000     0.0000000000000000
    -0.1232609921682267     0.0102514241439151        1.1600756979508957    -0.0000000000000000        0.0000000000000000     0.0000000000000000
     0.0000000000000000     0.0000000000000000        0.0000000000000000     0.0000000000000000        0.2694508347320927     0.0000000000000000

     Dynamical Matrix in cartesian axes

     q = (     0.135501355014     0.156463487585     0.000000000000 )

    1    1
     1.3355951430330930    -0.0000000000000000        0.1807476044304359     0.0102514241439151        0.0000000000000000     0.0000000000000000
     0.1807476044304359    -0.0102514241439151        1.2596454311440541    -0.0000000000000000        0.0000000000000000     0.0000000000000000
     0.0000000000000000     0.0000000000000000        0.0000000000000000     0.0000000000000000        0.2694508347320927     0.0000000000000000
    1    2
    -0.0376391810479045     0.3351133939875264       -0.2131034383565481    -0.0706585386615752        0.0000000000000000     0.0000000000000000
    -0.2131034383565480    -0.0706585386615753        0.3620607147238125     0.2732562551436757        0.0000000000000000     0.0000000000000000
     0.0000000000000000     0.0000000000000000        0.0000000000000000     0.0000000000000000        0.0405831486026957     0.1188237912964956
    2    1
    -0.0376391810479045    -0.3351133939875264       -0.2131034383565481     0.0706585386615752        0.0000000000000000     0.0000000000000000
    -0.2131034383565480     0.0706585386615753        0.3620607147238125    -0.2732562551436757        0.0000000000000000     0.0000000000000000
     0.0000000000000000     0.0000000000000000        0.0000000000000000     0.0000000000000000        0.0405831486026957    -0.1188237912964956
    2    2
     1.3355951430330930     0.0000000000000000        0.1807476044304359    -0.0102514241439151        0.0000000000000000     0.0000000000000000
     0.1807476044304359     0.0102514241439151        1.2596454311440541     0.0000000000000000        0.0000000000000000     0.0000000000000000
     0.0000000000000000     0.0000000000000000        0.0000000000000000     0.0000000000000000        0.2694508347320927     0.0000000000000000

     Diagonalizing the dynamical matrix

     q = (     0.067750677507     0.195579359482     0.000000000000 )

***************************************************************************
   freq (    1) =    11.92703679 [THz] =   397.84306664 [cm-1]
(   0.000000  0.000000   0.000000  0.000000   0.705138  0.052728 )
(   0.000000 -0.000000   0.000000 -0.000000   0.178009  0.684334 )
   freq (    2) =    19.76181476 [THz] =   659.18309158 [cm-1]
(   0.000000  0.000000  -0.000000  0.000000   0.704353  0.062342 )
(   0.000000  0.000000   0.000000  0.000000  -0.168658 -0.686698 )
   freq (    3) =    23.06226424 [THz] =   769.27422037 [cm-1]
(   0.698591  0.000000  -0.065310  0.087776  -0.000000 -0.000000 )
(   0.537462  0.446278   0.005827 -0.109253   0.000000  0.000000 )
   freq (    4) =    34.15006212 [THz] =  1139.12329436 [cm-1]
(   0.177715  0.000000  -0.021051 -0.684086   0.000000  0.000000 )
(   0.062225 -0.166465   0.633411  0.259244  -0.000000 -0.000000 )
   freq (    5) =    41.12531277 [THz] =  1371.79257811 [cm-1]
(  -0.686169  0.000000  -0.015488 -0.170096   0.000000  0.000000 )
(   0.549377  0.411111   0.114312 -0.126907   0.000000  0.000000 )
   freq (    6) =    41.73928113 [THz] =  1392.27235540 [cm-1]
(  -0.097776  0.000000  -0.396199  0.577466  -0.000000 -0.000000 )
(   0.097771  0.000929   0.390692  0.581205  -0.000000 -0.000000 )
***************************************************************************
