Dynamical matrix file
File generated with the CellConstructor by Lorenzo Monacelli
1 2 0     1.8897259890000000     0.0000000000000000     0.0000000000000000     0.0000000000000000     0.0000000000000000     0.0000000000000000
Basis vectors
    2.4600000000000000     0.0000000000000000     0.0000000000000000
   -1.2300000000000000     2.1304224933097187     0.0000000000000000
    0.0000000000000000     0.0000000000000000    15.0000000000000000
	1  'C '  10947.3571678344233078
    1     1     0.0000000000000001    -0.0000000000000007     7.4999999999999982
    2     1     1.2299999999999998     0.7101408311032394     7.4999999999999982

     Dynamical Matrix in cartesian axes

     q = (     0.135501355014    -0.078231743793     0.000000000000 )

    1    1
     1.3878831710530903     0.0000000000000000       -0.1951257828942077     0.0000000000000000        0.0000000000000000     0.0000000000000000
    -0.1951257828942076     0.0000000000000000        1.1625713244934763     0.0000000000000000        0.0000000000000000     0.0000000000000000
     0.0000000000000000     0.0000000000000000        0.0000000000000000     0.0000000000000000        0.2947811835046472     0.0000000000000000
    1    2
    -0.4208076555625491     0.4270103867379429       -0.1939176045995765    -0.1564956368647048        0.0000000000000000     0.0000000000000000
    -0.1939176045995765    -0.1564956368647048       -0.6447244179948952     0.2463047905962645        0.0000000000000000     0.0000000000000000
     0.0000000000000000     0.0000000000000000       -0.0000000000000000    -0.0000000000000000       -0.1748976078956292     0.1430516252165194
    2    1
    -0.4208076555625491    -0.4270103867379429       -0.1939176045995765     0.1564956368647048        0.0000000000000000     0.0000000000000000
    -0.1939176045995765     0.1564956368647048       -0.6447244179948952    -0.2463047905962645       -0.0000000000000000     0.0000000000000000
     0.0000000000000000     0.0000000000000000        0.0000000000000000    -0.0000000000000000       -0.1748976078956292    -0.1430516252165194
    2    2
     1.3878831710530903     0.0000000000000000       -0.1951257828942077     0.0000000000000000       -0.0000000000000000     0.0000000000000000
    -0.1951257828942076     0.0000000000000000        1.1625713244934763     0.0000000000000000       -0.0000000000000000     0.0000000000000000
    -0.0000000000000000     0.0000000000000000       -0.0000000000000000     0.0000000000000000        0.2947811835046472     0.0000000000000000

     Dynamical Matrix in cartesian axes

     q = (    -0.135501355014     0.078231743793     0.000000000000 )

    1    1
     1.3878831710530903     0.0000000000000000       -0.1951257828942077     0.0000000000000000        0.0000000000000000     0.0000000000000000
    -0.1951257828942076     0.0000000000000000        1.1625713244934763     0.0000000000000000        0.0000000000000000     0.0000000000000000
     0.0000000000000000     0.0000000000000000        0.0000000000000000     0.0000000000000000        0.2947811835046472     0.0000000000000000
    1    2
    -0.4208076555625491    -0.4270103867379429       -0.1939176045995765     0.1564956368647048        0.0000000000000000     0.0000000000000000
    -0.1939176045995765     0.1564956368647048       -0.6447244179948952    -0.2463047905962645        0.0000000000000000    -0.0000000000000000
     0.0000000000000000     0.0000000000000000       -0.0000000000000000     0.0000000000000000       -0.1748976078956292    -0.1430516252165194
    2    1
    -0.4208076555625491     0.4270103867379429       -0.1939176045995765    -0.1564956368647048        0.0000000000000000     0.0000000000000000
    -0.1939176045995765    -0.1564956368647048       -0.6447244179948952     0.2463047905962645       -0.0000000000000000    -0.0000000000000000
     0.0000000000000000     0.0000000000000000        0.0000000000000000     0.0000000000000000       -0.1748976078956292     0.1430516252165194
    2    2
     1.3878831710530903     0.0000000000000000       -0.1951257828942077     0.0000000000000000       -0.0000000000000000     0.0000000000000000
    -0.1951257828942076     0.0000000000000000        1.1625713244934763     0.0000000000000000       -0.0000000000000000     0.0000000000000000
    -0.0000000000000000     0.0000000000000000       -0.0000000000000000     0.0000000000000000        0.2947811835046472     0.0000000000000000

     Dynamical Matrix in cartesian axes

     q = (    -0.135501355014    -0.078231743793     0.000000000000 )

    1    1
     1.3878831710530903     0.0000000000000000        0.1951257828942078     0.0000000000000000        0.0000000000000000     0.0000000000000000
     0.1951257828942078     0.0000000000000000        1.1625713244934763     0.0000000000000000        0.0000000000000000     0.0000000000000000
     0.0000000000000000     0.0000000000000000        0.0000000000000000     0.0000000000000000        0.2947811835046472     0.0000000000000000
    1    2
    -0.1593979811304607    -0.5779353224831215       -0.2324880046333317     0.0896897398420756        0.0000000000000000     0.0000000000000000
    -0.2324880046333317     0.0896897398420755        0.1090560429863653    -0.6815001133658614        0.0000000000000000     0.0000000000000000
     0.0000000000000000     0.0000000000000000       -0.0000000000000000     0.0000000000000000       -0.0364375245459791    -0.2229915862306513
    2    1
    -0.1593979811304607     0.5779353224831215       -0.2324880046333317    -0.0896897398420756        0.0000000000000000     0.0000000000000000
    -0.2324880046333317    -0.0896897398420755        0.1090560429863653     0.6815001133658614       -0.0000000000000000     0.0000000000000000
     0.0000000000000000     0.0000000000000000        0.0000000000000000     0.0000000000000000       -0.0364375245459791     0.2229915862306513
    2    2
     1.3878831710530903     0.0000000000000000        0.1951257828942078     0.0000000000000000       -0.0000000000000000     0.0000000000000000
     0.1951257828942078     0.0000000000000000        1.1625713244934763     0.0000000000000000       -0.0000000000000000     0.0000000000000000
    -0.0000000000000000     0.0000000000000000       -0.0000000000000000     0.0000000000000000        0.2947811835046472     0.0000000000000000

     Dynamical Matrix in cartesian axes

     q = (     0.135501355014     0.078231743793     0.000000000000 )

    1    1
     1.3878831710530903     0.0000000000000000        0.1951257828942078     0.0000000000000000        0.0000000000000000     0.0000000000000000
     0.1951257828942078     0.0000000000000000        1.1625713244934763     0.0000000000000000        0.0000000000000000     0.0000000000000000
     0.0000000000000000     0.0000000000000000        0.0000000000000000     0.0000000000000000        0.2947811835046472     0.0000000000000000
    1    2
    -0.1593979811304607     0.5779353224831215       -0.2324880046333317    -0.0896897398420756        0.0000000000000000     0.0000000000000000
    -0.2324880046333317    -0.0896897398420755        0.1090560429863653     0.6815001133658614        0.0000000000000000     0.0000000000000000
     0.0000000000000000     0.0000000000000000       -0.0000000000000000     0.0000000000000000       -0.0364375245459791     0.2229915862306513
    2    1
    -0.1593979811304607    -0.5779353224831215       -0.2324880046333317     0.0896897398420756        0.0000000000000000     0.0000000000000000
    -0.2324880046333317     0.0896897398420755        0.1090560429863653    -0.6815001133658614       -0.0000000000000000     0.0000000000000000
     0.0000000000000000     0.0000000000000000        0.0000000000000000     0.0000000000000000       -0.0364375245459791    -0.2229915862306513
    2    2
     1.3878831710530903     0.0000000000000000        0.1951257828942078     0.0000000000000000       -0.0000000000000000     0.0000000000000000
     0.1951257828942078     0.0000000000000000        1.1625713244934763     0.0000000000000000       -0.0000000000000000     0.0000000000000000
    -0.0000000000000000     0.0000000000000000       -0.0000000000000000     0.0000000000000000        0.2947811835046472     0.0000000000000000

     Dynamical Matrix in cartesian axes

     q = (    -0.000000000000    -0.156463487585     0.000000000000 )

    1    1
     1.0499154012136684     0.0000000000000000        0.0000000000000000     0.0000000000000000        0.0000000000000000     0.0000000000000000
     0.0000000000000001     0.0000000000000000        1.5005390943328982     0.0000000000000000        0.0000000000000000     0.0000000000000000
     0.0000000000000000     0.0000000000000000        0.0000000000000000     0.0000000000000000        0.2947811835046472     0.0000000000000000
    1    2
    -0.7566827992110676    -0.1559519925254262        0.0000000000000000     0.0000000000000000        0.0000000000000000     0.0000000000000000
     0.0000000000000000     0.0000000000000000       -0.3088492743463754    -0.5173631848087827        0.0000000000000000     0.0000000000000000
     0.0000000000000000     0.0000000000000000        0.0000000000000000     0.0000000000000000       -0.1748976078956291    -0.1430516252165197
    2    1
    -0.7566827992110676     0.1559519925254262        0.0000000000000000     0.0000000000000000        0.0000000000000000     0.0000000000000000
     0.0000000000000000     0.0000000000000000       -0.3088492743463754     0.5173631848087827        0.0000000000000000     0.0000000000000000
     0.0000000000000000     0.0000000000000000        0.0000000000000000     0.0000000000000000       -0.1748976078956291     0.1430516252165197
    2    2
     1.0499154012136684     0.0000000000000000        0.0000000000000000     0.0000000000000000        0.0000000000000000     0.0000000000000000
     0.0000000000000001     0.0000000000000000        1.5005390943328982     0.0000000000000000       -0.0000000000000000     0.0000000000000000
     0.0000000000000000     0.0000000000000000       -0.0000000000000000     0.0000000000000000        0.2947811835046472     0.0000000000000000

     Dynamical Matrix in cartesian axes

     q = (     0.000000000000     0.156463487585     0.000000000000 )

    1    1
     1.0499154012136684     0.0000000000000000        0.0000000000000000     0.0000000000000000        0.0000000000000000     0.0000000000000000
     0.0000000000000001     0.0000000000000000        1.5005390943328982     0.0000000000000000        0.0000000000000000     0.0000000000000000
     0.0000000000000000     0.0000000000000000        0.0000000000000000     0.0000000000000000        0.2947811835046472     0.0000000000000000
    1    2
    -0.7566827992110676     0.1559519925254262        0.0000000000000000     0.0000000000000000        0.0000000000000000    -0.0000000000000000
     0.0000000000000000     0.0000000000000000       -0.3088492743463754     0.5173631848087827        0.0000000000000000    -0.0000000000000000
     0.0000000000000000    -0.0000000000000000        0.0000000000000000    -0.0000000000000000       -0.1748976078956291     0.1430516252165197
    2    1
    -0.7566827992110676    -0.1559519925254262        0.0000000000000000     0.0000000000000000        0.0000000000000000    -0.0000000000000000
     0.0000000000000000     0.0000000000000000       -0.3088492743463754    -0.5173631848087827        0.0000000000000000    -0.0000000000000000
     0.0000000000000000    -0.0000000000000000        0.0000000000000000    -0.0000000000000000       -0.1748976078956291    -0.1430516252165197
    2    2
     1.0499154012136684     0.0000000000000000        0.0000000000000000     0.0000000000000000        0.0000000000000000     0.0000000000000000
     0.0000000000000001     0.0000000000000000        1.5005390943328982     0.0000000000000000       -0.0000000000000000     0.0000000000000000
     0.0000000000000000     0.0000000000000000       -0.0000000000000000     0.0000000000000000        0.2947811835046472     0.0000000000000000

     Diagonalizing the dynamical matrix

     q = (     0.135501355014    -0.078231743793     0.000000000000 )

***************************************************************************
   freq (    1) =     8.24928813 [THz] =   275.16659373 [cm-1]
(   0.000000  0.000000   0.000000 -0.000000  -0.110572 -0.698408 )
(  -0.000000  0.000000   0.000000  0.000000   0.356583 -0.610613 )
   freq (    2) =    16.55839372 [THz] =   552.32848292 [cm-1]
(  -0.353553  0.000000  -0.612372 -0.000000  -0.000000 -0.000000 )
(  -0.346275 -0.071367  -0.599767 -0.123612   0.000000 -0.000000 )
   freq (    3) =    22.68960824 [THz] =   756.84375600 [cm-1]
(  -0.000000  0.000000  -0.000000 -0.000000  -0.019083 -0.706849 )
(  -0.000000 -0.000000  -0.000000 -0.000000  -0.432745  0.559224 )
   freq (    4) =    29.79606848 [THz] =   993.88971998 [cm-1]
(   0.612372  0.000000  -0.353553 -0.000000  -0.000000 -0.000000 )
(   0.313890  0.525807  -0.181224 -0.303575  -0.000000  0.000000 )
   freq (    5) =    42.44774506 [THz] =  1415.90416489 [cm-1]
(   0.353553  0.000000   0.612372  0.000000  -0.000000  0.000000 )
(  -0.346275 -0.071367  -0.599767 -0.123612   0.000000  0.000000 )
   freq (    6) =    45.59825993 [THz] =  1520.99401401 [cm-1]
(  -0.612372  0.000000   0.353553  0.000000  -0.000000  0.000000 )
(   0.313890  0.525807  -0.181224 -0.303575   0.000000  0.000000 )
***************************************************************************
