Dynamical matrix file
File generated with the CellConstructor by Lorenzo Monacelli
1 2 0     1.8897259890000000     0.0000000000000000     0.0000000000000000     0.0000000000000000     0.0000000000000000     0.0000000000000000
Basis vectors
    2.4600000000000000     0.0000000000000000     0.0000000000000000
   -1.2300000000000000     2.1304224933097187     0.0000000000000000
    0.0000000000000000     0.0000000000000000    15.0000000000000000
	1  'C '  10947.3571678344233078
    1     1     0.0000000000000001    -0.0000000000000007     7.4999999999999982
    2     1     1.2299999999999998     0.7101408311032394     7.4999999999999982

     Dynamical Matrix in cartesian axes

     q = (     0.067750677507    -0.039115871896     0.000000000000 )

    1    1
     1.2231715492181017     0.0000000000000000       -0.0876779213886910     0.0000000000000000        0.0000000000000000     0.0000000000000000
    -0.0876779213886910     0.0000000000000000        1.1219298061866070     0.0000000000000000        0.0000000000000000     0.0000000000000000
     0.0000000000000000     0.0000000000000000        0.0000000000000000     0.0000000000000000        0.3261504268523707     0.0000000000000000
    1    2
    -0.9049273485963570     0.4029238468575569       -0.0271988775483291    -0.1201718503230607        0.0000000000000000     0.0000000000000000
    -0.0271988775483291    -0.1201718503230607       -0.9363339071447242     0.2641613465914880        0.0000000000000000     0.0000000000000000
     0.0000000000000000     0.0000000000000000        0.0000000000000000     0.0000000000000000       -0.3010596402993791     0.1108241539242089
    2    1
    -0.9049273485963570    -0.4029238468575569       -0.0271988775483291     0.1201718503230607        0.0000000000000000     0.0000000000000000
    -0.0271988775483291     0.1201718503230607       -0.9363339071447242    -0.2641613465914880        0.0000000000000000     0.0000000000000000
     0.0000000000000000     0.0000000000000000        0.0000000000000000     0.0000000000000000       -0.3010596402993791    -0.1108241539242089
    2    2
     1.2231715492181017     0.0000000000000000       -0.0876779213886910     0.0000000000000000        0.0000000000000000     0.0000000000000000
    -0.0876779213886910     0.0000000000000000        1.1219298061866070     0.0000000000000000        0.0000000000000000     0.0000000000000000
     0.0000000000000000     0.0000000000000000        0.0000000000000000     0.0000000000000000        0.3261504268523707     0.0000000000000000

     Dynamical Matrix in cartesian axes

     q = (    -0.067750677507     0.039115871896     0.000000000000 )

    1    1
     1.2231715492181017     0.0000000000000000       -0.0876779213886910     0.0000000000000000        0.0000000000000000     0.0000000000000000
    -0.0876779213886910     0.0000000000000000        1.1219298061866070     0.0000000000000000        0.0000000000000000     0.0000000000000000
     0.0000000000000000     0.0000000000000000        0.0000000000000000     0.0000000000000000        0.3261504268523707     0.0000000000000000
    1    2
    -0.9049273485963570    -0.4029238468575569       -0.0271988775483291     0.1201718503230607        0.0000000000000000     0.0000000000000000
    -0.0271988775483291     0.1201718503230607       -0.9363339071447242    -0.2641613465914880        0.0000000000000000     0.0000000000000000
     0.0000000000000000     0.0000000000000000        0.0000000000000000     0.0000000000000000       -0.3010596402993791    -0.1108241539242089
    2    1
    -0.9049273485963570     0.4029238468575569       -0.0271988775483291    -0.1201718503230607        0.0000000000000000     0.0000000000000000
    -0.0271988775483291    -0.1201718503230607       -0.9363339071447242     0.2641613465914880        0.0000000000000000     0.0000000000000000
     0.0000000000000000     0.0000000000000000        0.0000000000000000     0.0000000000000000       -0.3010596402993791     0.1108241539242089
    2    2
     1.2231715492181017     0.0000000000000000       -0.0876779213886910     0.0000000000000000        0.0000000000000000     0.0000000000000000
    -0.0876779213886910     0.0000000000000000        1.1219298061866070     0.0000000000000000        0.0000000000000000     0.0000000000000000
     0.0000000000000000     0.0000000000000000        0.0000000000000000     0.0000000000000000        0.3261504268523707     0.0000000000000000

     Dynamical Matrix in cartesian axes

     q = (    -0.067750677507    -0.039115871896     0.000000000000 )

    1    1
     1.2231715492181017     0.0000000000000000        0.0876779213886910     0.0000000000000000        0.0000000000000000     0.0000000000000000
     0.0876779213886910     0.0000000000000000        1.1219298061866070     0.0000000000000000        0.0000000000000000     0.0000000000000000
     0.0000000000000000     0.0000000000000000        0.0000000000000000     0.0000000000000000        0.3261504268523707     0.0000000000000000
    1    2
    -0.8014059445007057    -0.5822281723886747       -0.0904724388627589     0.0836408414363548        0.0000000000000000     0.0000000000000000
    -0.0904724388627590     0.0836408414363548       -0.6969373706373944    -0.6788082970257276        0.0000000000000000     0.0000000000000000
     0.0000000000000000     0.0000000000000000        0.0000000000000000     0.0000000000000000       -0.2465063468179539    -0.2053132267747865
    2    1
    -0.8014059445007057     0.5822281723886747       -0.0904724388627589    -0.0836408414363548        0.0000000000000000     0.0000000000000000
    -0.0904724388627590    -0.0836408414363548       -0.6969373706373944     0.6788082970257276        0.0000000000000000     0.0000000000000000
     0.0000000000000000     0.0000000000000000        0.0000000000000000     0.0000000000000000       -0.2465063468179539     0.2053132267747865
    2    2
     1.2231715492181017     0.0000000000000000        0.0876779213886910     0.0000000000000000        0.0000000000000000     0.0000000000000000
     0.0876779213886910     0.0000000000000000        1.1219298061866070     0.0000000000000000        0.0000000000000000     0.0000000000000000
     0.0000000000000000     0.0000000000000000        0.0000000000000000     0.0000000000000000        0.3261504268523707     0.0000000000000000

     Dynamical Matrix in cartesian axes

     q = (     0.067750677507     0.039115871896     0.000000000000 )

    1    1
     1.2231715492181017     0.0000000000000000        0.0876779213886910     0.0000000000000000        0.0000000000000000     0.0000000000000000
     0.0876779213886910     0.0000000000000000        1.1219298061866070     0.0000000000000000        0.0000000000000000     0.0000000000000000
     0.0000000000000000     0.0000000000000000        0.0000000000000000     0.0000000000000000        0.3261504268523707     0.0000000000000000
    1    2
    -0.8014059445007057     0.5822281723886747       -0.0904724388627589    -0.0836408414363548        0.0000000000000000     0.0000000000000000
    -0.0904724388627590    -0.0836408414363548       -0.6969373706373944     0.6788082970257276        0.0000000000000000     0.0000000000000000
     0.0000000000000000     0.0000000000000000        0.0000000000000000     0.0000000000000000       -0.2465063468179539     0.2053132267747865
    2    1
    -0.8014059445007057    -0.5822281723886747       -0.0904724388627589     0.0836408414363548        0.0000000000000000     0.0000000000000000
    -0.0904724388627590     0.0836408414363548       -0.6969373706373944    -0.6788082970257276        0.0000000000000000     0.0000000000000000
     0.0000000000000000     0.0000000000000000        0.0000000000000000     0.0000000000000000       -0.2465063468179539    -0.2053132267747865
    2    2
     1.2231715492181017     0.0000000000000000        0.0876779213886910     0.0000000000000000        0.0000000000000000     0.0000000000000000
     0.0876779213886910     0.0000000000000000        1.1219298061866070     0.0000000000000000        0.0000000000000000     0.0000000000000000
     0.0000000000000000     0.0000000000000000        0.0000000000000000     0.0000000000000000        0.3261504268523707     0.0000000000000000

     Dynamical Matrix in cartesian axes

     q = (    -0.000000000000    -0.078231743793     0.000000000000 )

    1    1
     1.0713089346708584     0.0000000000000000        0.0000000000000000     0.0000000000000000        0.0000000000000000     0.0000000000000000
     0.0000000000000000     0.0000000000000000        1.2737924207338498     0.0000000000000000        0.0000000000000000     0.0000000000000000
     0.0000000000000000     0.0000000000000000        0.0000000000000000     0.0000000000000000        0.3261504268523707     0.0000000000000000
    1    2
    -0.9520371864189069    -0.1947800964584542       -0.0000000000000000     0.0000000000000000        0.0000000000000000     0.0000000000000000
     0.0000000000000000     0.0000000000000000       -0.8892240693221735    -0.4723050969905924        0.0000000000000000     0.0000000000000000
     0.0000000000000000     0.0000000000000000        0.0000000000000000     0.0000000000000000       -0.3010596402993789    -0.1108241539242092
    2    1
    -0.9520371864189069     0.1947800964584542       -0.0000000000000000     0.0000000000000000        0.0000000000000000     0.0000000000000000
     0.0000000000000000     0.0000000000000000       -0.8892240693221735     0.4723050969905924        0.0000000000000000     0.0000000000000000
     0.0000000000000000     0.0000000000000000        0.0000000000000000     0.0000000000000000       -0.3010596402993789     0.1108241539242092
    2    2
     1.0713089346708584     0.0000000000000000        0.0000000000000000     0.0000000000000000        0.0000000000000000     0.0000000000000000
     0.0000000000000000     0.0000000000000000        1.2737924207338498     0.0000000000000000        0.0000000000000000     0.0000000000000000
     0.0000000000000000     0.0000000000000000        0.0000000000000000     0.0000000000000000        0.3261504268523707     0.0000000000000000

     Dynamical Matrix in cartesian axes

     q = (     0.000000000000     0.078231743793     0.000000000000 )

    1    1
     1.0713089346708584     0.0000000000000000        0.0000000000000000     0.0000000000000000        0.0000000000000000     0.0000000000000000
     0.0000000000000000     0.0000000000000000        1.2737924207338498     0.0000000000000000        0.0000000000000000     0.0000000000000000
     0.0000000000000000     0.0000000000000000        0.0000000000000000     0.0000000000000000        0.3261504268523707     0.0000000000000000
    1    2
    -0.9520371864189069     0.1947800964584542       -0.0000000000000000     0.0000000000000000        0.0000000000000000     0.0000000000000000
     0.0000000000000000     0.0000000000000000       -0.8892240693221735     0.4723050969905924        0.0000000000000000     0.0000000000000000
     0.0000000000000000     0.0000000000000000        0.0000000000000000     0.0000000000000000       -0.3010596402993789     0.1108241539242092
    2    1
    -0.9520371864189069    -0.1947800964584542       -0.0000000000000000     0.0000000000000000        0.0000000000000000     0.0000000000000000
     0.0000000000000000     0.0000000000000000       -0.8892240693221735    -0.4723050969905924        0.0000000000000000     0.0000000000000000
     0.0000000000000000     0.0000000000000000        0.0000000000000000     0.0000000000000000       -0.3010596402993789    -0.1108241539242092
    2    2
     1.0713089346708584     0.0000000000000000        0.0000000000000000     0.0000000000000000        0.0000000000000000     0.0000000000000000
     0.0000000000000000     0.0000000000000000        1.2737924207338498     0.0000000000000000        0.0000000000000000     0.0000000000000000
     0.0000000000000000     0.0000000000000000        0.0000000000000000     0.0000000000000000        0.3261504268523707     0.0000000000000000

     Diagonalizing the dynamical matrix

     q = (     0.067750677507    -0.039115871896     0.000000000000 )

***************************************************************************
   freq (    1) =     2.29783321 [THz] =    76.64745449 [cm-1]
(   0.000000  0.000000   0.000000 -0.000000   0.707063  0.007849 )
(   0.000000 -0.000000   0.000000  0.000000   0.660822  0.251622 )
   freq (    2) =     9.92071020 [THz] =   330.91922465 [cm-1]
(   0.353553  0.000000   0.612372 -0.000000  -0.000000  0.000000 )
(   0.346378  0.070867   0.599945  0.122744  -0.000000 -0.000000 )
   freq (    3) =    16.24468893 [THz] =   541.86441889 [cm-1]
(  -0.612372  0.000000   0.353553  0.000000  -0.000000 -0.000000 )
(  -0.540820 -0.287253   0.312242  0.165845  -0.000000 -0.000000 )
   freq (    4) =    25.29061599 [THz] =   843.60402325 [cm-1]
(   0.000000  0.000000  -0.000000 -0.000000   0.705278  0.050818 )
(   0.000000  0.000000  -0.000000  0.000000  -0.644304 -0.291328 )
   freq (    5) =    44.94298921 [THz] =  1499.13653853 [cm-1]
(   0.353553  0.000000   0.612372  0.000000   0.000000 -0.000000 )
(  -0.346378 -0.070867  -0.599945 -0.122744  -0.000000 -0.000000 )
   freq (    6) =    47.48444209 [THz] =  1583.91026971 [cm-1]
(  -0.612372  0.000000   0.353553  0.000000   0.000000  0.000000 )
(   0.540820  0.287253  -0.312242 -0.165845  -0.000000 -0.000000 )
***************************************************************************
