Dynamical matrix file
File generated with the CellConstructor by Lorenzo Monacelli
1 2 0     1.8897259890000000     0.0000000000000000     0.0000000000000000     0.0000000000000000     0.0000000000000000     0.0000000000000000
Basis vectors
    2.4600000000000000     0.0000000000000000     0.0000000000000000
   -1.2300000000000000     2.1304224933097187     0.0000000000000000
    0.0000000000000000     0.0000000000000000    15.0000000000000000
	1  'C '  10947.3571678344233078
    1     1     0.0000000000000001    -0.0000000000000007     7.4999999999999982
    2     1     1.2299999999999998     0.7101408311032394     7.4999999999999982

     Dynamical Matrix in cartesian axes

     q = (    -0.203252032520     0.117347615689     0.000000000000 )

    1    1
     1.4634220877765156     0.0000000000000000       -0.2398762065231908     0.0000000000000000        0.0000000000000000     0.0000000000000000
    -0.2398762065231907     0.0000000000000000        1.1864369029598150     0.0000000000000000        0.0000000000000000     0.0000000000000000
     0.0000000000000000     0.0000000000000000        0.0000000000000000     0.0000000000000000        0.2745946941392723     0.0000000000000000
    1    2
    -0.1612646655614707    -0.0000000046994016       -0.3098682929791439    -0.0000000090298489        0.0000000000000000     0.0000000000000000
    -0.3098682929791440    -0.0000000090298489       -0.5190697502911480    -0.0000000151261731        0.0000000000000000     0.0000000000000000
     0.0000000000000000     0.0000000000000000        0.0000000000000000     0.0000000000000000       -0.0809890985460109    -0.0000000023600973
    2    1
    -0.1612646655614707     0.0000000046994016       -0.3098682929791439     0.0000000090298489        0.0000000000000000     0.0000000000000000
    -0.3098682929791440     0.0000000090298489       -0.5190697502911480     0.0000000151261731        0.0000000000000000     0.0000000000000000
     0.0000000000000000     0.0000000000000000       -0.0000000000000000     0.0000000000000000       -0.0809890985460109     0.0000000023600973
    2    2
     1.4634220877765156     0.0000000000000000       -0.2398762065231908     0.0000000000000000        0.0000000000000000     0.0000000000000000
    -0.2398762065231907     0.0000000000000000        1.1864369029598150     0.0000000000000000        0.0000000000000000     0.0000000000000000
     0.0000000000000000     0.0000000000000000        0.0000000000000000     0.0000000000000000        0.2745946941392723     0.0000000000000000

     Dynamical Matrix in cartesian axes

     q = (     0.203252032520     0.117347615689     0.000000000000 )

    1    1
     1.4634220877765156     0.0000000000000000        0.2398762065231909     0.0000000000000000        0.0000000000000000     0.0000000000000000
     0.2398762065231909     0.0000000000000000        1.1864369029598150     0.0000000000000000        0.0000000000000000     0.0000000000000000
     0.0000000000000000     0.0000000000000000        0.0000000000000000     0.0000000000000000        0.2745946941392723     0.0000000000000000
    1    2
     0.1612646655614705    -0.0000000093988036       -0.3098682929791435     0.0000000180596984        0.0000000000000000     0.0000000000000000
    -0.3098682929791435     0.0000000180596984        0.5190697502911472    -0.0000000302523470        0.0000000000000000    -0.0000000000000000
     0.0000000000000000     0.0000000000000000        0.0000000000000000    -0.0000000000000000        0.0809890985460108    -0.0000000047201948
    2    1
     0.1612646655614705     0.0000000093988036       -0.3098682929791435    -0.0000000180596984       -0.0000000000000000     0.0000000000000000
    -0.3098682929791435    -0.0000000180596984        0.5190697502911472     0.0000000302523470       -0.0000000000000000    -0.0000000000000000
    -0.0000000000000000     0.0000000000000000       -0.0000000000000000    -0.0000000000000000        0.0809890985460108     0.0000000047201948
    2    2
     1.4634220877765156     0.0000000000000000        0.2398762065231909     0.0000000000000000        0.0000000000000000     0.0000000000000000
     0.2398762065231909     0.0000000000000000        1.1864369029598150     0.0000000000000000        0.0000000000000000     0.0000000000000000
     0.0000000000000000     0.0000000000000000        0.0000000000000000     0.0000000000000000        0.2745946941392723     0.0000000000000000

     Dynamical Matrix in cartesian axes

     q = (     0.000000000000     0.234695231378     0.000000000000 )

    1    1
     1.0479443105514639     0.0000000000000000        0.0000000000000000     0.0000000000000000        0.0000000000000000     0.0000000000000000
    -0.0000000000000000     0.0000000000000000        1.6019146801848665     0.0000000000000000        0.0000000000000000     0.0000000000000000
     0.0000000000000000     0.0000000000000000        0.0000000000000000     0.0000000000000000        0.2745946941392723     0.0000000000000000
    1    2
    -0.6979722926559863     0.0000000203395600        0.0000000000000000     0.0000000000000000        0.0000000000000000     0.0000000000000000
     0.0000000000000000     0.0000000000000000        0.0176378768033679    -0.0000000005139841        0.0000000000000000     0.0000000000000000
     0.0000000000000000     0.0000000000000000        0.0000000000000000     0.0000000000000000       -0.0809890985460109     0.0000000023600975
    2    1
    -0.6979722926559863    -0.0000000203395600        0.0000000000000000     0.0000000000000000        0.0000000000000000     0.0000000000000000
     0.0000000000000000    -0.0000000000000000        0.0176378768033679     0.0000000005139841        0.0000000000000000     0.0000000000000000
    -0.0000000000000000     0.0000000000000000       -0.0000000000000000     0.0000000000000000       -0.0809890985460109    -0.0000000023600975
    2    2
     1.0479443105514639     0.0000000000000000        0.0000000000000000     0.0000000000000000        0.0000000000000000     0.0000000000000000
    -0.0000000000000000     0.0000000000000000        1.6019146801848665     0.0000000000000000        0.0000000000000000     0.0000000000000000
     0.0000000000000000     0.0000000000000000        0.0000000000000000     0.0000000000000000        0.2745946941392723     0.0000000000000000

     Diagonalizing the dynamical matrix

     q = (    -0.203252032520     0.117347615689     0.000000000000 )

***************************************************************************
   freq (    1) =    13.83501337 [THz] =   461.48630567 [cm-1]
(   0.000000  0.000000   0.000000  0.000000  -0.707107  0.000000 )
(   0.000000 -0.000000   0.000000 -0.000000  -0.707107  0.000000 )
   freq (    2) =    18.60104277 [THz] =   620.46391148 [cm-1]
(   0.353553  0.000000   0.612372 -0.000000  -0.000000  0.000000 )
(   0.353553 -0.000000   0.612372 -0.000000   0.000000 -0.000000 )
   freq (    3) =    18.74958284 [THz] =   625.41867406 [cm-1]
(   0.000000  0.000000   0.000000  0.000000   0.707107 -0.000000 )
(   0.000000 -0.000000   0.000000 -0.000000  -0.707107  0.000000 )
   freq (    4) =    39.57638866 [THz] =  1320.12603847 [cm-1]
(   0.612372  0.000000  -0.353553  0.000000  -0.000000  0.000000 )
(  -0.612372  0.000000   0.353553 -0.000000   0.000000 -0.000000 )
   freq (    5) =    40.01456994 [THz] =  1334.74219082 [cm-1]
(   0.612372  0.000000  -0.353553  0.000000  -0.000000 -0.000000 )
(   0.612372 -0.000000  -0.353553  0.000000  -0.000000  0.000000 )
   freq (    6) =    41.54630243 [THz] =  1385.83527951 [cm-1]
(  -0.353553  0.000000  -0.612372  0.000000  -0.000000  0.000000 )
(   0.353553 -0.000000   0.612372 -0.000000   0.000000 -0.000000 )
***************************************************************************
