Dynamical matrix file
File generated with the CellConstructor by Lorenzo Monacelli
1 2 0     1.8897259890000000     0.0000000000000000     0.0000000000000000     0.0000000000000000     0.0000000000000000     0.0000000000000000
Basis vectors
    2.4600000000000000     0.0000000000000000     0.0000000000000000
   -1.2300000000000000     2.1304224933097187     0.0000000000000000
    0.0000000000000000     0.0000000000000000    15.0000000000000000
	1  'C '  10947.3571678344233078
    1     1     0.0000000000000001    -0.0000000000000007     7.4999999999999982
    2     1     1.2299999999999998     0.7101408311032394     7.4999999999999982

     Dynamical Matrix in cartesian axes

     q = (     0.067750677507     0.195579359482     0.000000000000 )

    1    1
     1.0998815099525752     0.0000000000000000        0.0572206432190439     0.0114510802764239        0.0000000000000000    -0.0000000000000000
     0.0572206432190440    -0.0114510802764239        1.4449032872521486     0.0000000000000000       -0.0000000000000000     0.0000000000000000
     0.0000000000000000     0.0000000000000000       -0.0000000000000000    -0.0000000000000000        0.2650171938206511    -0.0000000000000000
    1    2
    -0.4313703316053240     0.3413802460284065       -0.0627486990899250    -0.0560138010202794       -0.0000000000000000     0.0000000000000000
    -0.0627486990899250    -0.0560138010202794        0.1100842798696162     0.2580226693610332       -0.0000000000000000    -0.0000000000000000
     0.0000000000000000     0.0000000000000000       -0.0000000000000000    -0.0000000000000000       -0.0402162795454749     0.1181406558387088
    2    1
    -0.4313703316053240    -0.3413802460284065       -0.0627486990899250     0.0560138010202794        0.0000000000000000    -0.0000000000000000
    -0.0627486990899250     0.0560138010202794        0.1100842798696162    -0.2580226693610332       -0.0000000000000000     0.0000000000000000
    -0.0000000000000000    -0.0000000000000000       -0.0000000000000000     0.0000000000000000       -0.0402162795454749    -0.1181406558387088
    2    2
     1.0998815099525752     0.0000000000000000        0.0572206432190439    -0.0114510802764239        0.0000000000000000     0.0000000000000000
     0.0572206432190440     0.0114510802764239        1.4449032872521488     0.0000000000000000       -0.0000000000000000    -0.0000000000000000
     0.0000000000000000    -0.0000000000000000       -0.0000000000000000     0.0000000000000000        0.2650171938206511    -0.0000000000000000

     Dynamical Matrix in cartesian axes

     q = (    -0.067750677507    -0.195579359482     0.000000000000 )

    1    1
     1.0998815099525752    -0.0000000000000000        0.0572206432190439    -0.0114510802764239        0.0000000000000000     0.0000000000000000
     0.0572206432190440     0.0114510802764239        1.4449032872521486    -0.0000000000000000       -0.0000000000000000    -0.0000000000000000
     0.0000000000000000    -0.0000000000000000       -0.0000000000000000     0.0000000000000000        0.2650171938206511     0.0000000000000000
    1    2
    -0.4313703316053240    -0.3413802460284066       -0.0627486990899250     0.0560138010202794       -0.0000000000000000    -0.0000000000000000
    -0.0627486990899250     0.0560138010202794        0.1100842798696162    -0.2580226693610332       -0.0000000000000000     0.0000000000000000
     0.0000000000000000    -0.0000000000000000       -0.0000000000000000     0.0000000000000000       -0.0402162795454749    -0.1181406558387088
    2    1
    -0.4313703316053240     0.3413802460284066       -0.0627486990899250    -0.0560138010202794        0.0000000000000000     0.0000000000000000
    -0.0627486990899250    -0.0560138010202794        0.1100842798696161     0.2580226693610332       -0.0000000000000000    -0.0000000000000000
    -0.0000000000000000     0.0000000000000000       -0.0000000000000000    -0.0000000000000000       -0.0402162795454749     0.1181406558387088
    2    2
     1.0998815099525752    -0.0000000000000000        0.0572206432190439     0.0114510802764239        0.0000000000000000    -0.0000000000000000
     0.0572206432190440    -0.0114510802764239        1.4449032872521488    -0.0000000000000000       -0.0000000000000000     0.0000000000000000
     0.0000000000000000     0.0000000000000000       -0.0000000000000000    -0.0000000000000000        0.2650171938206511     0.0000000000000000

     Dynamical Matrix in cartesian axes

     q = (    -0.067750677507     0.195579359482     0.000000000000 )

    1    1
     1.0998815099770645     0.0000000000000000       -0.0572206435775293    -0.0114510803362500       -0.0000000000000000     0.0000000000000000
    -0.0572206435775292     0.0114510803362500        1.4449032871568415    -0.0000000000000000       -0.0000000000000000     0.0000000000000000
    -0.0000000000000000    -0.0000000000000000       -0.0000000000000000    -0.0000000000000000        0.2650171938303959     0.0000000000000000
    1    2
    -0.5113291248819758    -0.2028875582866840       -0.0171350273603202     0.0823488675453353        0.0000000000000000    -0.0000000000000000
    -0.0171350273603201     0.0823488675453353       -0.1684120533497424     0.2243471125904238        0.0000000000000000    -0.0000000000000000
     0.0000000000000000     0.0000000000000000        0.0000000000000000    -0.0000000000000000       -0.1224209496581397     0.0242420045396767
    2    1
    -0.5113291248819758     0.2028875582866840       -0.0171350273603202    -0.0823488675453353        0.0000000000000000    -0.0000000000000000
    -0.0171350273603201    -0.0823488675453353       -0.1684120533497424    -0.2243471125904238        0.0000000000000000     0.0000000000000000
     0.0000000000000000     0.0000000000000000        0.0000000000000000     0.0000000000000000       -0.1224209496581397    -0.0242420045396767
    2    2
     1.0998815099770645     0.0000000000000000       -0.0572206435775293     0.0114510803362500       -0.0000000000000000     0.0000000000000000
    -0.0572206435775292    -0.0114510803362500        1.4449032871568415    -0.0000000000000000       -0.0000000000000000    -0.0000000000000000
    -0.0000000000000000    -0.0000000000000000       -0.0000000000000000     0.0000000000000000        0.2650171938303959     0.0000000000000000

     Dynamical Matrix in cartesian axes

     q = (     0.067750677507    -0.195579359482     0.000000000000 )

    1    1
     1.0998815099770645    -0.0000000000000000       -0.0572206435775293     0.0114510803362500       -0.0000000000000000    -0.0000000000000000
    -0.0572206435775292    -0.0114510803362500        1.4449032871568415     0.0000000000000000       -0.0000000000000000    -0.0000000000000000
    -0.0000000000000000     0.0000000000000000       -0.0000000000000000     0.0000000000000000        0.2650171938303959    -0.0000000000000000
    1    2
    -0.5113291248819758     0.2028875582866840       -0.0171350273603202    -0.0823488675453353        0.0000000000000000     0.0000000000000000
    -0.0171350273603202    -0.0823488675453353       -0.1684120533497425    -0.2243471125904238        0.0000000000000000     0.0000000000000000
     0.0000000000000000    -0.0000000000000000        0.0000000000000000     0.0000000000000000       -0.1224209496581397    -0.0242420045396767
    2    1
    -0.5113291248819758    -0.2028875582866840       -0.0171350273603202     0.0823488675453353        0.0000000000000000     0.0000000000000000
    -0.0171350273603201     0.0823488675453353       -0.1684120533497425     0.2243471125904238        0.0000000000000000    -0.0000000000000000
     0.0000000000000000    -0.0000000000000000        0.0000000000000000    -0.0000000000000000       -0.1224209496581397     0.0242420045396767
    2    2
     1.0998815099770645    -0.0000000000000000       -0.0572206435775293    -0.0114510803362500       -0.0000000000000000    -0.0000000000000000
    -0.0572206435775292     0.0114510803362500        1.4449032871568415     0.0000000000000000       -0.0000000000000000     0.0000000000000000
    -0.0000000000000000     0.0000000000000000       -0.0000000000000000    -0.0000000000000000        0.2650171938303959    -0.0000000000000000

     Dynamical Matrix in cartesian axes

     q = (    -0.135501355014     0.156463487585     0.000000000000 )

    1    1
     1.3090933119027144     0.0000000000000000       -0.1780091337370577    -0.0114510803362625       -0.0000000000000000     0.0000000000000000
    -0.1780091337370576     0.0114510803362625        1.2356914852299004     0.0000000000000000       -0.0000000000000000    -0.0000000000000000
    -0.0000000000000000    -0.0000000000000000       -0.0000000000000000     0.0000000000000000        0.2650171938304068     0.0000000000000000
    1    2
    -0.2689806902244045    -0.1888546561383919       -0.1570549613480898     0.1438236054060523        0.0000000000000000    -0.0000000000000000
    -0.1570549613480898     0.1438236054060523       -0.4107604880083017     0.1673951018344637        0.0000000000000000    -0.0000000000000000
    -0.0000000000000000    -0.0000000000000000        0.0000000000000000    -0.0000000000000000       -0.1224209496548181    -0.0242420045406519
    2    1
    -0.2689806902244045     0.1888546561383919       -0.1570549613480898    -0.1438236054060523       -0.0000000000000000     0.0000000000000000
    -0.1570549613480898    -0.1438236054060523       -0.4107604880083017    -0.1673951018344638        0.0000000000000000     0.0000000000000000
     0.0000000000000000     0.0000000000000000        0.0000000000000000     0.0000000000000000       -0.1224209496548181     0.0242420045406519
    2    2
     1.3090933119027144    -0.0000000000000000       -0.1780091337370577     0.0114510803362625       -0.0000000000000000     0.0000000000000000
    -0.1780091337370576    -0.0114510803362625        1.2356914852299004    -0.0000000000000000       -0.0000000000000000     0.0000000000000000
    -0.0000000000000000    -0.0000000000000000       -0.0000000000000000    -0.0000000000000000        0.2650171938304068     0.0000000000000000

     Dynamical Matrix in cartesian axes

     q = (     0.203252032520     0.039115871896     0.000000000000 )

    1    1
     1.4082023733876570     0.0000000000000000        0.1207884897712579    -0.0114510802325853       -0.0000000000000000     0.0000000000000000
     0.1207884897712579     0.0114510802325853        1.1365824234943331     0.0000000000000000       -0.0000000000000000    -0.0000000000000000
    -0.0000000000000000    -0.0000000000000000       -0.0000000000000000     0.0000000000000000        0.2650171937936395    -0.0000000000000000
    1    2
     0.0796213618866729     0.2303526820759900       -0.2658310742418657    -0.0080879644741515        0.0000000000000000     0.0000000000000000
    -0.2658310742418657    -0.0080879644741515        0.2416647450323878     0.3690502049796796       -0.0000000000000000    -0.0000000000000000
     0.0000000000000000     0.0000000000000000       -0.0000000000000000    -0.0000000000000000        0.0402162901087778     0.1181406522848578
    2    1
     0.0796213618866729    -0.2303526820759900       -0.2658310742418657     0.0080879644741515        0.0000000000000000    -0.0000000000000000
    -0.2658310742418657     0.0080879644741515        0.2416647450323878    -0.3690502049796796       -0.0000000000000000     0.0000000000000000
     0.0000000000000000    -0.0000000000000000       -0.0000000000000000     0.0000000000000000        0.0402162901087778    -0.1181406522848578
    2    2
     1.4082023733876570     0.0000000000000000        0.1207884897712579     0.0114510802325853        0.0000000000000000     0.0000000000000000
     0.1207884897712579    -0.0114510802325853        1.1365824234943331     0.0000000000000000       -0.0000000000000000     0.0000000000000000
     0.0000000000000000    -0.0000000000000000       -0.0000000000000000    -0.0000000000000000        0.2650171937936395     0.0000000000000000

     Dynamical Matrix in cartesian axes

     q = (    -0.203252032520    -0.039115871896     0.000000000000 )

    1    1
     1.4082023733876570    -0.0000000000000000        0.1207884897712579     0.0114510802325853       -0.0000000000000000    -0.0000000000000000
     0.1207884897712579    -0.0114510802325853        1.1365824234943331    -0.0000000000000000       -0.0000000000000000     0.0000000000000000
    -0.0000000000000000     0.0000000000000000       -0.0000000000000000    -0.0000000000000000        0.2650171937936395     0.0000000000000000
    1    2
     0.0796213618866729    -0.2303526820759900       -0.2658310742418657     0.0080879644741515        0.0000000000000000    -0.0000000000000000
    -0.2658310742418657     0.0080879644741515        0.2416647450323878    -0.3690502049796796       -0.0000000000000000     0.0000000000000000
     0.0000000000000000    -0.0000000000000000       -0.0000000000000000     0.0000000000000000        0.0402162901087778    -0.1181406522848578
    2    1
     0.0796213618866729     0.2303526820759900       -0.2658310742418657    -0.0080879644741515        0.0000000000000000     0.0000000000000000
    -0.2658310742418657    -0.0080879644741515        0.2416647450323878     0.3690502049796796       -0.0000000000000000    -0.0000000000000000
     0.0000000000000000     0.0000000000000000       -0.0000000000000000    -0.0000000000000000        0.0402162901087778     0.1181406522848578
    2    2
     1.4082023733876570    -0.0000000000000000        0.1207884897712579    -0.0114510802325853        0.0000000000000000    -0.0000000000000000
     0.1207884897712579     0.0114510802325853        1.1365824234943331    -0.0000000000000000       -0.0000000000000000    -0.0000000000000000
     0.0000000000000000     0.0000000000000000       -0.0000000000000000     0.0000000000000000        0.2650171937936395    -0.0000000000000000

     Dynamical Matrix in cartesian axes

     q = (     0.135501355014    -0.156463487585     0.000000000000 )

    1    1
     1.3090933119027144    -0.0000000000000000       -0.1780091337370577     0.0114510803362625       -0.0000000000000000    -0.0000000000000000
    -0.1780091337370576    -0.0114510803362625        1.2356914852299004    -0.0000000000000000       -0.0000000000000000     0.0000000000000000
    -0.0000000000000000     0.0000000000000000       -0.0000000000000000    -0.0000000000000000        0.2650171938304068    -0.0000000000000000
    1    2
    -0.2689806902244045     0.1888546561383919       -0.1570549613480898    -0.1438236054060523        0.0000000000000000     0.0000000000000000
    -0.1570549613480898    -0.1438236054060523       -0.4107604880083017    -0.1673951018344637        0.0000000000000000     0.0000000000000000
    -0.0000000000000000     0.0000000000000000        0.0000000000000000     0.0000000000000000       -0.1224209496548181     0.0242420045406519
    2    1
    -0.2689806902244045    -0.1888546561383919       -0.1570549613480898     0.1438236054060523       -0.0000000000000000    -0.0000000000000000
    -0.1570549613480898     0.1438236054060523       -0.4107604880083017     0.1673951018344638        0.0000000000000000    -0.0000000000000000
     0.0000000000000000    -0.0000000000000000        0.0000000000000000    -0.0000000000000000       -0.1224209496548181    -0.0242420045406519
    2    2
     1.3090933119027144     0.0000000000000000       -0.1780091337370577    -0.0114510803362625       -0.0000000000000000    -0.0000000000000000
    -0.1780091337370576     0.0114510803362625        1.2356914852299004     0.0000000000000000       -0.0000000000000000    -0.0000000000000000
    -0.0000000000000000     0.0000000000000000       -0.0000000000000000     0.0000000000000000        0.2650171938304068    -0.0000000000000000

     Dynamical Matrix in cartesian axes

     q = (    -0.135501355014    -0.156463487585     0.000000000000 )

    1    1
     1.3090933115944774     0.0000000000000000        0.1780091332767442    -0.0114510802325729        0.0000000000000000     0.0000000000000000
     0.1780091332767443     0.0114510802325729        1.2356914852888041    -0.0000000000000000       -0.0000000000000000    -0.0000000000000000
     0.0000000000000000    -0.0000000000000000       -0.0000000000000000     0.0000000000000000        0.2650171937936286    -0.0000000000000000
    1    2
    -0.0290625641642249    -0.3273714415515636       -0.2030823802810553     0.0641017713765031        0.0000000000000000     0.0000000000000000
    -0.2030823802810553     0.0641017713765031        0.3503486710829564    -0.2720314455031556       -0.0000000000000000     0.0000000000000000
     0.0000000000000000     0.0000000000000000       -0.0000000000000000     0.0000000000000000        0.0402162901112833    -0.1181406522872467
    2    1
    -0.0290625641642249     0.3273714415515636       -0.2030823802810553    -0.0641017713765031        0.0000000000000000    -0.0000000000000000
    -0.2030823802810552    -0.0641017713765031        0.3503486710829564     0.2720314455031556       -0.0000000000000000    -0.0000000000000000
     0.0000000000000000    -0.0000000000000000       -0.0000000000000000    -0.0000000000000000        0.0402162901112833     0.1181406522872467
    2    2
     1.3090933115944772     0.0000000000000000        0.1780091332767442     0.0114510802325729        0.0000000000000000     0.0000000000000000
     0.1780091332767443    -0.0114510802325729        1.2356914852888041    -0.0000000000000000       -0.0000000000000000    -0.0000000000000000
     0.0000000000000000    -0.0000000000000000       -0.0000000000000000     0.0000000000000000        0.2650171937936286    -0.0000000000000000

     Dynamical Matrix in cartesian axes

     q = (     0.203252032520    -0.039115871896     0.000000000000 )

    1    1
     1.4082023735767089     0.0000000000000000       -0.1207884903901795    -0.0114510802764114        0.0000000000000000     0.0000000000000000
    -0.1207884903901795     0.0114510802764114        1.1365824236293072    -0.0000000000000000       -0.0000000000000000     0.0000000000000000
     0.0000000000000000    -0.0000000000000000       -0.0000000000000000    -0.0000000000000000        0.2650171938206402     0.0000000000000000
    1    2
    -0.0796213404655018     0.2303526888814214       -0.2658310738130364     0.0080879889882612        0.0000000000000000     0.0000000000000000
    -0.2658310738130365     0.0080879889882612       -0.2416647112698773     0.3690502265070680        0.0000000000000000    -0.0000000000000000
     0.0000000000000000    -0.0000000000000000        0.0000000000000000    -0.0000000000000000       -0.0402162795479805     0.1181406558410977
    2    1
    -0.0796213404655018    -0.2303526888814214       -0.2658310738130364    -0.0080879889882612        0.0000000000000000     0.0000000000000000
    -0.2658310738130365    -0.0080879889882612       -0.2416647112698773    -0.3690502265070680        0.0000000000000000     0.0000000000000000
     0.0000000000000000    -0.0000000000000000        0.0000000000000000     0.0000000000000000       -0.0402162795479805    -0.1181406558410977
    2    2
     1.4082023735767089     0.0000000000000000       -0.1207884903901795     0.0114510802764114        0.0000000000000000     0.0000000000000000
    -0.1207884903901795    -0.0114510802764114        1.1365824236293069     0.0000000000000000       -0.0000000000000000    -0.0000000000000000
     0.0000000000000000    -0.0000000000000000       -0.0000000000000000     0.0000000000000000        0.2650171938206402     0.0000000000000000

     Dynamical Matrix in cartesian axes

     q = (    -0.203252032520     0.039115871896     0.000000000000 )

    1    1
     1.4082023735767089    -0.0000000000000000       -0.1207884903901795     0.0114510802764114        0.0000000000000000    -0.0000000000000000
    -0.1207884903901795    -0.0114510802764114        1.1365824236293072     0.0000000000000000       -0.0000000000000000    -0.0000000000000000
     0.0000000000000000     0.0000000000000000       -0.0000000000000000     0.0000000000000000        0.2650171938206402    -0.0000000000000000
    1    2
    -0.0796213404655018    -0.2303526888814214       -0.2658310738130364    -0.0080879889882612        0.0000000000000000    -0.0000000000000000
    -0.2658310738130365    -0.0080879889882612       -0.2416647112698773    -0.3690502265070680        0.0000000000000000     0.0000000000000000
     0.0000000000000000     0.0000000000000000        0.0000000000000000     0.0000000000000000       -0.0402162795479805    -0.1181406558410977
    2    1
    -0.0796213404655018     0.2303526888814214       -0.2658310738130364     0.0080879889882612        0.0000000000000000    -0.0000000000000000
    -0.2658310738130365     0.0080879889882612       -0.2416647112698773     0.3690502265070680        0.0000000000000000    -0.0000000000000000
     0.0000000000000000     0.0000000000000000        0.0000000000000000    -0.0000000000000000       -0.0402162795479805     0.1181406558410977
    2    2
     1.4082023735767089    -0.0000000000000000       -0.1207884903901795    -0.0114510802764114        0.0000000000000000    -0.0000000000000000
    -0.1207884903901795     0.0114510802764114        1.1365824236293069    -0.0000000000000000       -0.0000000000000000     0.0000000000000000
     0.0000000000000000     0.0000000000000000       -0.0000000000000000    -0.0000000000000000        0.2650171938206402    -0.0000000000000000

     Dynamical Matrix in cartesian axes

     q = (     0.135501355014     0.156463487585     0.000000000000 )

    1    1
     1.3090933115944774    -0.0000000000000000        0.1780091332767442     0.0114510802325729        0.0000000000000000    -0.0000000000000000
     0.1780091332767443    -0.0114510802325729        1.2356914852888041     0.0000000000000000       -0.0000000000000000     0.0000000000000000
     0.0000000000000000     0.0000000000000000       -0.0000000000000000    -0.0000000000000000        0.2650171937936286     0.0000000000000000
    1    2
    -0.0290625641642249     0.3273714415515636       -0.2030823802810553    -0.0641017713765031        0.0000000000000000    -0.0000000000000000
    -0.2030823802810553    -0.0641017713765031        0.3503486710829564     0.2720314455031556       -0.0000000000000000    -0.0000000000000000
     0.0000000000000000    -0.0000000000000000       -0.0000000000000000    -0.0000000000000000        0.0402162901112833     0.1181406522872467
    2    1
    -0.0290625641642249    -0.3273714415515636       -0.2030823802810553     0.0641017713765031        0.0000000000000000     0.0000000000000000
    -0.2030823802810552     0.0641017713765031        0.3503486710829564    -0.2720314455031556       -0.0000000000000000     0.0000000000000000
     0.0000000000000000     0.0000000000000000       -0.0000000000000000     0.0000000000000000        0.0402162901112833    -0.1181406522872467
    2    2
     1.3090933115944772    -0.0000000000000000        0.1780091332767442    -0.0114510802325729        0.0000000000000000    -0.0000000000000000
     0.1780091332767443     0.0114510802325729        1.2356914852888041     0.0000000000000000       -0.0000000000000000     0.0000000000000000
     0.0000000000000000     0.0000000000000000       -0.0000000000000000    -0.0000000000000000        0.2650171937936286     0.0000000000000000

     Diagonalizing the dynamical matrix

     q = (     0.067750677507     0.195579359482     0.000000000000 )

***************************************************************************
   freq (    1) =    11.77400515 [THz] =   392.73848131 [cm-1]
(  -0.000000  0.000000  -0.000000 -0.000000  -0.698639  0.109101 )
(  -0.000000 -0.000000  -0.000000  0.000000  -0.328418 -0.626212 )
   freq (    2) =    19.63134535 [THz] =   654.83110108 [cm-1]
(   0.000000  0.000000  -0.000000  0.000000   0.688751 -0.160069 )
(   0.000000  0.000000  -0.000000 -0.000000  -0.373481 -0.600427 )
   freq (    3) =    22.98412220 [THz] =   766.66768270 [cm-1]
(   0.699007  0.000000  -0.065301  0.084412  -0.000000  0.000000 )
(   0.536027  0.448648   0.004103 -0.106643   0.000000  0.000000 )
   freq (    4) =    33.83020753 [THz] =  1128.45409496 [cm-1]
(  -0.173043  0.000000   0.007227  0.685568  -0.000000  0.000000 )
(  -0.061952  0.161573  -0.637539 -0.252190   0.000000  0.000000 )
   freq (    5) =    40.59493890 [THz] =  1354.10121257 [cm-1]
(  -0.675258  0.000000   0.043902 -0.205180  -0.000000 -0.000000 )
(   0.534478  0.412683   0.090647 -0.189234  -0.000000  0.000000 )
   freq (    6) =    41.36527444 [THz] =  1379.79683671 [cm-1]
(  -0.159599  0.000000  -0.479586  0.494495   0.000000  0.000000 )
(   0.153488  0.043743   0.325690  0.607004   0.000000 -0.000000 )
***************************************************************************
