Dynamical matrix file
File generated with the CellConstructor by Lorenzo Monacelli
1 2 0     1.8897259890000000     0.0000000000000000     0.0000000000000000     0.0000000000000000     0.0000000000000000     0.0000000000000000
Basis vectors
    2.4600000000000000     0.0000000000000000     0.0000000000000000
   -1.2300000000000000     2.1304224933097187     0.0000000000000000
    0.0000000000000000     0.0000000000000000    15.0000000000000000
	1  'C '  10947.3571678344233078
    1     1     0.0000000000000001    -0.0000000000000007     7.4999999999999982
    2     1     1.2299999999999998     0.7101408311032394     7.4999999999999982

     Dynamical Matrix in cartesian axes

     q = (     0.067750677507    -0.039115871896     0.000000000000 )

    1    1
     1.2003484138741394    -0.0000000000000000       -0.0840172656736206     0.0000000000620576        0.0000000000000000     0.0000000000000000
    -0.0840172656736204    -0.0000000000620576        1.1033336325621346     0.0000000000000000       -0.0000000000000000    -0.0000000000000000
     0.0000000000000000    -0.0000000000000000       -0.0000000000000000     0.0000000000000000        0.3231545404460430    -0.0000000000000000
    1    2
    -0.8902035306815297     0.3918078722823145       -0.0264064512165264    -0.1137637888647194       -0.0000000000000000     0.0000000000000000
    -0.0264064512165264    -0.1137637888647194       -0.9206950747467566     0.2604447640730239        0.0000000000000000    -0.0000000000000000
     0.0000000000000000     0.0000000000000000        0.0000000000000000    -0.0000000000000000       -0.2990710926342008     0.1100794633213779
    2    1
    -0.8902035306815297    -0.3918078722823145       -0.0264064512165264     0.1137637888647194        0.0000000000000000    -0.0000000000000000
    -0.0264064512165264     0.1137637888647194       -0.9206950747467566    -0.2604447640730240        0.0000000000000000     0.0000000000000000
    -0.0000000000000000    -0.0000000000000000        0.0000000000000000     0.0000000000000000       -0.2990710926342008    -0.1100794633213779
    2    2
     1.2003484138741394     0.0000000000000000       -0.0840172656736206    -0.0000000000620577       -0.0000000000000000     0.0000000000000000
    -0.0840172656736204     0.0000000000620577        1.1033336325621346    -0.0000000000000000       -0.0000000000000000    -0.0000000000000000
    -0.0000000000000000    -0.0000000000000000       -0.0000000000000000     0.0000000000000000        0.3231545404460430    -0.0000000000000000

     Dynamical Matrix in cartesian axes

     q = (    -0.067750677507     0.039115871896     0.000000000000 )

    1    1
     1.2003484138741394     0.0000000000000000       -0.0840172656736206    -0.0000000000620576        0.0000000000000000    -0.0000000000000000
    -0.0840172656736204     0.0000000000620576        1.1033336325621346    -0.0000000000000000       -0.0000000000000000     0.0000000000000000
     0.0000000000000000     0.0000000000000000       -0.0000000000000000    -0.0000000000000000        0.3231545404460430     0.0000000000000000
    1    2
    -0.8902035306815297    -0.3918078722823145       -0.0264064512165264     0.1137637888647194       -0.0000000000000000    -0.0000000000000000
    -0.0264064512165264     0.1137637888647194       -0.9206950747467566    -0.2604447640730239        0.0000000000000000     0.0000000000000000
     0.0000000000000000    -0.0000000000000000        0.0000000000000000     0.0000000000000000       -0.2990710926342008    -0.1100794633213779
    2    1
    -0.8902035306815297     0.3918078722823145       -0.0264064512165264    -0.1137637888647194        0.0000000000000000     0.0000000000000000
    -0.0264064512165264    -0.1137637888647194       -0.9206950747467566     0.2604447640730240        0.0000000000000000    -0.0000000000000000
    -0.0000000000000000     0.0000000000000000        0.0000000000000000    -0.0000000000000000       -0.2990710926342008     0.1100794633213779
    2    2
     1.2003484138741394    -0.0000000000000000       -0.0840172656736206     0.0000000000620577       -0.0000000000000000    -0.0000000000000000
    -0.0840172656736204    -0.0000000000620577        1.1033336325621346     0.0000000000000000       -0.0000000000000000     0.0000000000000000
    -0.0000000000000000     0.0000000000000000       -0.0000000000000000    -0.0000000000000000        0.3231545404460430     0.0000000000000000

     Dynamical Matrix in cartesian axes

     q = (    -0.067750677507    -0.039115871896     0.000000000000 )

    1    1
     1.2003484138176888     0.0000000000000000        0.0840172652053684     0.0000000000000261       -0.0000000000000000    -0.0000000000000000
     0.0840172652053684    -0.0000000000000261        1.1033336324494991    -0.0000000000000000       -0.0000000000000000     0.0000000000000000
    -0.0000000000000000     0.0000000000000000       -0.0000000000000000    -0.0000000000000000        0.3231545404350374    -0.0000000000000000
    1    2
    -0.7844173188352486    -0.5750349598803486       -0.0853191076195314     0.0797505494583048        0.0000000000000000    -0.0000000000000000
    -0.0853191076195314     0.0797505494583048       -0.6858992993314484    -0.6671229622741712        0.0000000000000000     0.0000000000000000
     0.0000000000000000    -0.0000000000000000        0.0000000000000000     0.0000000000000000       -0.2448671519691638    -0.2039634393309866
    2    1
    -0.7844173188352486     0.5750349598803486       -0.0853191076195314    -0.0797505494583048        0.0000000000000000     0.0000000000000000
    -0.0853191076195314    -0.0797505494583048       -0.6858992993314484     0.6671229622741712        0.0000000000000000    -0.0000000000000000
     0.0000000000000000     0.0000000000000000        0.0000000000000000    -0.0000000000000000       -0.2448671519691638     0.2039634393309866
    2    2
     1.2003484138176888    -0.0000000000000000        0.0840172652053684    -0.0000000000000261        0.0000000000000000     0.0000000000000000
     0.0840172652053684     0.0000000000000261        1.1033336324494991     0.0000000000000000       -0.0000000000000000    -0.0000000000000000
     0.0000000000000000    -0.0000000000000000       -0.0000000000000000     0.0000000000000000        0.3231545404350374    -0.0000000000000000

     Dynamical Matrix in cartesian axes

     q = (     0.067750677507     0.039115871896     0.000000000000 )

    1    1
     1.2003484138176888    -0.0000000000000000        0.0840172652053684    -0.0000000000000261       -0.0000000000000000     0.0000000000000000
     0.0840172652053684     0.0000000000000261        1.1033336324494991     0.0000000000000000       -0.0000000000000000    -0.0000000000000000
    -0.0000000000000000    -0.0000000000000000       -0.0000000000000000     0.0000000000000000        0.3231545404350374     0.0000000000000000
    1    2
    -0.7844173188352486     0.5750349598803486       -0.0853191076195314    -0.0797505494583048        0.0000000000000000     0.0000000000000000
    -0.0853191076195314    -0.0797505494583048       -0.6858992993314484     0.6671229622741712        0.0000000000000000    -0.0000000000000000
     0.0000000000000000     0.0000000000000000        0.0000000000000000    -0.0000000000000000       -0.2448671519691638     0.2039634393309866
    2    1
    -0.7844173188352486    -0.5750349598803486       -0.0853191076195314     0.0797505494583048        0.0000000000000000    -0.0000000000000000
    -0.0853191076195314     0.0797505494583048       -0.6858992993314484    -0.6671229622741712        0.0000000000000000     0.0000000000000000
     0.0000000000000000    -0.0000000000000000        0.0000000000000000     0.0000000000000000       -0.2448671519691638    -0.2039634393309866
    2    2
     1.2003484138176888     0.0000000000000000        0.0840172652053684     0.0000000000000261        0.0000000000000000    -0.0000000000000000
     0.0840172652053684    -0.0000000000000261        1.1033336324494991    -0.0000000000000000       -0.0000000000000000     0.0000000000000000
     0.0000000000000000     0.0000000000000000       -0.0000000000000000    -0.0000000000000000        0.3231545404350374     0.0000000000000000

     Dynamical Matrix in cartesian axes

     q = (    -0.000000000000    -0.078231743793     0.000000000000 )

    1    1
     1.0548262414602738     0.0000000000000000       -0.0000000002553388     0.0000000000620054        0.0000000000000000     0.0000000000000000
    -0.0000000002553388    -0.0000000000620054        1.2488558049759999    -0.0000000000000000       -0.0000000000000000    -0.0000000000000000
     0.0000000000000000    -0.0000000000000000       -0.0000000000000000     0.0000000000000000        0.3231545404460430    -0.0000000000000000
    1    2
    -0.9359408463077556    -0.1947632099377311        0.0000000002703485     0.0000000000173234       -0.0000000000000000    -0.0000000000000000
     0.0000000002703486     0.0000000000173234       -0.8749577591205300    -0.4574894264176090        0.0000000000000000     0.0000000000000000
     0.0000000000000000     0.0000000000000000        0.0000000000000000     0.0000000000000000       -0.2990710926342007    -0.1100794633213782
    2    1
    -0.9359408463077556     0.1947632099377311        0.0000000002703485    -0.0000000000173234        0.0000000000000000    -0.0000000000000000
     0.0000000002703486    -0.0000000000173234       -0.8749577591205300     0.4574894264176090        0.0000000000000000    -0.0000000000000000
    -0.0000000000000000     0.0000000000000000        0.0000000000000000    -0.0000000000000000       -0.2990710926342007     0.1100794633213782
    2    2
     1.0548262414602738     0.0000000000000000       -0.0000000002553388    -0.0000000000620054        0.0000000000000000     0.0000000000000000
    -0.0000000002553388     0.0000000000620054        1.2488558049760001     0.0000000000000000       -0.0000000000000000     0.0000000000000000
     0.0000000000000000    -0.0000000000000000       -0.0000000000000000    -0.0000000000000000        0.3231545404460430    -0.0000000000000000

     Dynamical Matrix in cartesian axes

     q = (     0.000000000000     0.078231743793     0.000000000000 )

    1    1
     1.0548262414602738    -0.0000000000000000       -0.0000000002553388    -0.0000000000620054        0.0000000000000000    -0.0000000000000000
    -0.0000000002553388     0.0000000000620054        1.2488558049759999     0.0000000000000000       -0.0000000000000000     0.0000000000000000
     0.0000000000000000     0.0000000000000000       -0.0000000000000000    -0.0000000000000000        0.3231545404460430     0.0000000000000000
    1    2
    -0.9359408463077556     0.1947632099377311        0.0000000002703485    -0.0000000000173234       -0.0000000000000000     0.0000000000000000
     0.0000000002703486    -0.0000000000173234       -0.8749577591205300     0.4574894264176090        0.0000000000000000    -0.0000000000000000
     0.0000000000000000    -0.0000000000000000        0.0000000000000000    -0.0000000000000000       -0.2990710926342007     0.1100794633213782
    2    1
    -0.9359408463077556    -0.1947632099377311        0.0000000002703485     0.0000000000173234        0.0000000000000000     0.0000000000000000
     0.0000000002703486     0.0000000000173234       -0.8749577591205300    -0.4574894264176090        0.0000000000000000     0.0000000000000000
    -0.0000000000000000    -0.0000000000000000        0.0000000000000000     0.0000000000000000       -0.2990710926342007    -0.1100794633213782
    2    2
     1.0548262414602738    -0.0000000000000000       -0.0000000002553388     0.0000000000620054        0.0000000000000000    -0.0000000000000000
    -0.0000000002553388    -0.0000000000620054        1.2488558049760001    -0.0000000000000000       -0.0000000000000000    -0.0000000000000000
     0.0000000000000000     0.0000000000000000       -0.0000000000000000     0.0000000000000000        0.3231545404460430     0.0000000000000000

     Diagonalizing the dynamical matrix

     q = (     0.067750677507    -0.039115871896     0.000000000000 )

***************************************************************************
   freq (    1) =     2.10176991 [THz] =    70.10748791 [cm-1]
(   0.000000  0.000000  -0.000000 -0.000000  -0.456166 -0.540289 )
(  -0.000000  0.000000  -0.000000 -0.000000  -0.241465 -0.664601 )
   freq (    2) =     9.88501841 [THz] =   329.72867502 [cm-1]
(   0.353553  0.000000   0.612372  0.000000  -0.000000  0.000000 )
(   0.346138  0.072029   0.599529  0.124758  -0.000000  0.000000 )
   freq (    3) =    16.07927630 [THz] =   536.34684817 [cm-1]
(   0.612372  0.000000  -0.353553 -0.000000  -0.000000 -0.000000 )
(   0.542668  0.283745  -0.313310 -0.163820   0.000000  0.000000 )
   freq (    4) =    25.19035747 [THz] =   840.25975950 [cm-1]
(  -0.000000  0.000000  -0.000000 -0.000000  -0.706487  0.029608 )
(  -0.000000 -0.000000   0.000000  0.000000   0.673229  0.216247 )
   freq (    5) =    44.58685961 [THz] =  1487.25733546 [cm-1]
(   0.353553  0.000000   0.612372  0.000000  -0.000000  0.000000 )
(  -0.346138 -0.072029  -0.599529 -0.124758   0.000000  0.000000 )
   freq (    6) =    47.01927277 [THz] =  1568.39389335 [cm-1]
(  -0.612372  0.000000   0.353553  0.000000  -0.000000  0.000000 )
(   0.542668  0.283745  -0.313310 -0.163820   0.000000  0.000000 )
***************************************************************************
