Dynamical matrix file
File generated with the CellConstructor by Lorenzo Monacelli
1 2 0     1.8897259890000000     0.0000000000000000     0.0000000000000000     0.0000000000000000     0.0000000000000000     0.0000000000000000
Basis vectors
    2.4600000000000000     0.0000000000000000     0.0000000000000000
   -1.2300000000000000     2.1304224933097187     0.0000000000000000
    0.0000000000000000     0.0000000000000000    15.0000000000000000
	1  'C '  10947.3571678344233078
    1     1     0.0000000000000001    -0.0000000000000007     7.4999999999999982
    2     1     1.2299999999999998     0.7101408311032394     7.4999999999999982

     Dynamical Matrix in cartesian axes

     q = (    -0.203252032520     0.117347615689     0.000000000000 )

    1    1
     1.4280173629748820     0.0000000000000000       -0.2305772312953375     0.0000000000000000        0.0000000000000000    -0.0000000000000000
    -0.2305772312953373    -0.0000000000000000        1.1617697102427189    -0.0000000000000000       -0.0000000000000000    -0.0000000000000000
     0.0000000000000000     0.0000000000000000       -0.0000000000000000     0.0000000000000000        0.2703905740886955     0.0000000000000000
    1    2
    -0.1699292094870362    -0.0000000000000000       -0.2940408314499309     0.0000000000000000       -0.0000000000000000    -0.0000000000000000
    -0.2940408314499309     0.0000000000000000       -0.5094583163060539     0.0000000000000000        0.0000000000000000    -0.0000000000000000
     0.0000000000000000    -0.0000000000000000        0.0000000000000000     0.0000000000000000       -0.0805105784931657    -0.0000000000000000
    2    1
    -0.1699292094870362     0.0000000000000000       -0.2940408314499309    -0.0000000000000000        0.0000000000000000     0.0000000000000000
    -0.2940408314499309    -0.0000000000000000       -0.5094583163060539    -0.0000000000000000        0.0000000000000000    -0.0000000000000000
    -0.0000000000000000     0.0000000000000000        0.0000000000000000     0.0000000000000000       -0.0805105784931657     0.0000000000000000
    2    2
     1.4280173629748820     0.0000000000000000       -0.2305772312953375    -0.0000000000000000       -0.0000000000000000     0.0000000000000000
    -0.2305772312953373     0.0000000000000000        1.1617697102427189     0.0000000000000000       -0.0000000000000000     0.0000000000000000
    -0.0000000000000000    -0.0000000000000000       -0.0000000000000000    -0.0000000000000000        0.2703905740886955    -0.0000000000000000

     Dynamical Matrix in cartesian axes

     q = (     0.203252032520     0.117347615689     0.000000000000 )

    1    1
     1.4280173625579300    -0.0000000000000000        0.2305772307336258    -0.0000000000000000       -0.0000000000000000    -0.0000000000000000
     0.2305772307336258     0.0000000000000000        1.1617697100955440     0.0000000000000000       -0.0000000000000000    -0.0000000000000000
    -0.0000000000000000     0.0000000000000000       -0.0000000000000000     0.0000000000000000        0.2703905740648092     0.0000000000000000
    1    2
     0.1699292113025886     0.0000000000000000       -0.2940408307493807    -0.0000000000000000        0.0000000000000000     0.0000000000000000
    -0.2940408307493808    -0.0000000000000000        0.5094583168753374     0.0000000000000000       -0.0000000000000000     0.0000000000000000
     0.0000000000000000    -0.0000000000000000       -0.0000000000000000     0.0000000000000000        0.0805105786657159     0.0000000000000000
    2    1
     0.1699292113025887    -0.0000000000000000       -0.2940408307493808     0.0000000000000000        0.0000000000000000     0.0000000000000000
    -0.2940408307493807     0.0000000000000000        0.5094583168753374    -0.0000000000000000       -0.0000000000000000    -0.0000000000000000
     0.0000000000000000    -0.0000000000000000       -0.0000000000000000    -0.0000000000000000        0.0805105786657159    -0.0000000000000000
    2    2
     1.4280173625579300     0.0000000000000000        0.2305772307336258     0.0000000000000000        0.0000000000000000    -0.0000000000000000
     0.2305772307336258    -0.0000000000000000        1.1617697100955440     0.0000000000000000       -0.0000000000000000     0.0000000000000000
     0.0000000000000000     0.0000000000000000       -0.0000000000000000    -0.0000000000000000        0.2703905740648092     0.0000000000000000

     Dynamical Matrix in cartesian axes

     q = (     0.000000000000     0.234695231378     0.000000000000 )

    1    1
     1.0286458835897170     0.0000000000000000       -0.0000000001688817     0.0000000000000000        0.0000000000000000    -0.0000000000000000
    -0.0000000001688817    -0.0000000000000000        1.5611411896278842     0.0000000000000000       -0.0000000000000000     0.0000000000000000
     0.0000000000000000     0.0000000000000000       -0.0000000000000000    -0.0000000000000000        0.2703905740886955     0.0000000000000000
    1    2
    -0.6792228693868377    -0.0000000000000000        0.0000000001906176    -0.0000000000000000        0.0000000000000000     0.0000000000000000
     0.0000000001906175     0.0000000000000000       -0.0001646564062524    -0.0000000000000000       -0.0000000000000000     0.0000000000000000
    -0.0000000000000000    -0.0000000000000000       -0.0000000000000000     0.0000000000000000       -0.0805105784931657    -0.0000000000000000
    2    1
    -0.6792228693868377     0.0000000000000000        0.0000000001906176    -0.0000000000000000       -0.0000000000000000     0.0000000000000000
     0.0000000001906175     0.0000000000000000       -0.0001646564062524     0.0000000000000000       -0.0000000000000000    -0.0000000000000000
     0.0000000000000000    -0.0000000000000000       -0.0000000000000000    -0.0000000000000000       -0.0805105784931657     0.0000000000000000
    2    2
     1.0286458835897170    -0.0000000000000000       -0.0000000001688817     0.0000000000000000       -0.0000000000000000    -0.0000000000000000
    -0.0000000001688817    -0.0000000000000000        1.5611411896278842    -0.0000000000000000       -0.0000000000000000    -0.0000000000000000
    -0.0000000000000000     0.0000000000000000       -0.0000000000000000     0.0000000000000000        0.2703905740886955     0.0000000000000000

     Diagonalizing the dynamical matrix

     q = (    -0.203252032520     0.117347615689     0.000000000000 )

***************************************************************************
   freq (    1) =    13.70125146 [THz] =   457.02448932 [cm-1]
(  -0.000000  0.000000  -0.000000 -0.000000   0.707107  0.000000 )
(  -0.000000 -0.000000  -0.000000  0.000000   0.707107  0.000000 )
   freq (    2) =    18.58644725 [THz] =   619.97705730 [cm-1]
(   0.353553  0.000000   0.612372  0.000000  -0.000000 -0.000000 )
(   0.353553  0.000000   0.612372  0.000000   0.000000  0.000000 )
   freq (    3) =    18.62571820 [THz] =   621.28699502 [cm-1]
(   0.000000  0.000000   0.000000  0.000000   0.707107  0.000000 )
(   0.000000  0.000000   0.000000 -0.000000  -0.707107 -0.000000 )
   freq (    4) =    39.28428180 [THz] =  1310.38240389 [cm-1]
(   0.612372  0.000000  -0.353553  0.000000  -0.000000  0.000000 )
(   0.612372 -0.000000  -0.353553  0.000000   0.000000 -0.000000 )
   freq (    5) =    39.28842540 [THz] =  1310.52061960 [cm-1]
(   0.612372  0.000000  -0.353553  0.000000  -0.000000 -0.000000 )
(  -0.612372  0.000000   0.353553 -0.000000  -0.000000  0.000000 )
   freq (    6) =    41.09111037 [THz] =  1370.65170910 [cm-1]
(  -0.353553  0.000000  -0.612372  0.000000  -0.000000 -0.000000 )
(   0.353553 -0.000000   0.612372  0.000000   0.000000 -0.000000 )
***************************************************************************
