Dynamical matrix file
File generated with the CellConstructor by Lorenzo Monacelli
1 2 0     1.8897259890000000     0.0000000000000000     0.0000000000000000     0.0000000000000000     0.0000000000000000     0.0000000000000000
Basis vectors
    2.4600000000000000     0.0000000000000000     0.0000000000000000
   -1.2300000000000000     2.1304224933097187     0.0000000000000000
    0.0000000000000000     0.0000000000000000    15.0000000000000000
	1  'C '  10947.3571678344233078
    1     1     0.0000000000000001    -0.0000000000000007     7.4999999999999982
    2     1     1.2299999999999998     0.7101408311032394     7.4999999999999982

     Dynamical Matrix in cartesian axes

     q = (    -0.271002710027     0.000000000000     0.000000000000 )

    1    1
     1.2405691727799992    -0.0000000000000000       -0.0000000002350511     0.0628402336294721        0.0000000000000000    -0.0000000000000000
    -0.0000000002350511    -0.0628402336294721        1.2405691730514137     0.0000000000000000       -0.0000000000000000    -0.0000000000000000
     0.0000000000000000     0.0000000000000000       -0.0000000000000000     0.0000000000000000        0.2472764911072790    -0.0000000000000000
    1    2
    -0.0702138254614102     0.1216138964508503       -0.1216138960523185    -0.0702138260575617        0.0000000000000000     0.0000000000000000
    -0.1216138960523185    -0.0702138260575617        0.0702138261935283    -0.1216138964508504       -0.0000000000000000     0.0000000000000000
     0.0000000000000000     0.0000000000000000       -0.0000000000000000     0.0000000000000000        0.0000000000550811     0.0000000000000000
    2    1
    -0.0702138254614103    -0.1216138964508503       -0.1216138960523185     0.0702138260575617        0.0000000000000000    -0.0000000000000000
    -0.1216138960523185     0.0702138260575617        0.0702138261935283     0.1216138964508504       -0.0000000000000000    -0.0000000000000000
     0.0000000000000000    -0.0000000000000000       -0.0000000000000000    -0.0000000000000000        0.0000000000550811    -0.0000000000000000
    2    2
     1.2405691727799992    -0.0000000000000000       -0.0000000002350511    -0.0628402336294721        0.0000000000000000    -0.0000000000000000
    -0.0000000002350511     0.0628402336294721        1.2405691730514137     0.0000000000000000       -0.0000000000000000     0.0000000000000000
     0.0000000000000000     0.0000000000000000       -0.0000000000000000    -0.0000000000000000        0.2472764911072790    -0.0000000000000000

     Dynamical Matrix in cartesian axes

     q = (     0.271002710027     0.000000000000     0.000000000000 )

    1    1
     1.2405691727799992     0.0000000000000000       -0.0000000002350511    -0.0628402336294721        0.0000000000000000     0.0000000000000000
    -0.0000000002350512     0.0628402336294721        1.2405691730514137    -0.0000000000000000       -0.0000000000000000     0.0000000000000000
     0.0000000000000000    -0.0000000000000000       -0.0000000000000000    -0.0000000000000000        0.2472764911072790     0.0000000000000000
    1    2
    -0.0702138254614102    -0.1216138964508503       -0.1216138960523185     0.0702138260575617        0.0000000000000000    -0.0000000000000000
    -0.1216138960523185     0.0702138260575617        0.0702138261935283     0.1216138964508503       -0.0000000000000000    -0.0000000000000000
     0.0000000000000000    -0.0000000000000000       -0.0000000000000000    -0.0000000000000000        0.0000000000550811    -0.0000000000000000
    2    1
    -0.0702138254614102     0.1216138964508503       -0.1216138960523185    -0.0702138260575617        0.0000000000000000     0.0000000000000000
    -0.1216138960523185    -0.0702138260575617        0.0702138261935283    -0.1216138964508503       -0.0000000000000000     0.0000000000000000
     0.0000000000000000     0.0000000000000000       -0.0000000000000000     0.0000000000000000        0.0000000000550811     0.0000000000000000
    2    2
     1.2405691727799992     0.0000000000000000       -0.0000000002350511     0.0628402336294721        0.0000000000000000     0.0000000000000000
    -0.0000000002350512    -0.0628402336294721        1.2405691730514137    -0.0000000000000000       -0.0000000000000000    -0.0000000000000000
     0.0000000000000000    -0.0000000000000000       -0.0000000000000000     0.0000000000000000        0.2472764911072790     0.0000000000000000

     Diagonalizing the dynamical matrix

     q = (    -0.271002710027     0.000000000000     0.000000000000 )

***************************************************************************
   freq (    1) =    15.63550977 [THz] =   521.54439232 [cm-1]
(   0.000000  0.000000   0.000000  0.000000  -0.697176 -0.118089 )
(  -0.000000 -0.000000   0.000000  0.000000   0.697177  0.118089 )
   freq (    2) =    15.63550977 [THz] =   521.54439244 [cm-1]
(   0.000000  0.000000   0.000000  0.000000  -0.707078 -0.006350 )
(  -0.000000  0.000000   0.000000 -0.000000  -0.707078 -0.006350 )
   freq (    3) =    29.77736517 [THz] =   993.26584495 [cm-1]
(   0.500000  0.000000  -0.000000  0.500000   0.000000  0.000000 )
(   0.250000  0.433013   0.433013 -0.250000   0.000000  0.000000 )
   freq (    4) =    35.89723978 [THz] =  1197.40285949 [cm-1]
(  -0.500000  0.000000  -0.000000  0.500000   0.000000  0.000000 )
(   0.250000 -0.433013   0.433013  0.250000  -0.000000 -0.000000 )
   freq (    5) =    35.89723980 [THz] =  1197.40285992 [cm-1]
(  -0.500000  0.000000  -0.000000  0.500000  -0.000000 -0.000000 )
(  -0.250000  0.433013  -0.433013 -0.250000   0.000000  0.000000 )
   freq (    6) =    37.97400339 [THz] =  1266.67622708 [cm-1]
(  -0.500000  0.000000   0.000000 -0.500000  -0.000000 -0.000000 )
(   0.250000  0.433013   0.433013 -0.250000  -0.000000  0.000000 )
***************************************************************************
