Dynamical matrix file
File generated with the CellConstructor by Lorenzo Monacelli
1 2 0     1.8897259890000000     0.0000000000000000     0.0000000000000000     0.0000000000000000     0.0000000000000000     0.0000000000000000
Basis vectors
    2.4600000000000000     0.0000000000000000     0.0000000000000000
   -1.2300000000000000     2.1304224933097187     0.0000000000000000
    0.0000000000000000     0.0000000000000000    15.0000000000000000
	1  'C '  10947.3571678344233078
    1     1     0.0000000000000001    -0.0000000000000007     7.4999999999999982
    2     1     1.2299999999999998     0.7101408311032394     7.4999999999999982

     Dynamical Matrix in cartesian axes

     q = (     0.067750677507    -0.117347615689     0.000000000000 )

    1    1
     1.1416536438919418     0.0000000000000000       -0.1338063361475868     0.0139941065457517        0.0000000000000000    -0.0000000000000000
    -0.1338063361475869    -0.0139941065457517        1.2961598922770874    -0.0000000000000000        0.0000000000000000     0.0000000000000000
     0.0000000000000000     0.0000000000000000        0.0000000000000000    -0.0000000000000000        0.2980900019882353     0.0000000000000000
    1    2
    -0.7168248416315209     0.1946435424888188        0.0033248631813833    -0.1123775016520247       -0.0000000000000000    -0.0000000000000000
     0.0033248631813833    -0.1123775016520246       -0.7206640629345269    -0.1946435424871696        0.0000000000000000     0.0000000000000000
    -0.0000000000000000     0.0000000000000000        0.0000000000000000    -0.0000000000000000       -0.2625397759992281     0.0000000000004616
    2    1
    -0.7168248416315209    -0.1946435424888188        0.0033248631813833     0.1123775016520247       -0.0000000000000000    -0.0000000000000000
     0.0033248631813833     0.1123775016520247       -0.7206640629345269     0.1946435424871696        0.0000000000000000     0.0000000000000000
    -0.0000000000000000     0.0000000000000000        0.0000000000000000    -0.0000000000000000       -0.2625397759992282    -0.0000000000004616
    2    2
     1.1416536438919418     0.0000000000000000       -0.1338063361475868    -0.0139941065457517       -0.0000000000000000     0.0000000000000000
    -0.1338063361475869     0.0139941065457517        1.2961598922770874     0.0000000000000000       -0.0000000000000000    -0.0000000000000000
    -0.0000000000000000    -0.0000000000000000       -0.0000000000000000     0.0000000000000000        0.2980900019882353    -0.0000000000000000

     Dynamical Matrix in cartesian axes

     q = (    -0.067750677507     0.117347615689     0.000000000000 )

    1    1
     1.1416536438919418    -0.0000000000000000       -0.1338063361475868    -0.0139941065457517        0.0000000000000000     0.0000000000000000
    -0.1338063361475869     0.0139941065457517        1.2961598922770874     0.0000000000000000        0.0000000000000000    -0.0000000000000000
     0.0000000000000000    -0.0000000000000000        0.0000000000000000     0.0000000000000000        0.2980900019882353    -0.0000000000000000
    1    2
    -0.7168248416315209    -0.1946435424888188        0.0033248631813833     0.1123775016520247       -0.0000000000000000     0.0000000000000000
     0.0033248631813833     0.1123775016520246       -0.7206640629345268     0.1946435424871696        0.0000000000000000    -0.0000000000000000
    -0.0000000000000000    -0.0000000000000000        0.0000000000000000     0.0000000000000000       -0.2625397759992281    -0.0000000000004616
    2    1
    -0.7168248416315209     0.1946435424888188        0.0033248631813833    -0.1123775016520247       -0.0000000000000000     0.0000000000000000
     0.0033248631813833    -0.1123775016520247       -0.7206640629345268    -0.1946435424871696        0.0000000000000000    -0.0000000000000000
    -0.0000000000000000    -0.0000000000000000        0.0000000000000000     0.0000000000000000       -0.2625397759992281     0.0000000000004616
    2    2
     1.1416536438919418    -0.0000000000000000       -0.1338063361475868     0.0139941065457517       -0.0000000000000000    -0.0000000000000000
    -0.1338063361475869    -0.0139941065457517        1.2961598922770874    -0.0000000000000000       -0.0000000000000000     0.0000000000000000
    -0.0000000000000000     0.0000000000000000       -0.0000000000000000    -0.0000000000000000        0.2980900019882353     0.0000000000000000

     Dynamical Matrix in cartesian axes

     q = (    -0.067750677507    -0.117347615689     0.000000000000 )

    1    1
     1.1416536438353568     0.0000000000000000        0.1338063356579227    -0.0139941063502094        0.0000000000000000     0.0000000000000000
     0.1338063356579226     0.0139941063502094        1.2961598923845510    -0.0000000000000000        0.0000000000000000     0.0000000000000000
     0.0000000000000000    -0.0000000000000000        0.0000000000000000    -0.0000000000000000        0.2980900020063098     0.0000000000000000
    1    2
    -0.5269786575635581    -0.5234667678598948       -0.0989842040052934     0.0533093320570138        0.0000000000000000     0.0000000000000000
    -0.0989842040052934     0.0533093320570138       -0.1917657570736087    -0.7214351630770556        0.0000000000000000     0.0000000000000000
     0.0000000000000000     0.0000000000000000        0.0000000000000000     0.0000000000000000       -0.1312698812755861    -0.2273661194565273
    2    1
    -0.5269786575635580     0.5234667678598948       -0.0989842040052934    -0.0533093320570138        0.0000000000000000    -0.0000000000000000
    -0.0989842040052934    -0.0533093320570138       -0.1917657570736087     0.7214351630770556        0.0000000000000000    -0.0000000000000000
     0.0000000000000000    -0.0000000000000000        0.0000000000000000    -0.0000000000000000       -0.1312698812755861     0.2273661194565273
    2    2
     1.1416536438353568     0.0000000000000000        0.1338063356579227     0.0139941063502094        0.0000000000000000    -0.0000000000000000
     0.1338063356579226    -0.0139941063502094        1.2961598923845510     0.0000000000000000       -0.0000000000000000    -0.0000000000000000
     0.0000000000000000     0.0000000000000000       -0.0000000000000000     0.0000000000000000        0.2980900020063098    -0.0000000000000000

     Dynamical Matrix in cartesian axes

     q = (     0.067750677507     0.117347615689     0.000000000000 )

    1    1
     1.1416536438353568    -0.0000000000000000        0.1338063356579227     0.0139941063502094        0.0000000000000000    -0.0000000000000000
     0.1338063356579226    -0.0139941063502094        1.2961598923845510     0.0000000000000000        0.0000000000000000    -0.0000000000000000
     0.0000000000000000     0.0000000000000000        0.0000000000000000     0.0000000000000000        0.2980900020063098    -0.0000000000000000
    1    2
    -0.5269786575635582     0.5234667678598948       -0.0989842040052934    -0.0533093320570138        0.0000000000000000    -0.0000000000000000
    -0.0989842040052934    -0.0533093320570138       -0.1917657570736087     0.7214351630770556        0.0000000000000000    -0.0000000000000000
     0.0000000000000000    -0.0000000000000000        0.0000000000000000    -0.0000000000000000       -0.1312698812755861     0.2273661194565273
    2    1
    -0.5269786575635581    -0.5234667678598948       -0.0989842040052934     0.0533093320570139        0.0000000000000000     0.0000000000000000
    -0.0989842040052934     0.0533093320570138       -0.1917657570736087    -0.7214351630770556        0.0000000000000000     0.0000000000000000
     0.0000000000000000     0.0000000000000000        0.0000000000000000     0.0000000000000000       -0.1312698812755861    -0.2273661194565273
    2    2
     1.1416536438353568    -0.0000000000000000        0.1338063356579227    -0.0139941063502094        0.0000000000000000     0.0000000000000000
     0.1338063356579226     0.0139941063502094        1.2961598923845510    -0.0000000000000000       -0.0000000000000000     0.0000000000000000
     0.0000000000000000    -0.0000000000000000       -0.0000000000000000    -0.0000000000000000        0.2980900020063098     0.0000000000000000

     Dynamical Matrix in cartesian axes

     q = (     0.135501355014     0.000000000000     0.000000000000 )

    1    1
     1.3734130161143210    -0.0000000000000000       -0.0000000003119333    -0.0139941063502093       -0.0000000000000000     0.0000000000000000
    -0.0000000003119333     0.0139941063502093        1.0644005201055871    -0.0000000000000000       -0.0000000000000000     0.0000000000000000
    -0.0000000000000000    -0.0000000000000000       -0.0000000000000000    -0.0000000000000000        0.2980900020063098     0.0000000000000000
    1    2
    -0.3612918174403291     0.6257758284513015       -0.1946435457540421    -0.1123774957288256       -0.0000000000000000    -0.0000000000000000
    -0.1946435457540421    -0.1123774957288257       -0.3574525971996965     0.6191261024839979        0.0000000000000000    -0.0000000000000000
    -0.0000000000000000     0.0000000000000000        0.0000000000000000     0.0000000000000000       -0.1312698812763860     0.2273661194560655
    2    1
    -0.3612918174403291    -0.6257758284513015       -0.1946435457540421     0.1123774957288256       -0.0000000000000000    -0.0000000000000000
    -0.1946435457540421     0.1123774957288257       -0.3574525971996965    -0.6191261024839980        0.0000000000000000    -0.0000000000000000
    -0.0000000000000000     0.0000000000000000        0.0000000000000000     0.0000000000000000       -0.1312698812763860    -0.2273661194560655
    2    2
     1.3734130161143210     0.0000000000000000       -0.0000000003119333     0.0139941063502093        0.0000000000000000    -0.0000000000000000
    -0.0000000003119333    -0.0139941063502093        1.0644005201055871     0.0000000000000000       -0.0000000000000000     0.0000000000000000
     0.0000000000000000     0.0000000000000000       -0.0000000000000000    -0.0000000000000000        0.2980900020063098     0.0000000000000000

     Dynamical Matrix in cartesian axes

     q = (    -0.135501355014     0.000000000000     0.000000000000 )

    1    1
     1.3734130161143210     0.0000000000000000       -0.0000000003119333     0.0139941063502093       -0.0000000000000000    -0.0000000000000000
    -0.0000000003119333    -0.0139941063502093        1.0644005201055871     0.0000000000000000       -0.0000000000000000    -0.0000000000000000
    -0.0000000000000000     0.0000000000000000       -0.0000000000000000     0.0000000000000000        0.2980900020063098    -0.0000000000000000
    1    2
    -0.3612918174403292    -0.6257758284513015       -0.1946435457540421     0.1123774957288257       -0.0000000000000000     0.0000000000000000
    -0.1946435457540421     0.1123774957288257       -0.3574525971996965    -0.6191261024839979        0.0000000000000000     0.0000000000000000
    -0.0000000000000000    -0.0000000000000000        0.0000000000000000    -0.0000000000000000       -0.1312698812763860    -0.2273661194560655
    2    1
    -0.3612918174403292     0.6257758284513015       -0.1946435457540421    -0.1123774957288257       -0.0000000000000000     0.0000000000000000
    -0.1946435457540421    -0.1123774957288257       -0.3574525971996965     0.6191261024839980        0.0000000000000000     0.0000000000000000
    -0.0000000000000000    -0.0000000000000000        0.0000000000000000    -0.0000000000000000       -0.1312698812763860     0.2273661194560655
    2    2
     1.3734130161143210    -0.0000000000000000       -0.0000000003119333    -0.0139941063502093        0.0000000000000000     0.0000000000000000
    -0.0000000003119333     0.0139941063502093        1.0644005201055871    -0.0000000000000000       -0.0000000000000000    -0.0000000000000000
     0.0000000000000000    -0.0000000000000000       -0.0000000000000000     0.0000000000000000        0.2980900020063098    -0.0000000000000000

     Diagonalizing the dynamical matrix

     q = (     0.067750677507    -0.117347615689     0.000000000000 )

***************************************************************************
   freq (    1) =     5.92845890 [THz] =   197.75207466 [cm-1]
(  -0.000000  0.000000  -0.000000 -0.000000   0.690183  0.153778 )
(  -0.000000  0.000000  -0.000000  0.000000   0.690183  0.153778 )
   freq (    2) =    17.71558980 [THz] =   590.92838370 [cm-1]
(   0.608749  0.000000   0.343067  0.108306  -0.000000 -0.000000 )
(   0.601479  0.093795   0.355658 -0.054153   0.000000  0.000000 )
   freq (    3) =    23.54283243 [THz] =   785.30424743 [cm-1]
(   0.000000  0.000000  -0.000000 -0.000000   0.675909  0.207717 )
(   0.000000  0.000000  -0.000000 -0.000000  -0.675909 -0.207717 )
   freq (    4) =    24.61289721 [THz] =   820.99776136 [cm-1]
(  -0.364558  0.000000   0.556342  0.239960   0.000000  0.000000 )
(  -0.299528 -0.207812   0.593888  0.119980  -0.000000 -0.000000 )
   freq (    5) =    42.38810101 [THz] =  1413.91465373 [cm-1]
(  -0.605886  0.000000  -0.334748 -0.144383   0.000000 -0.000000 )
(   0.592843  0.125039   0.357339 -0.072191  -0.000000  0.000000 )
   freq (    6) =    45.86813963 [THz] =  1529.99623050 [cm-1]
(  -0.359757  0.000000   0.580507  0.183265  -0.000000  0.000000 )
(   0.322855  0.158712  -0.601812 -0.091633   0.000000 -0.000000 )
***************************************************************************
