Dynamical matrix file
File generated with the CellConstructor by Lorenzo Monacelli
1 2 0     1.8897259890000000     0.0000000000000000     0.0000000000000000     0.0000000000000000     0.0000000000000000     0.0000000000000000
Basis vectors
    2.4600000000000000     0.0000000000000000     0.0000000000000000
   -1.2300000000000000     2.1304224933097187     0.0000000000000000
    0.0000000000000000     0.0000000000000000    15.0000000000000000
	1  'C '  10947.3571678344233078
    1     1     0.0000000000000001    -0.0000000000000007     7.4999999999999982
    2     1     1.2299999999999998     0.7101408311032394     7.4999999999999982

     Dynamical Matrix in cartesian axes

     q = (     0.135501355014    -0.078231743793     0.000000000000 )

    1    1
     1.3571806875211492    -0.0000000000000000       -0.1881532607610630     0.0000000000526324       -0.0000000000000000     0.0000000000000000
    -0.1881532607610629    -0.0000000000526324        1.1399200165375665    -0.0000000000000000       -0.0000000000000000     0.0000000000000000
    -0.0000000000000000    -0.0000000000000000       -0.0000000000000000    -0.0000000000000000        0.2908720864366218     0.0000000000000000
    1    2
    -0.4207797047467698     0.4177277050677671       -0.1836753734648956    -0.1516604005762423       -0.0000000000000000    -0.0000000000000000
    -0.1836753734648956    -0.1516604005762423       -0.6328697579536225     0.2426053589871935        0.0000000000000000     0.0000000000000000
    -0.0000000000000000     0.0000000000000000        0.0000000000000000    -0.0000000000000000       -0.1738317047601366     0.1422379399464767
    2    1
    -0.4207797047467698    -0.4177277050677671       -0.1836753734648956     0.1516604005762423       -0.0000000000000000    -0.0000000000000000
    -0.1836753734648956     0.1516604005762423       -0.6328697579536225    -0.2426053589871935        0.0000000000000000     0.0000000000000000
    -0.0000000000000000     0.0000000000000000        0.0000000000000000    -0.0000000000000000       -0.1738317047601366    -0.1422379399464767
    2    2
     1.3571806875211492     0.0000000000000000       -0.1881532607610630    -0.0000000000526324       -0.0000000000000000    -0.0000000000000000
    -0.1881532607610629     0.0000000000526324        1.1399200165375665     0.0000000000000000       -0.0000000000000000     0.0000000000000000
    -0.0000000000000000     0.0000000000000000       -0.0000000000000000    -0.0000000000000000        0.2908720864366218     0.0000000000000000

     Dynamical Matrix in cartesian axes

     q = (    -0.135501355014     0.078231743793     0.000000000000 )

    1    1
     1.3571806875211492     0.0000000000000000       -0.1881532607610630    -0.0000000000526324       -0.0000000000000000    -0.0000000000000000
    -0.1881532607610629     0.0000000000526324        1.1399200165375665     0.0000000000000000       -0.0000000000000000    -0.0000000000000000
    -0.0000000000000000     0.0000000000000000       -0.0000000000000000     0.0000000000000000        0.2908720864366218    -0.0000000000000000
    1    2
    -0.4207797047467698    -0.4177277050677671       -0.1836753734648956     0.1516604005762423       -0.0000000000000000     0.0000000000000000
    -0.1836753734648956     0.1516604005762423       -0.6328697579536225    -0.2426053589871935        0.0000000000000000    -0.0000000000000000
    -0.0000000000000000    -0.0000000000000000        0.0000000000000000     0.0000000000000000       -0.1738317047601367    -0.1422379399464767
    2    1
    -0.4207797047467698     0.4177277050677671       -0.1836753734648956    -0.1516604005762423       -0.0000000000000000     0.0000000000000000
    -0.1836753734648956    -0.1516604005762423       -0.6328697579536225     0.2426053589871935        0.0000000000000000    -0.0000000000000000
    -0.0000000000000000    -0.0000000000000000        0.0000000000000000     0.0000000000000000       -0.1738317047601367     0.1422379399464767
    2    2
     1.3571806875211492    -0.0000000000000000       -0.1881532607610630     0.0000000000526324       -0.0000000000000000     0.0000000000000000
    -0.1881532607610629    -0.0000000000526324        1.1399200165375665    -0.0000000000000000       -0.0000000000000000    -0.0000000000000000
    -0.0000000000000000    -0.0000000000000000       -0.0000000000000000     0.0000000000000000        0.2908720864366218     0.0000000000000000

     Dynamical Matrix in cartesian axes

     q = (    -0.135501355014    -0.078231743793     0.000000000000 )

    1    1
     1.3571806872899255     0.0000000000000000        0.1881532602103732     0.0000000000009533       -0.0000000000000000    -0.0000000000000000
     0.1881532602103732    -0.0000000000009533        1.1399200164270915     0.0000000000000000       -0.0000000000000000     0.0000000000000000
    -0.0000000000000000     0.0000000000000000       -0.0000000000000000    -0.0000000000000000        0.2908720864483054    -0.0000000000000000
    1    2
    -0.1513729169599640    -0.5732697760934535       -0.2231794509815397     0.0832373257236418        0.0000000000000000     0.0000000000000000
    -0.2231794509815398     0.0832373257236418        0.1063325152447304    -0.6693839609190401       -0.0000000000000000     0.0000000000000000
     0.0000000000000000     0.0000000000000000       -0.0000000000000000     0.0000000000000000       -0.0362658038793588    -0.2216616444662227
    2    1
    -0.1513729169599641     0.5732697760934535       -0.2231794509815397    -0.0832373257236418        0.0000000000000000    -0.0000000000000000
    -0.2231794509815397    -0.0832373257236418        0.1063325152447303     0.6693839609190401       -0.0000000000000000    -0.0000000000000000
     0.0000000000000000    -0.0000000000000000       -0.0000000000000000    -0.0000000000000000       -0.0362658038793588     0.2216616444662227
    2    2
     1.3571806872899255     0.0000000000000000        0.1881532602103732    -0.0000000000009533        0.0000000000000000    -0.0000000000000000
     0.1881532602103732     0.0000000000009533        1.1399200164270913    -0.0000000000000000       -0.0000000000000000    -0.0000000000000000
     0.0000000000000000     0.0000000000000000       -0.0000000000000000     0.0000000000000000        0.2908720864483054    -0.0000000000000000

     Dynamical Matrix in cartesian axes

     q = (     0.135501355014     0.078231743793     0.000000000000 )

    1    1
     1.3571806872899255    -0.0000000000000000        0.1881532602103732    -0.0000000000009533       -0.0000000000000000     0.0000000000000000
     0.1881532602103732     0.0000000000009533        1.1399200164270915    -0.0000000000000000       -0.0000000000000000    -0.0000000000000000
    -0.0000000000000000    -0.0000000000000000       -0.0000000000000000     0.0000000000000000        0.2908720864483054     0.0000000000000000
    1    2
    -0.1513729169599640     0.5732697760934535       -0.2231794509815397    -0.0832373257236418        0.0000000000000000    -0.0000000000000000
    -0.2231794509815398    -0.0832373257236418        0.1063325152447304     0.6693839609190401       -0.0000000000000000    -0.0000000000000000
     0.0000000000000000    -0.0000000000000000       -0.0000000000000000    -0.0000000000000000       -0.0362658038793588     0.2216616444662227
    2    1
    -0.1513729169599641    -0.5732697760934535       -0.2231794509815397     0.0832373257236418        0.0000000000000000     0.0000000000000000
    -0.2231794509815397     0.0832373257236418        0.1063325152447303    -0.6693839609190401       -0.0000000000000000     0.0000000000000000
     0.0000000000000000     0.0000000000000000       -0.0000000000000000     0.0000000000000000       -0.0362658038793588    -0.2216616444662227
    2    2
     1.3571806872899255    -0.0000000000000000        0.1881532602103732     0.0000000000009533        0.0000000000000000     0.0000000000000000
     0.1881532602103732    -0.0000000000009533        1.1399200164270913     0.0000000000000000       -0.0000000000000000     0.0000000000000000
     0.0000000000000000    -0.0000000000000000       -0.0000000000000000    -0.0000000000000000        0.2908720864483054     0.0000000000000000

     Dynamical Matrix in cartesian axes

     q = (    -0.000000000000    -0.156463487585     0.000000000000 )

    1    1
     1.0312896806595035    -0.0000000000000000       -0.0000000002229221     0.0000000000507257       -0.0000000000000000     0.0000000000000000
    -0.0000000002229221    -0.0000000000507257        1.4658110233992119     0.0000000000000000        0.0000000000000000     0.0000000000000000
    -0.0000000000000000    -0.0000000000000000        0.0000000000000000    -0.0000000000000000        0.2908720864366218    -0.0000000000000000
    1    2
    -0.7389147841221028    -0.1550441858601880        0.0000000002510390     0.0000000000488984        0.0000000000000000     0.0000000000000000
     0.0000000002510390     0.0000000000488984       -0.3147346785782887    -0.5052888781947744        0.0000000000000000     0.0000000000000000
     0.0000000000000000     0.0000000000000000        0.0000000000000000     0.0000000000000000       -0.1738317047601364    -0.1422379399464770
    2    1
    -0.7389147841221028     0.1550441858601880        0.0000000002510390    -0.0000000000488984        0.0000000000000000    -0.0000000000000000
     0.0000000002510390    -0.0000000000488984       -0.3147346785782887     0.5052888781947744        0.0000000000000000    -0.0000000000000000
     0.0000000000000000    -0.0000000000000000        0.0000000000000000    -0.0000000000000000       -0.1738317047601364     0.1422379399464770
    2    2
     1.0312896806595035    -0.0000000000000000       -0.0000000002229221    -0.0000000000507257        0.0000000000000000    -0.0000000000000000
    -0.0000000002229221     0.0000000000507257        1.4658110233992119     0.0000000000000000        0.0000000000000000    -0.0000000000000000
     0.0000000000000000     0.0000000000000000        0.0000000000000000     0.0000000000000000        0.2908720864366218    -0.0000000000000000

     Dynamical Matrix in cartesian axes

     q = (     0.000000000000     0.156463487585     0.000000000000 )

    1    1
     1.0312896806595035     0.0000000000000000       -0.0000000002229221    -0.0000000000507257       -0.0000000000000000    -0.0000000000000000
    -0.0000000002229221     0.0000000000507257        1.4658110233992119     0.0000000000000000        0.0000000000000000    -0.0000000000000000
    -0.0000000000000000     0.0000000000000000        0.0000000000000000     0.0000000000000000        0.2908720864366218     0.0000000000000000
    1    2
    -0.7389147841221028     0.1550441858601880        0.0000000002510390    -0.0000000000488984        0.0000000000000000    -0.0000000000000000
     0.0000000002510390    -0.0000000000488984       -0.3147346785782887     0.5052888781947744        0.0000000000000000    -0.0000000000000000
     0.0000000000000000    -0.0000000000000000        0.0000000000000000    -0.0000000000000000       -0.1738317047601364     0.1422379399464770
    2    1
    -0.7389147841221028    -0.1550441858601880        0.0000000002510390     0.0000000000488984        0.0000000000000000     0.0000000000000000
     0.0000000002510390     0.0000000000488984       -0.3147346785782887    -0.5052888781947744        0.0000000000000000     0.0000000000000000
     0.0000000000000000     0.0000000000000000        0.0000000000000000     0.0000000000000000       -0.1738317047601364    -0.1422379399464770
    2    2
     1.0312896806595035     0.0000000000000000       -0.0000000002229221     0.0000000000507257        0.0000000000000000     0.0000000000000000
    -0.0000000002229221    -0.0000000000507257        1.4658110233992119    -0.0000000000000000        0.0000000000000000     0.0000000000000000
     0.0000000000000000    -0.0000000000000000        0.0000000000000000    -0.0000000000000000        0.2908720864366218     0.0000000000000000

     Diagonalizing the dynamical matrix

     q = (     0.135501355014    -0.078231743793     0.000000000000 )

***************************************************************************
   freq (    1) =     8.09388932 [THz] =   269.98304830 [cm-1]
(   0.000000  0.000000   0.000000  0.000000   0.315972 -0.632583 )
(   0.000000 -0.000000   0.000000  0.000000   0.645137 -0.289480 )
   freq (    2) =    16.52716658 [THz] =   551.28685782 [cm-1]
(  -0.353553  0.000000  -0.612372 -0.000000  -0.000000 -0.000000 )
(  -0.346018 -0.072604  -0.599321 -0.125754   0.000000 -0.000000 )
   freq (    3) =    22.57495510 [THz] =   753.01933963 [cm-1]
(  -0.000000  0.000000  -0.000000  0.000000   0.260094 -0.657534 )
(  -0.000000 -0.000000  -0.000000  0.000000  -0.617691  0.344177 )
   freq (    4) =    29.33656776 [THz] =   978.56242823 [cm-1]
(   0.612372  0.000000  -0.353553 -0.000000   0.000000 -0.000000 )
(   0.323764  0.519785  -0.186925 -0.300098  -0.000000  0.000000 )
   freq (    5) =    42.02398960 [THz] =  1401.76920624 [cm-1]
(   0.353553  0.000000   0.612372  0.000000   0.000000  0.000000 )
(  -0.346018 -0.072604  -0.599321 -0.125754  -0.000000  0.000000 )
   freq (    6) =    45.14094804 [THz] =  1505.73973335 [cm-1]
(  -0.612372  0.000000   0.353553  0.000000   0.000000 -0.000000 )
(   0.323764  0.519785  -0.186925 -0.300098  -0.000000  0.000000 )
***************************************************************************
