Dynamical matrix file
File generated with the CellConstructor by Lorenzo Monacelli
1 2 0     1.8897259890000000     0.0000000000000000     0.0000000000000000     0.0000000000000000     0.0000000000000000     0.0000000000000000
Basis vectors
    2.4600000000000000     0.0000000000000000     0.0000000000000000
   -1.2300000000000000     2.1304224933097187     0.0000000000000000
    0.0000000000000000     0.0000000000000000    15.0000000000000000
	1  'C '  10947.3571678344233078
    1     1     0.0000000000000001    -0.0000000000000007     7.4999999999999982
    2     1     1.2299999999999998     0.7101408311032394     7.4999999999999982

     Dynamical Matrix in cartesian axes

     q = (     0.000000000000     0.000000000000     0.000000000000 )

    1    1
     1.0752331234952657     0.0000000000000000       -0.0000000002833237     0.0000000000000000       -0.0000000000000000     0.0000000000000000
    -0.0000000002833237     0.0000000000000000        1.0752331238224202     0.0000000000000000       -0.0000000000000000     0.0000000000000000
    -0.0000000000000000     0.0000000000000000       -0.0000000000000000     0.0000000000000000        0.3366996998504479     0.0000000000000000
    1    2
    -1.0752331234952655     0.0000000000000000        0.0000000002833239     0.0000000000000000        0.0000000000000000     0.0000000000000000
     0.0000000002833239     0.0000000000000000       -1.0752331238224198     0.0000000000000000        0.0000000000000000     0.0000000000000000
     0.0000000000000000     0.0000000000000000        0.0000000000000000     0.0000000000000000       -0.3366996998504479     0.0000000000000000
    2    1
    -1.0752331234952655     0.0000000000000000        0.0000000002833239     0.0000000000000000        0.0000000000000000     0.0000000000000000
     0.0000000002833239     0.0000000000000000       -1.0752331238224198     0.0000000000000000        0.0000000000000000     0.0000000000000000
     0.0000000000000000     0.0000000000000000        0.0000000000000000     0.0000000000000000       -0.3366996998504479     0.0000000000000000
    2    2
     1.0752331234952657     0.0000000000000000       -0.0000000002833237     0.0000000000000000       -0.0000000000000000     0.0000000000000000
    -0.0000000002833237     0.0000000000000000        1.0752331238224202     0.0000000000000000       -0.0000000000000000     0.0000000000000000
    -0.0000000000000000     0.0000000000000000       -0.0000000000000000     0.0000000000000000        0.3366996998504479     0.0000000000000000

     Diagonalizing the dynamical matrix

     q = (     0.000000000000     0.000000000000     0.000000000000 )

***************************************************************************
   freq (    1) =    -0.00000030 [THz] =    -0.00001002 [cm-1]
(   0.096680  0.000000  -0.148584  0.000000   0.684526  0.000000 )
(   0.096680  0.000000  -0.148584  0.000000   0.684526  0.000000 )
   freq (    2) =     0.00000038 [THz] =     0.00001272 [cm-1]
(   0.480108  0.000000  -0.489110  0.000000  -0.173975  0.000000 )
(   0.480108  0.000000  -0.489110  0.000000  -0.173975  0.000000 )
   freq (    3) =     0.00000102 [THz] =     0.00003410 [cm-1]
(   0.510048  0.000000   0.488563  0.000000   0.034010  0.000000 )
(   0.510048  0.000000   0.488563  0.000000   0.034010  0.000000 )
   freq (    4) =    25.80221520 [THz] =   860.66913356 [cm-1]
(   0.000000  0.000000  -0.000000  0.000000   0.707107  0.000000 )
(  -0.000000  0.000000   0.000000  0.000000  -0.707107  0.000000 )
   freq (    5) =    46.10913190 [THz] =  1538.03486616 [cm-1]
(  -0.612372  0.000000  -0.353553  0.000000   0.000000  0.000000 )
(   0.612372  0.000000   0.353553  0.000000  -0.000000  0.000000 )
   freq (    6) =    46.10913191 [THz] =  1538.03486663 [cm-1]
(   0.353553  0.000000  -0.612372  0.000000  -0.000000  0.000000 )
(  -0.353553  0.000000   0.612372  0.000000  -0.000000  0.000000 )
***************************************************************************
