&control
 calculation='nscf', prefix='graphene', outdir='./tmp', pseudo_dir='/root/phonon/pseudo', verbosity='high'
/
&system
 ibrav=4, celldm(1)=4.6488, celldm(3)=12.0, nat=2, ntyp=1, ecutwfc=60, ecutrho=240, nbnd=14
 occupations='smearing', smearing='fd', degauss=0.02
/
&electrons
 conv_thr=1.0d-12, diago_full_acc=.true., diago_david_ndim=8, electron_maxstep=200, diago_thr_init=1.0d-5
/
ATOMIC_SPECIES
 C 12.011 C_ONCV_PBE-1.2.upf
ATOMIC_POSITIONS (crystal)
 C 0.0 0.0 0.0
 C 0.333333333 0.666666667 0.0
K_POINTS crystal
144
0.0000000000 0.0000000000 0.0000000000 1.0
0.0000000000 0.0833333333 0.0000000000 1.0
0.0000000000 0.1666666667 0.0000000000 1.0
0.0000000000 0.2500000000 0.0000000000 1.0
0.0000000000 0.3333333333 0.0000000000 1.0
0.0000000000 0.4166666667 0.0000000000 1.0
0.0000000000 0.5000000000 0.0000000000 1.0
0.0000000000 0.5833333333 0.0000000000 1.0
0.0000000000 0.6666666667 0.0000000000 1.0
0.0000000000 0.7500000000 0.0000000000 1.0
0.0000000000 0.8333333333 0.0000000000 1.0
0.0000000000 0.9166666667 0.0000000000 1.0
0.0833333333 0.0000000000 0.0000000000 1.0
0.0833333333 0.0833333333 0.0000000000 1.0
0.0833333333 0.1666666667 0.0000000000 1.0
0.0833333333 0.2500000000 0.0000000000 1.0
0.0833333333 0.3333333333 0.0000000000 1.0
0.0833333333 0.4166666667 0.0000000000 1.0
0.0833333333 0.5000000000 0.0000000000 1.0
0.0833333333 0.5833333333 0.0000000000 1.0
0.0833333333 0.6666666667 0.0000000000 1.0
0.0833333333 0.7500000000 0.0000000000 1.0
0.0833333333 0.8333333333 0.0000000000 1.0
0.0833333333 0.9166666667 0.0000000000 1.0
0.1666666667 0.0000000000 0.0000000000 1.0
0.1666666667 0.0833333333 0.0000000000 1.0
0.1666666667 0.1666666667 0.0000000000 1.0
0.1666666667 0.2500000000 0.0000000000 1.0
0.1666666667 0.3333333333 0.0000000000 1.0
0.1666666667 0.4166666667 0.0000000000 1.0
0.1666666667 0.5000000000 0.0000000000 1.0
0.1666666667 0.5833333333 0.0000000000 1.0
0.1666666667 0.6666666667 0.0000000000 1.0
0.1666666667 0.7500000000 0.0000000000 1.0
0.1666666667 0.8333333333 0.0000000000 1.0
0.1666666667 0.9166666667 0.0000000000 1.0
0.2500000000 0.0000000000 0.0000000000 1.0
0.2500000000 0.0833333333 0.0000000000 1.0
0.2500000000 0.1666666667 0.0000000000 1.0
0.2500000000 0.2500000000 0.0000000000 1.0
0.2500000000 0.3333333333 0.0000000000 1.0
0.2500000000 0.4166666667 0.0000000000 1.0
0.2500000000 0.5000000000 0.0000000000 1.0
0.2500000000 0.5833333333 0.0000000000 1.0
0.2500000000 0.6666666667 0.0000000000 1.0
0.2500000000 0.7500000000 0.0000000000 1.0
0.2500000000 0.8333333333 0.0000000000 1.0
0.2500000000 0.9166666667 0.0000000000 1.0
0.3333333333 0.0000000000 0.0000000000 1.0
0.3333333333 0.0833333333 0.0000000000 1.0
0.3333333333 0.1666666667 0.0000000000 1.0
0.3333333333 0.2500000000 0.0000000000 1.0
0.3333333333 0.3333333333 0.0000000000 1.0
0.3333333333 0.4166666667 0.0000000000 1.0
0.3333333333 0.5000000000 0.0000000000 1.0
0.3333333333 0.5833333333 0.0000000000 1.0
0.3333333333 0.6666666667 0.0000000000 1.0
0.3333333333 0.7500000000 0.0000000000 1.0
0.3333333333 0.8333333333 0.0000000000 1.0
0.3333333333 0.9166666667 0.0000000000 1.0
0.4166666667 0.0000000000 0.0000000000 1.0
0.4166666667 0.0833333333 0.0000000000 1.0
0.4166666667 0.1666666667 0.0000000000 1.0
0.4166666667 0.2500000000 0.0000000000 1.0
0.4166666667 0.3333333333 0.0000000000 1.0
0.4166666667 0.4166666667 0.0000000000 1.0
0.4166666667 0.5000000000 0.0000000000 1.0
0.4166666667 0.5833333333 0.0000000000 1.0
0.4166666667 0.6666666667 0.0000000000 1.0
0.4166666667 0.7500000000 0.0000000000 1.0
0.4166666667 0.8333333333 0.0000000000 1.0
0.4166666667 0.9166666667 0.0000000000 1.0
0.5000000000 0.0000000000 0.0000000000 1.0
0.5000000000 0.0833333333 0.0000000000 1.0
0.5000000000 0.1666666667 0.0000000000 1.0
0.5000000000 0.2500000000 0.0000000000 1.0
0.5000000000 0.3333333333 0.0000000000 1.0
0.5000000000 0.4166666667 0.0000000000 1.0
0.5000000000 0.5000000000 0.0000000000 1.0
0.5000000000 0.5833333333 0.0000000000 1.0
0.5000000000 0.6666666667 0.0000000000 1.0
0.5000000000 0.7500000000 0.0000000000 1.0
0.5000000000 0.8333333333 0.0000000000 1.0
0.5000000000 0.9166666667 0.0000000000 1.0
0.5833333333 0.0000000000 0.0000000000 1.0
0.5833333333 0.0833333333 0.0000000000 1.0
0.5833333333 0.1666666667 0.0000000000 1.0
0.5833333333 0.2500000000 0.0000000000 1.0
0.5833333333 0.3333333333 0.0000000000 1.0
0.5833333333 0.4166666667 0.0000000000 1.0
0.5833333333 0.5000000000 0.0000000000 1.0
0.5833333333 0.5833333333 0.0000000000 1.0
0.5833333333 0.6666666667 0.0000000000 1.0
0.5833333333 0.7500000000 0.0000000000 1.0
0.5833333333 0.8333333333 0.0000000000 1.0
0.5833333333 0.9166666667 0.0000000000 1.0
0.6666666667 0.0000000000 0.0000000000 1.0
0.6666666667 0.0833333333 0.0000000000 1.0
0.6666666667 0.1666666667 0.0000000000 1.0
0.6666666667 0.2500000000 0.0000000000 1.0
0.6666666667 0.3333333333 0.0000000000 1.0
0.6666666667 0.4166666667 0.0000000000 1.0
0.6666666667 0.5000000000 0.0000000000 1.0
0.6666666667 0.5833333333 0.0000000000 1.0
0.6666666667 0.6666666667 0.0000000000 1.0
0.6666666667 0.7500000000 0.0000000000 1.0
0.6666666667 0.8333333333 0.0000000000 1.0
0.6666666667 0.9166666667 0.0000000000 1.0
0.7500000000 0.0000000000 0.0000000000 1.0
0.7500000000 0.0833333333 0.0000000000 1.0
0.7500000000 0.1666666667 0.0000000000 1.0
0.7500000000 0.2500000000 0.0000000000 1.0
0.7500000000 0.3333333333 0.0000000000 1.0
0.7500000000 0.4166666667 0.0000000000 1.0
0.7500000000 0.5000000000 0.0000000000 1.0
0.7500000000 0.5833333333 0.0000000000 1.0
0.7500000000 0.6666666667 0.0000000000 1.0
0.7500000000 0.7500000000 0.0000000000 1.0
0.7500000000 0.8333333333 0.0000000000 1.0
0.7500000000 0.9166666667 0.0000000000 1.0
0.8333333333 0.0000000000 0.0000000000 1.0
0.8333333333 0.0833333333 0.0000000000 1.0
0.8333333333 0.1666666667 0.0000000000 1.0
0.8333333333 0.2500000000 0.0000000000 1.0
0.8333333333 0.3333333333 0.0000000000 1.0
0.8333333333 0.4166666667 0.0000000000 1.0
0.8333333333 0.5000000000 0.0000000000 1.0
0.8333333333 0.5833333333 0.0000000000 1.0
0.8333333333 0.6666666667 0.0000000000 1.0
0.8333333333 0.7500000000 0.0000000000 1.0
0.8333333333 0.8333333333 0.0000000000 1.0
0.8333333333 0.9166666667 0.0000000000 1.0
0.9166666667 0.0000000000 0.0000000000 1.0
0.9166666667 0.0833333333 0.0000000000 1.0
0.9166666667 0.1666666667 0.0000000000 1.0
0.9166666667 0.2500000000 0.0000000000 1.0
0.9166666667 0.3333333333 0.0000000000 1.0
0.9166666667 0.4166666667 0.0000000000 1.0
0.9166666667 0.5000000000 0.0000000000 1.0
0.9166666667 0.5833333333 0.0000000000 1.0
0.9166666667 0.6666666667 0.0000000000 1.0
0.9166666667 0.7500000000 0.0000000000 1.0
0.9166666667 0.8333333333 0.0000000000 1.0
0.9166666667 0.9166666667 0.0000000000 1.0
