Dynamical matrix file
File generated with the CellConstructor by Lorenzo Monacelli
1 2 0     1.8897259890000000     0.0000000000000000     0.0000000000000000     0.0000000000000000     0.0000000000000000     0.0000000000000000
Basis vectors
    2.4600000000000000     0.0000000000000000     0.0000000000000000
   -1.2300000000000000     2.1304224933097187     0.0000000000000000
    0.0000000000000000     0.0000000000000000    15.0000000000000000
	1  'C '  10947.3571678344233078
    1     1     0.0000000000000000    -0.0000000000000002     7.4999999999999982
    2     1     1.2299999999999998     0.7101408311032394     7.4999999999999982

     Dynamical Matrix in cartesian axes

     q = (     0.000000000000     0.000000000000     0.000000000000 )

    1    1
     1.0792266302760001     0.0000000000000000       -0.0000000000000001     0.0000000000000000       -0.0000000000000000     0.0000000000000000
    -0.0000000000000001     0.0000000000000000        1.0792266302760005     0.0000000000000000       -0.0000000000000000     0.0000000000000000
     0.0000000000000000     0.0000000000000000        0.0000000000000000     0.0000000000000000        0.3369426958890331     0.0000000000000000
    1    2
    -1.0792266302760001     0.0000000000000000        0.0000000000000002     0.0000000000000000        0.0000000000000000     0.0000000000000000
     0.0000000000000000     0.0000000000000000       -1.0792266302760003     0.0000000000000000        0.0000000000000000     0.0000000000000000
     0.0000000000000000     0.0000000000000000        0.0000000000000000     0.0000000000000000       -0.3369426958890331     0.0000000000000000
    2    1
    -1.0792266302760001     0.0000000000000000        0.0000000000000002     0.0000000000000000        0.0000000000000000     0.0000000000000000
     0.0000000000000000     0.0000000000000000       -1.0792266302760003     0.0000000000000000       -0.0000000000000000     0.0000000000000000
     0.0000000000000000     0.0000000000000000       -0.0000000000000000     0.0000000000000000       -0.3369426958890331     0.0000000000000000
    2    2
     1.0792266302760001     0.0000000000000000       -0.0000000000000003     0.0000000000000000        0.0000000000000000     0.0000000000000000
    -0.0000000000000001     0.0000000000000000        1.0792266302760007     0.0000000000000000        0.0000000000000000     0.0000000000000000
     0.0000000000000000     0.0000000000000000        0.0000000000000000     0.0000000000000000        0.3369426958890331     0.0000000000000000

     Diagonalizing the dynamical matrix

     q = (     0.000000000000     0.000000000000     0.000000000000 )

***************************************************************************
   freq (    1) =    -0.00000047 [THz] =    -0.00001564 [cm-1]
(   0.205725  0.000000  -0.242931  0.000000   0.631396  0.000000 )
(   0.205725  0.000000  -0.242931  0.000000   0.631396  0.000000 )
   freq (    2) =    -0.00000038 [THz] =    -0.00001258 [cm-1]
(   0.469972  0.000000  -0.423383  0.000000  -0.316027  0.000000 )
(   0.469972  0.000000  -0.423383  0.000000  -0.316027  0.000000 )
   freq (    3) =     0.00000067 [THz] =     0.00002236 [cm-1]
(   0.486624  0.000000   0.511597  0.000000   0.038283  0.000000 )
(   0.486624  0.000000   0.511597  0.000000   0.038283  0.000000 )
   freq (    4) =    25.81152424 [THz] =   860.97964983 [cm-1]
(   0.000000  0.000000  -0.000000  0.000000   0.707107  0.000000 )
(   0.000000  0.000000  -0.000000  0.000000  -0.707107  0.000000 )
   freq (    5) =    46.19467915 [THz] =  1540.88841495 [cm-1]
(  -0.657589  0.000000  -0.259956  0.000000   0.000000  0.000000 )
(   0.657589  0.000000   0.259956  0.000000  -0.000000  0.000000 )
   freq (    6) =    46.19467915 [THz] =  1540.88841495 [cm-1]
(   0.259956  0.000000  -0.657589  0.000000   0.000000  0.000000 )
(  -0.259956  0.000000   0.657589  0.000000  -0.000000  0.000000 )
***************************************************************************
