Dynamical matrix file
File generated with the CellConstructor by Lorenzo Monacelli
1 2 0     1.8897259890000000     0.0000000000000000     0.0000000000000000     0.0000000000000000     0.0000000000000000     0.0000000000000000
Basis vectors
    2.4600000000000000     0.0000000000000000     0.0000000000000000
   -1.2300000000000000     2.1304224933097187     0.0000000000000000
    0.0000000000000000     0.0000000000000000    15.0000000000000000
	1  'C '  10947.3571678344233078
    1     1     0.0000000000000000    -0.0000000000000002     7.4999999999999982
    2     1     1.2299999999999998     0.7101408311032394     7.4999999999999982

     Dynamical Matrix in cartesian axes

     q = (     0.135501355014    -0.078231743793     0.000000000000 )

    1    1
     1.3606709876406313     0.0000000000000000       -0.1908557546980053     0.0000000000000000       -0.0000000000000000    -0.0000000000000000
    -0.1908557546980054     0.0000000000000000        1.1402897449380665     0.0000000000000000       -0.0000000000000000    -0.0000000000000000
    -0.0000000000000000    -0.0000000000000000       -0.0000000000000000    -0.0000000000000000        0.2924907811174641     0.0000000000000000
    1    2
    -0.4205695074833300     0.4182139728303641       -0.1827341265046253    -0.1503067359281447        0.0000000000000000     0.0000000000000000
    -0.1827341265046253    -0.1503067359281446       -0.6315727017384832     0.2446547039321077        0.0000000000000000     0.0000000000000000
     0.0000000000000000     0.0000000000000000        0.0000000000000000     0.0000000000000000       -0.1750649954196443     0.1435416777973958
    2    1
    -0.4205695074833300    -0.4182139728303641       -0.1827341265046253     0.1503067359281447        0.0000000000000000     0.0000000000000000
    -0.1827341265046253     0.1503067359281446       -0.6315727017384832    -0.2446547039321077        0.0000000000000000     0.0000000000000000
     0.0000000000000000     0.0000000000000000        0.0000000000000000     0.0000000000000000       -0.1750649954196443    -0.1435416777973958
    2    2
     1.3606709876406313     0.0000000000000000       -0.1908557546980053     0.0000000000000000        0.0000000000000000    -0.0000000000000000
    -0.1908557546980054     0.0000000000000000        1.1402897449380665     0.0000000000000000        0.0000000000000000    -0.0000000000000000
     0.0000000000000000    -0.0000000000000000        0.0000000000000000    -0.0000000000000000        0.2924907811174641     0.0000000000000000

     Dynamical Matrix in cartesian axes

     q = (    -0.135501355014     0.078231743793     0.000000000000 )

    1    1
     1.3606709876406313     0.0000000000000000       -0.1908557546980053     0.0000000000000000       -0.0000000000000000     0.0000000000000000
    -0.1908557546980054     0.0000000000000000        1.1402897449380665     0.0000000000000000       -0.0000000000000000     0.0000000000000000
    -0.0000000000000000     0.0000000000000000       -0.0000000000000000     0.0000000000000000        0.2924907811174641     0.0000000000000000
    1    2
    -0.4205695074833300    -0.4182139728303641       -0.1827341265046252     0.1503067359281446        0.0000000000000000     0.0000000000000000
    -0.1827341265046253     0.1503067359281447       -0.6315727017384832    -0.2446547039321076        0.0000000000000000     0.0000000000000000
     0.0000000000000000     0.0000000000000000        0.0000000000000000     0.0000000000000000       -0.1750649954196443    -0.1435416777973958
    2    1
    -0.4205695074833300     0.4182139728303641       -0.1827341265046252    -0.1503067359281446        0.0000000000000000     0.0000000000000000
    -0.1827341265046253    -0.1503067359281447       -0.6315727017384832     0.2446547039321076        0.0000000000000000     0.0000000000000000
     0.0000000000000000     0.0000000000000000        0.0000000000000000     0.0000000000000000       -0.1750649954196443     0.1435416777973958
    2    2
     1.3606709876406313     0.0000000000000000       -0.1908557546980053     0.0000000000000000        0.0000000000000000     0.0000000000000000
    -0.1908557546980054     0.0000000000000000        1.1402897449380665     0.0000000000000000        0.0000000000000000     0.0000000000000000
     0.0000000000000000     0.0000000000000000        0.0000000000000000     0.0000000000000000        0.2924907811174641     0.0000000000000000

     Dynamical Matrix in cartesian axes

     q = (    -0.135501355014    -0.078231743793     0.000000000000 )

    1    1
     1.3606709876406313     0.0000000000000000        0.1908557546980054     0.0000000000000000       -0.0000000000000000    -0.0000000000000000
     0.1908557546980054     0.0000000000000000        1.1402897449380665     0.0000000000000000       -0.0000000000000000    -0.0000000000000000
    -0.0000000000000000    -0.0000000000000000       -0.0000000000000000    -0.0000000000000000        0.2924907811174641     0.0000000000000000
    1    2
    -0.1518991375322600    -0.5733308728058195       -0.2215365197691700     0.0830990148157338       -0.0000000000000000    -0.0000000000000000
    -0.2215365197691700     0.0830990148157338        0.1039092011158664    -0.6692853499523329        0.0000000000000000    -0.0000000000000000
     0.0000000000000000     0.0000000000000000       -0.0000000000000000     0.0000000000000000       -0.0367782287454713    -0.2233815743890200
    2    1
    -0.1518991375322600     0.5733308728058195       -0.2215365197691700    -0.0830990148157338        0.0000000000000000    -0.0000000000000000
    -0.2215365197691700    -0.0830990148157338        0.1039092011158664     0.6692853499523329       -0.0000000000000000    -0.0000000000000000
    -0.0000000000000000     0.0000000000000000        0.0000000000000000     0.0000000000000000       -0.0367782287454713     0.2233815743890200
    2    2
     1.3606709876406313     0.0000000000000000        0.1908557546980054     0.0000000000000000        0.0000000000000000    -0.0000000000000000
     0.1908557546980054     0.0000000000000000        1.1402897449380665     0.0000000000000000        0.0000000000000000    -0.0000000000000000
     0.0000000000000000    -0.0000000000000000        0.0000000000000000    -0.0000000000000000        0.2924907811174641     0.0000000000000000

     Dynamical Matrix in cartesian axes

     q = (     0.135501355014     0.078231743793     0.000000000000 )

    1    1
     1.3606709876406313     0.0000000000000000        0.1908557546980054     0.0000000000000000       -0.0000000000000000     0.0000000000000000
     0.1908557546980054     0.0000000000000000        1.1402897449380665     0.0000000000000000       -0.0000000000000000     0.0000000000000000
    -0.0000000000000000     0.0000000000000000       -0.0000000000000000     0.0000000000000000        0.2924907811174641     0.0000000000000000
    1    2
    -0.1518991375322600     0.5733308728058195       -0.2215365197691700    -0.0830990148157338        0.0000000000000000    -0.0000000000000000
    -0.2215365197691700    -0.0830990148157338        0.1039092011158663     0.6692853499523329       -0.0000000000000000    -0.0000000000000000
    -0.0000000000000000     0.0000000000000000        0.0000000000000000     0.0000000000000000       -0.0367782287454713     0.2233815743890200
    2    1
    -0.1518991375322600    -0.5733308728058195       -0.2215365197691700     0.0830990148157338       -0.0000000000000000    -0.0000000000000000
    -0.2215365197691700     0.0830990148157338        0.1039092011158663    -0.6692853499523329        0.0000000000000000    -0.0000000000000000
     0.0000000000000000     0.0000000000000000       -0.0000000000000000     0.0000000000000000       -0.0367782287454713    -0.2233815743890200
    2    2
     1.3606709876406313     0.0000000000000000        0.1908557546980054     0.0000000000000000        0.0000000000000000     0.0000000000000000
     0.1908557546980054     0.0000000000000000        1.1402897449380665     0.0000000000000000        0.0000000000000000     0.0000000000000000
     0.0000000000000000     0.0000000000000000        0.0000000000000000     0.0000000000000000        0.2924907811174641     0.0000000000000000

     Dynamical Matrix in cartesian axes

     q = (    -0.000000000000    -0.156463487585     0.000000000000 )

    1    1
     1.0300991235867836     0.0000000000000000        0.0000000000000000     0.0000000000000000        0.0000000000000000     0.0000000000000000
     0.0000000000000000     0.0000000000000000        1.4708616089919144     0.0000000000000000       -0.0000000000000000     0.0000000000000000
     0.0000000000000000     0.0000000000000000       -0.0000000000000000     0.0000000000000000        0.2924907811174641     0.0000000000000000
    1    2
    -0.7370742988660595    -0.1578750694829798        0.0000000000000000    -0.0000000000000000        0.0000000000000000     0.0000000000000000
     0.0000000000000000     0.0000000000000000       -0.3150679103557532    -0.5049936072794928        0.0000000000000000     0.0000000000000000
     0.0000000000000000     0.0000000000000000        0.0000000000000000     0.0000000000000000       -0.1750649954196442    -0.1435416777973959
    2    1
    -0.7370742988660595     0.1578750694829798        0.0000000000000000     0.0000000000000000        0.0000000000000000     0.0000000000000000
     0.0000000000000000     0.0000000000000000       -0.3150679103557532     0.5049936072794928        0.0000000000000000     0.0000000000000000
     0.0000000000000000     0.0000000000000000        0.0000000000000000     0.0000000000000000       -0.1750649954196442     0.1435416777973959
    2    2
     1.0300991235867836     0.0000000000000000        0.0000000000000000     0.0000000000000000        0.0000000000000000     0.0000000000000000
     0.0000000000000000     0.0000000000000000        1.4708616089919144     0.0000000000000000        0.0000000000000000     0.0000000000000000
     0.0000000000000000     0.0000000000000000        0.0000000000000000     0.0000000000000000        0.2924907811174641     0.0000000000000000

     Dynamical Matrix in cartesian axes

     q = (     0.000000000000     0.156463487585     0.000000000000 )

    1    1
     1.0300991235867836     0.0000000000000000        0.0000000000000000     0.0000000000000000        0.0000000000000000     0.0000000000000000
     0.0000000000000000     0.0000000000000000        1.4708616089919144     0.0000000000000000       -0.0000000000000000    -0.0000000000000000
     0.0000000000000000     0.0000000000000000       -0.0000000000000000    -0.0000000000000000        0.2924907811174641     0.0000000000000000
    1    2
    -0.7370742988660595     0.1578750694829798        0.0000000000000000     0.0000000000000000        0.0000000000000000     0.0000000000000000
     0.0000000000000000     0.0000000000000000       -0.3150679103557532     0.5049936072794928        0.0000000000000000     0.0000000000000000
     0.0000000000000000     0.0000000000000000        0.0000000000000000     0.0000000000000000       -0.1750649954196442     0.1435416777973959
    2    1
    -0.7370742988660595    -0.1578750694829798        0.0000000000000000    -0.0000000000000000        0.0000000000000000     0.0000000000000000
     0.0000000000000000     0.0000000000000000       -0.3150679103557532    -0.5049936072794928        0.0000000000000000     0.0000000000000000
     0.0000000000000000     0.0000000000000000        0.0000000000000000     0.0000000000000000       -0.1750649954196442    -0.1435416777973959
    2    2
     1.0300991235867836     0.0000000000000000        0.0000000000000000     0.0000000000000000        0.0000000000000000     0.0000000000000000
     0.0000000000000000     0.0000000000000000        1.4708616089919144     0.0000000000000000        0.0000000000000000    -0.0000000000000000
     0.0000000000000000     0.0000000000000000        0.0000000000000000    -0.0000000000000000        0.2924907811174641     0.0000000000000000

     Diagonalizing the dynamical matrix

     q = (     0.135501355014    -0.078231743793     0.000000000000 )

***************************************************************************
   freq (    1) =     8.08401869 [THz] =   269.65379944 [cm-1]
(  -0.000000  0.000000  -0.000000  0.000000   0.034493 -0.706265 )
(  -0.000000 -0.000000  -0.000000 -0.000000   0.474479 -0.524280 )
   freq (    2) =    16.52784825 [THz] =   551.30959599 [cm-1]
(  -0.353553  0.000000  -0.612372 -0.000000   0.000000  0.000000 )
(  -0.345712 -0.074049  -0.598791 -0.128256  -0.000000  0.000000 )
   freq (    3) =    22.64925870 [THz] =   755.49784034 [cm-1]
(   0.000000  0.000000   0.000000  0.000000   0.224956 -0.670369 )
(   0.000000  0.000000   0.000000 -0.000000  -0.599004  0.375758 )
   freq (    4) =    29.42279551 [THz] =   981.43867592 [cm-1]
(   0.612372  0.000000  -0.353553 -0.000000   0.000000  0.000000 )
(   0.324147  0.519546  -0.187147 -0.299960   0.000000 -0.000000 )
   freq (    5) =    41.99570321 [THz] =  1400.82567384 [cm-1]
(   0.353553  0.000000   0.612372  0.000000   0.000000 -0.000000 )
(  -0.345712 -0.074049  -0.598791 -0.128256  -0.000000 -0.000000 )
   freq (    6) =    45.19540900 [THz] =  1507.55635533 [cm-1]
(  -0.612372  0.000000   0.353553  0.000000   0.000000 -0.000000 )
(   0.324147  0.519546  -0.187147 -0.299960  -0.000000 -0.000000 )
***************************************************************************
