Dynamical matrix file
File generated with the CellConstructor by Lorenzo Monacelli
1 2 0     1.8897259890000000     0.0000000000000000     0.0000000000000000     0.0000000000000000     0.0000000000000000     0.0000000000000000
Basis vectors
    2.4600000000000000     0.0000000000000000     0.0000000000000000
   -1.2300000000000000     2.1304224933097187     0.0000000000000000
    0.0000000000000000     0.0000000000000000    15.0000000000000000
	1  'C '  10947.3571678344233078
    1     1     0.0000000000000000    -0.0000000000000002     7.4999999999999982
    2     1     1.2299999999999998     0.7101408311032394     7.4999999999999982

     Dynamical Matrix in cartesian axes

     q = (     0.067750677507    -0.117347615689     0.000000000000 )

    1    1
     1.1430246796375925     0.0000000000000000       -0.1351755563996112     0.0137448777854360        0.0000000000000000     0.0000000000000000
    -0.1351755563996111    -0.0137448777854360        1.2991119673879385     0.0000000000000000        0.0000000000000000     0.0000000000000000
     0.0000000000000000    -0.0000000000000000        0.0000000000000000    -0.0000000000000000        0.3003201655959267     0.0000000000000000
    1    2
    -0.7175944824946663     0.1944288365238124        0.0044055728549021    -0.1122535411052489        0.0000000000000000    -0.0000000000000000
     0.0044055728549021    -0.1122535411052490       -0.7226815998420909    -0.1944288365238128       -0.0000000000000000    -0.0000000000000000
    -0.0000000000000000    -0.0000000000000000       -0.0000000000000000    -0.0000000000000000       -0.2654201291663613    -0.0000000000000001
    2    1
    -0.7175944824946663    -0.1944288365238124        0.0044055728549021     0.1122535411052489        0.0000000000000000    -0.0000000000000000
     0.0044055728549021     0.1122535411052490       -0.7226815998420909     0.1944288365238128        0.0000000000000000    -0.0000000000000000
     0.0000000000000000    -0.0000000000000000        0.0000000000000000    -0.0000000000000000       -0.2654201291663613     0.0000000000000001
    2    2
     1.1430246796375925     0.0000000000000000       -0.1351755563996112    -0.0137448777854360        0.0000000000000000     0.0000000000000000
    -0.1351755563996111     0.0137448777854360        1.2991119673879385     0.0000000000000000        0.0000000000000000     0.0000000000000000
     0.0000000000000000    -0.0000000000000000        0.0000000000000000    -0.0000000000000000        0.3003201655959267     0.0000000000000000

     Dynamical Matrix in cartesian axes

     q = (    -0.067750677507     0.117347615689     0.000000000000 )

    1    1
     1.1430246796375925     0.0000000000000000       -0.1351755563996112    -0.0137448777854360        0.0000000000000000     0.0000000000000000
    -0.1351755563996111     0.0137448777854360        1.2991119673879385     0.0000000000000000        0.0000000000000000     0.0000000000000000
     0.0000000000000000     0.0000000000000000        0.0000000000000000     0.0000000000000000        0.3003201655959267     0.0000000000000000
    1    2
    -0.7175944824946663    -0.1944288365238124        0.0044055728549021     0.1122535411052489        0.0000000000000000    -0.0000000000000000
     0.0044055728549021     0.1122535411052490       -0.7226815998420909     0.1944288365238128       -0.0000000000000000    -0.0000000000000000
    -0.0000000000000000    -0.0000000000000000       -0.0000000000000000    -0.0000000000000000       -0.2654201291663613     0.0000000000000001
    2    1
    -0.7175944824946663     0.1944288365238124        0.0044055728549021    -0.1122535411052489        0.0000000000000000    -0.0000000000000000
     0.0044055728549021    -0.1122535411052490       -0.7226815998420909    -0.1944288365238128        0.0000000000000000    -0.0000000000000000
     0.0000000000000000    -0.0000000000000000        0.0000000000000000    -0.0000000000000000       -0.2654201291663613    -0.0000000000000001
    2    2
     1.1430246796375925     0.0000000000000000       -0.1351755563996112     0.0137448777854360        0.0000000000000000     0.0000000000000000
    -0.1351755563996111    -0.0137448777854360        1.2991119673879385     0.0000000000000000        0.0000000000000000     0.0000000000000000
     0.0000000000000000     0.0000000000000000        0.0000000000000000     0.0000000000000000        0.3003201655959267     0.0000000000000000

     Dynamical Matrix in cartesian axes

     q = (    -0.067750677507    -0.117347615689     0.000000000000 )

    1    1
     1.1430246796375925     0.0000000000000000        0.1351755563996110    -0.0137448777854360        0.0000000000000000     0.0000000000000000
     0.1351755563996111     0.0137448777854360        1.2991119673879385    -0.0000000000000000        0.0000000000000000     0.0000000000000000
     0.0000000000000000    -0.0000000000000000        0.0000000000000000     0.0000000000000000        0.3003201655959267     0.0000000000000000
    1    2
    -0.5271775376283483    -0.5242406485564645       -0.0994172062137609     0.0523114296449466        0.0000000000000000     0.0000000000000000
    -0.0994172062137609     0.0523114296449466       -0.1929604671920951    -0.7230750481957844        0.0000000000000000     0.0000000000000000
     0.0000000000000000    -0.0000000000000000        0.0000000000000000    -0.0000000000000000       -0.1327100578848304    -0.2298605784011101
    2    1
    -0.5271775376283483     0.5242406485564645       -0.0994172062137609    -0.0523114296449466       -0.0000000000000000     0.0000000000000000
    -0.0994172062137609    -0.0523114296449466       -0.1929604671920951     0.7230750481957844       -0.0000000000000000     0.0000000000000000
    -0.0000000000000000    -0.0000000000000000       -0.0000000000000000    -0.0000000000000000       -0.1327100578848304     0.2298605784011101
    2    2
     1.1430246796375925     0.0000000000000000        0.1351755563996110     0.0137448777854360        0.0000000000000000     0.0000000000000000
     0.1351755563996111    -0.0137448777854360        1.2991119673879385     0.0000000000000000        0.0000000000000000     0.0000000000000000
     0.0000000000000000    -0.0000000000000000        0.0000000000000000     0.0000000000000000        0.3003201655959267     0.0000000000000000

     Dynamical Matrix in cartesian axes

     q = (     0.067750677507     0.117347615689     0.000000000000 )

    1    1
     1.1430246796375925     0.0000000000000000        0.1351755563996110     0.0137448777854360        0.0000000000000000     0.0000000000000000
     0.1351755563996111    -0.0137448777854360        1.2991119673879385     0.0000000000000000        0.0000000000000000     0.0000000000000000
     0.0000000000000000     0.0000000000000000        0.0000000000000000    -0.0000000000000000        0.3003201655959267     0.0000000000000000
    1    2
    -0.5271775376283483     0.5242406485564645       -0.0994172062137609    -0.0523114296449466        0.0000000000000000    -0.0000000000000000
    -0.0994172062137609    -0.0523114296449466       -0.1929604671920951     0.7230750481957844        0.0000000000000000    -0.0000000000000000
     0.0000000000000000     0.0000000000000000        0.0000000000000000     0.0000000000000000       -0.1327100578848304     0.2298605784011101
    2    1
    -0.5271775376283483    -0.5242406485564645       -0.0994172062137609     0.0523114296449466       -0.0000000000000000    -0.0000000000000000
    -0.0994172062137609     0.0523114296449466       -0.1929604671920951    -0.7230750481957844       -0.0000000000000000    -0.0000000000000000
    -0.0000000000000000     0.0000000000000000       -0.0000000000000000     0.0000000000000000       -0.1327100578848304    -0.2298605784011101
    2    2
     1.1430246796375925     0.0000000000000000        0.1351755563996110    -0.0137448777854360        0.0000000000000000     0.0000000000000000
     0.1351755563996111     0.0137448777854360        1.2991119673879385    -0.0000000000000000        0.0000000000000000     0.0000000000000000
     0.0000000000000000     0.0000000000000000        0.0000000000000000    -0.0000000000000000        0.3003201655959267     0.0000000000000000

     Dynamical Matrix in cartesian axes

     q = (     0.135501355014     0.000000000000     0.000000000000 )

    1    1
     1.3771556112631109     0.0000000000000000        0.0000000000000000    -0.0137448777854360        0.0000000000000000     0.0000000000000000
    -0.0000000000000001     0.0137448777854360        1.0649810357624196     0.0000000000000000        0.0000000000000000     0.0000000000000000
     0.0000000000000000     0.0000000000000000        0.0000000000000000    -0.0000000000000000        0.3003201655959267     0.0000000000000000
    1    2
    -0.3626125609555516     0.6280634213051481       -0.1944288397949847    -0.1122535354394125        0.0000000000000000     0.0000000000000000
    -0.1944288397949847    -0.1122535354394125       -0.3575254438648922     0.6192522754471008        0.0000000000000000    -0.0000000000000000
    -0.0000000000000000    -0.0000000000000000       -0.0000000000000000    -0.0000000000000000       -0.1327100578848305     0.2298605784011101
    2    1
    -0.3626125609555516    -0.6280634213051481       -0.1944288397949847     0.1122535354394125       -0.0000000000000000     0.0000000000000000
    -0.1944288397949847     0.1122535354394125       -0.3575254438648922    -0.6192522754471008       -0.0000000000000000    -0.0000000000000000
     0.0000000000000000    -0.0000000000000000        0.0000000000000000    -0.0000000000000000       -0.1327100578848305    -0.2298605784011101
    2    2
     1.3771556112631109     0.0000000000000000        0.0000000000000000     0.0137448777854360        0.0000000000000000     0.0000000000000000
    -0.0000000000000001    -0.0137448777854360        1.0649810357624196     0.0000000000000000        0.0000000000000000     0.0000000000000000
     0.0000000000000000     0.0000000000000000        0.0000000000000000    -0.0000000000000000        0.3003201655959267     0.0000000000000000

     Dynamical Matrix in cartesian axes

     q = (    -0.135501355014     0.000000000000     0.000000000000 )

    1    1
     1.3771556112631109     0.0000000000000000        0.0000000000000000     0.0137448777854360        0.0000000000000000     0.0000000000000000
    -0.0000000000000001    -0.0137448777854360        1.0649810357624196     0.0000000000000000        0.0000000000000000     0.0000000000000000
     0.0000000000000000     0.0000000000000000        0.0000000000000000     0.0000000000000000        0.3003201655959267     0.0000000000000000
    1    2
    -0.3626125609555516    -0.6280634213051481       -0.1944288397949847     0.1122535354394125        0.0000000000000000     0.0000000000000000
    -0.1944288397949847     0.1122535354394124       -0.3575254438648922    -0.6192522754471008        0.0000000000000000     0.0000000000000000
    -0.0000000000000000    -0.0000000000000000       -0.0000000000000000    -0.0000000000000000       -0.1327100578848305    -0.2298605784011101
    2    1
    -0.3626125609555516     0.6280634213051481       -0.1944288397949847    -0.1122535354394125       -0.0000000000000000     0.0000000000000000
    -0.1944288397949847    -0.1122535354394124       -0.3575254438648922     0.6192522754471008       -0.0000000000000000     0.0000000000000000
     0.0000000000000000    -0.0000000000000000        0.0000000000000000    -0.0000000000000000       -0.1327100578848305     0.2298605784011101
    2    2
     1.3771556112631109     0.0000000000000000        0.0000000000000000    -0.0137448777854360        0.0000000000000000     0.0000000000000000
    -0.0000000000000001     0.0137448777854360        1.0649810357624196     0.0000000000000000        0.0000000000000000     0.0000000000000000
     0.0000000000000000     0.0000000000000000        0.0000000000000000     0.0000000000000000        0.3003201655959267     0.0000000000000000

     Diagonalizing the dynamical matrix

     q = (     0.067750677507    -0.117347615689     0.000000000000 )

***************************************************************************
   freq (    1) =     5.87399498 [THz] =   195.93535392 [cm-1]
(   0.000000  0.000000   0.000000  0.000000  -0.695924 -0.125258 )
(   0.000000 -0.000000   0.000000  0.000000  -0.695924 -0.125258 )
   freq (    2) =    17.73428522 [THz] =   591.55199554 [cm-1]
(  -0.608786  0.000000  -0.343176 -0.107748   0.000000  0.000000 )
(  -0.601592 -0.093312  -0.355636  0.053874  -0.000000 -0.000000 )
   freq (    3) =    23.64989336 [THz] =   788.87541519 [cm-1]
(   0.000000  0.000000  -0.000000 -0.000000   0.660636  0.252111 )
(   0.000000  0.000000  -0.000000 -0.000000  -0.660636 -0.252111 )
   freq (    4) =    24.63475484 [THz] =   821.72685332 [cm-1]
(  -0.364565  0.000000   0.556309  0.240027   0.000000  0.000000 )
(  -0.299496 -0.207869   0.593877  0.120013  -0.000000 -0.000000 )
   freq (    5) =    42.39671265 [THz] =  1414.20190708 [cm-1]
(  -0.605882  0.000000  -0.334736 -0.144426   0.000000 -0.000000 )
(   0.592831  0.125077   0.357341 -0.072213  -0.000000  0.000000 )
   freq (    6) =    45.93435502 [THz] =  1532.20493783 [cm-1]
(  -0.359694  0.000000   0.580830  0.182364  -0.000000  0.000000 )
(   0.323167  0.157932  -0.601919 -0.091182   0.000000 -0.000000 )
***************************************************************************
