Dynamical matrix file
File generated with the CellConstructor by Lorenzo Monacelli
1 2 0     1.8897259890000000     0.0000000000000000     0.0000000000000000     0.0000000000000000     0.0000000000000000     0.0000000000000000
Basis vectors
    2.4600000000000000     0.0000000000000000     0.0000000000000000
   -1.2300000000000000     2.1304224933097187     0.0000000000000000
    0.0000000000000000     0.0000000000000000    15.0000000000000000
	1  'C '  10947.3571678344233078
    1     1     0.0000000000000000    -0.0000000000000002     7.4999999999999982
    2     1     1.2299999999999998     0.7101408311032394     7.4999999999999982

     Dynamical Matrix in cartesian axes

     q = (    -0.203252032520     0.117347615689     0.000000000000 )

    1    1
     1.4292319796818636     0.0000000000000000       -0.2323449399618853     0.0000000000000000        0.0000000000000000     0.0000000000000000
    -0.2323449399618853     0.0000000000000000        1.1609431524181801     0.0000000000000000        0.0000000000000000     0.0000000000000000
     0.0000000000000000     0.0000000000000000        0.0000000000000000     0.0000000000000000        0.2724092687249610     0.0000000000000000
    1    2
    -0.1697835962966685     0.0000000000000000       -0.2934558355927479     0.0000000000000000       -0.0000000000000000     0.0000000000000000
    -0.2934558355927479     0.0000000000000000       -0.5086372076461477     0.0000000000000000       -0.0000000000000000     0.0000000000000000
    -0.0000000000000000     0.0000000000000000       -0.0000000000000000     0.0000000000000000       -0.0801266367888789     0.0000000000000000
    2    1
    -0.1697835962966685     0.0000000000000000       -0.2934558355927479     0.0000000000000000        0.0000000000000000     0.0000000000000000
    -0.2934558355927479     0.0000000000000000       -0.5086372076461477     0.0000000000000000        0.0000000000000000     0.0000000000000000
     0.0000000000000000     0.0000000000000000        0.0000000000000000     0.0000000000000000       -0.0801266367888789     0.0000000000000000
    2    2
     1.4292319796818636     0.0000000000000000       -0.2323449399618853     0.0000000000000000        0.0000000000000000     0.0000000000000000
    -0.2323449399618853     0.0000000000000000        1.1609431524181801     0.0000000000000000        0.0000000000000000     0.0000000000000000
     0.0000000000000000     0.0000000000000000        0.0000000000000000     0.0000000000000000        0.2724092687249610     0.0000000000000000

     Dynamical Matrix in cartesian axes

     q = (     0.203252032520     0.117347615689     0.000000000000 )

    1    1
     1.4292319796818636     0.0000000000000000        0.2323449399618852     0.0000000000000000        0.0000000000000000     0.0000000000000000
     0.2323449399618851     0.0000000000000000        1.1609431524181804     0.0000000000000000        0.0000000000000000     0.0000000000000000
     0.0000000000000000     0.0000000000000000        0.0000000000000000     0.0000000000000000        0.2724092687249610     0.0000000000000000
    1    2
     0.1697835962966683     0.0000000000000000       -0.2934558355927475     0.0000000000000000        0.0000000000000000     0.0000000000000000
    -0.2934558355927475     0.0000000000000000        0.5086372076461472     0.0000000000000000        0.0000000000000000     0.0000000000000000
    -0.0000000000000000     0.0000000000000000        0.0000000000000000     0.0000000000000000        0.0801266367888789     0.0000000000000000
    2    1
     0.1697835962966683     0.0000000000000000       -0.2934558355927475     0.0000000000000000        0.0000000000000000     0.0000000000000000
    -0.2934558355927475     0.0000000000000000        0.5086372076461472     0.0000000000000000        0.0000000000000000     0.0000000000000000
     0.0000000000000000     0.0000000000000000       -0.0000000000000000     0.0000000000000000        0.0801266367888789     0.0000000000000000
    2    2
     1.4292319796818636     0.0000000000000000        0.2323449399618852     0.0000000000000000        0.0000000000000000     0.0000000000000000
     0.2323449399618851     0.0000000000000000        1.1609431524181804     0.0000000000000000       -0.0000000000000000     0.0000000000000000
     0.0000000000000000     0.0000000000000000       -0.0000000000000000     0.0000000000000000        0.2724092687249610     0.0000000000000000

     Dynamical Matrix in cartesian axes

     q = (     0.000000000000     0.234695231378     0.000000000000 )

    1    1
     1.0267987387863382     0.0000000000000000       -0.0000000000000001     0.0000000000000000        0.0000000000000000     0.0000000000000000
    -0.0000000000000000     0.0000000000000000        1.5633763933137059     0.0000000000000000        0.0000000000000000     0.0000000000000000
     0.0000000000000000     0.0000000000000000        0.0000000000000000     0.0000000000000000        0.2724092687249610     0.0000000000000000
    1    2
    -0.6780640133208872     0.0000000000000000        0.0000000000000000     0.0000000000000000        0.0000000000000000     0.0000000000000000
     0.0000000000000000     0.0000000000000000       -0.0003567906219290     0.0000000000000000        0.0000000000000000     0.0000000000000000
     0.0000000000000000     0.0000000000000000       -0.0000000000000000     0.0000000000000000       -0.0801266367888789     0.0000000000000000
    2    1
    -0.6780640133208872     0.0000000000000000        0.0000000000000000     0.0000000000000000       -0.0000000000000000     0.0000000000000000
     0.0000000000000000     0.0000000000000000       -0.0003567906219290     0.0000000000000000       -0.0000000000000000     0.0000000000000000
    -0.0000000000000000     0.0000000000000000        0.0000000000000000     0.0000000000000000       -0.0801266367888789     0.0000000000000000
    2    2
     1.0267987387863382     0.0000000000000000       -0.0000000000000001     0.0000000000000000       -0.0000000000000000     0.0000000000000000
    -0.0000000000000000     0.0000000000000000        1.5633763933137059     0.0000000000000000       -0.0000000000000000     0.0000000000000000
    -0.0000000000000000     0.0000000000000000       -0.0000000000000000     0.0000000000000000        0.2724092687249610     0.0000000000000000

     Diagonalizing the dynamical matrix

     q = (    -0.203252032520     0.117347615689     0.000000000000 )

***************************************************************************
   freq (    1) =    13.78766300 [THz] =   459.90686741 [cm-1]
(   0.000000  0.000000  -0.000000  0.000000   0.707107  0.000000 )
(   0.000000  0.000000   0.000000  0.000000   0.707107  0.000000 )
   freq (    2) =    18.56813256 [THz] =   619.36614509 [cm-1]
(   0.353553  0.000000   0.612372  0.000000   0.000000  0.000000 )
(   0.353553  0.000000   0.612372  0.000000  -0.000000  0.000000 )
   freq (    3) =    18.66905386 [THz] =   622.73251688 [cm-1]
(   0.000000  0.000000   0.000000  0.000000  -0.707107  0.000000 )
(   0.000000  0.000000   0.000000  0.000000   0.707107  0.000000 )
   freq (    4) =    39.30998182 [THz] =  1311.23966433 [cm-1]
(   0.612372  0.000000  -0.353553  0.000000   0.000000  0.000000 )
(   0.612372  0.000000  -0.353553  0.000000   0.000000  0.000000 )
   freq (    5) =    39.31895409 [THz] =  1311.53894697 [cm-1]
(   0.612372  0.000000  -0.353553  0.000000   0.000000  0.000000 )
(  -0.612372  0.000000   0.353553  0.000000  -0.000000  0.000000 )
   freq (    6) =    41.05493244 [THz] =  1369.44494342 [cm-1]
(  -0.353553  0.000000  -0.612372  0.000000   0.000000  0.000000 )
(   0.353553  0.000000   0.612372  0.000000  -0.000000  0.000000 )
***************************************************************************
