Dynamical matrix file
File generated with the CellConstructor by Lorenzo Monacelli
1 2 0     1.8897259890000000     0.0000000000000000     0.0000000000000000     0.0000000000000000     0.0000000000000000     0.0000000000000000
Basis vectors
    2.4600000000000000     0.0000000000000000     0.0000000000000000
   -1.2300000000000000     2.1304224933097187     0.0000000000000000
    0.0000000000000000     0.0000000000000000    15.0000000000000000
	1  'C '  10947.3571678344233078
    1     1     0.0000000000000000    -0.0000000000000002     7.4999999999999982
    2     1     1.2299999999999998     0.7101408311032394     7.4999999999999982

     Dynamical Matrix in cartesian axes

     q = (     0.067750677507    -0.039115871896     0.000000000000 )

    1    1
     1.1979060250684246     0.0000000000000000       -0.0827721704045950     0.0000000000000000       -0.0000000000000000     0.0000000000000000
    -0.0827721704045951     0.0000000000000000        1.1023289553394200     0.0000000000000000       -0.0000000000000000     0.0000000000000000
    -0.0000000000000000     0.0000000000000000       -0.0000000000000000     0.0000000000000000        0.3250821618983621     0.0000000000000000
    1    2
    -0.8904640843386439     0.3910732544422315       -0.0258043675720354    -0.1127588322298756        0.0000000000000000     0.0000000000000000
    -0.0258043675720354    -0.1127588322298755       -0.9202604014666097     0.2608705701593786        0.0000000000000000    -0.0000000000000000
     0.0000000000000000     0.0000000000000000        0.0000000000000000     0.0000000000000000       -0.3008033183690308     0.1109627141889278
    2    1
    -0.8904640843386439    -0.3910732544422315       -0.0258043675720354     0.1127588322298756        0.0000000000000000     0.0000000000000000
    -0.0258043675720354     0.1127588322298755       -0.9202604014666097    -0.2608705701593786        0.0000000000000000    -0.0000000000000000
     0.0000000000000000     0.0000000000000000        0.0000000000000000     0.0000000000000000       -0.3008033183690308    -0.1109627141889278
    2    2
     1.1979060250684246     0.0000000000000000       -0.0827721704045950     0.0000000000000000        0.0000000000000000     0.0000000000000000
    -0.0827721704045951     0.0000000000000000        1.1023289553394200     0.0000000000000000        0.0000000000000000     0.0000000000000000
     0.0000000000000000     0.0000000000000000        0.0000000000000000     0.0000000000000000        0.3250821618983621     0.0000000000000000

     Dynamical Matrix in cartesian axes

     q = (    -0.067750677507     0.039115871896     0.000000000000 )

    1    1
     1.1979060250684246     0.0000000000000000       -0.0827721704045950     0.0000000000000000       -0.0000000000000000     0.0000000000000000
    -0.0827721704045951     0.0000000000000000        1.1023289553394200     0.0000000000000000       -0.0000000000000000     0.0000000000000000
    -0.0000000000000000     0.0000000000000000       -0.0000000000000000     0.0000000000000000        0.3250821618983621     0.0000000000000000
    1    2
    -0.8904640843386439    -0.3910732544422314       -0.0258043675720354     0.1127588322298756        0.0000000000000000     0.0000000000000000
    -0.0258043675720354     0.1127588322298755       -0.9202604014666094    -0.2608705701593786        0.0000000000000000     0.0000000000000000
     0.0000000000000000     0.0000000000000000        0.0000000000000000    -0.0000000000000000       -0.3008033183690308    -0.1109627141889277
    2    1
    -0.8904640843386439     0.3910732544422314       -0.0258043675720354    -0.1127588322298756        0.0000000000000000     0.0000000000000000
    -0.0258043675720354    -0.1127588322298755       -0.9202604014666094     0.2608705701593786        0.0000000000000000     0.0000000000000000
     0.0000000000000000     0.0000000000000000        0.0000000000000000    -0.0000000000000000       -0.3008033183690308     0.1109627141889277
    2    2
     1.1979060250684246     0.0000000000000000       -0.0827721704045950     0.0000000000000000        0.0000000000000000     0.0000000000000000
    -0.0827721704045951     0.0000000000000000        1.1023289553394200     0.0000000000000000        0.0000000000000000     0.0000000000000000
     0.0000000000000000     0.0000000000000000        0.0000000000000000     0.0000000000000000        0.3250821618983621     0.0000000000000000

     Dynamical Matrix in cartesian axes

     q = (    -0.067750677507    -0.039115871896     0.000000000000 )

    1    1
     1.1979060250684246     0.0000000000000000        0.0827721704045950     0.0000000000000000       -0.0000000000000000     0.0000000000000000
     0.0827721704045951     0.0000000000000000        1.1023289553394200     0.0000000000000000       -0.0000000000000000     0.0000000000000000
    -0.0000000000000000     0.0000000000000000       -0.0000000000000000     0.0000000000000000        0.3250821618983621     0.0000000000000000
    1    2
    -0.7839113984826194    -0.5756279138177033       -0.0847498317202896     0.0787266514912233        0.0000000000000000     0.0000000000000000
    -0.0847498317202896     0.0787266514912232       -0.6860507221676504    -0.6665336206794146        0.0000000000000000     0.0000000000000000
     0.0000000000000000     0.0000000000000000        0.0000000000000000     0.0000000000000000       -0.2464981825704689    -0.2050219653389607
    2    1
    -0.7839113984826194     0.5756279138177033       -0.0847498317202896    -0.0787266514912233        0.0000000000000000     0.0000000000000000
    -0.0847498317202896    -0.0787266514912232       -0.6860507221676504     0.6665336206794146       -0.0000000000000000     0.0000000000000000
     0.0000000000000000     0.0000000000000000       -0.0000000000000000     0.0000000000000000       -0.2464981825704689     0.2050219653389607
    2    2
     1.1979060250684246     0.0000000000000000        0.0827721704045950     0.0000000000000000        0.0000000000000000     0.0000000000000000
     0.0827721704045951     0.0000000000000000        1.1023289553394200     0.0000000000000000        0.0000000000000000     0.0000000000000000
     0.0000000000000000     0.0000000000000000        0.0000000000000000     0.0000000000000000        0.3250821618983621     0.0000000000000000

     Dynamical Matrix in cartesian axes

     q = (     0.067750677507     0.039115871896     0.000000000000 )

    1    1
     1.1979060250684246     0.0000000000000000        0.0827721704045950     0.0000000000000000       -0.0000000000000000     0.0000000000000000
     0.0827721704045951     0.0000000000000000        1.1023289553394200     0.0000000000000000       -0.0000000000000000     0.0000000000000000
    -0.0000000000000000     0.0000000000000000       -0.0000000000000000     0.0000000000000000        0.3250821618983621     0.0000000000000000
    1    2
    -0.7839113984826194     0.5756279138177033       -0.0847498317202896    -0.0787266514912232        0.0000000000000000     0.0000000000000000
    -0.0847498317202897    -0.0787266514912232       -0.6860507221676504     0.6665336206794147        0.0000000000000000     0.0000000000000000
     0.0000000000000000     0.0000000000000000        0.0000000000000000     0.0000000000000000       -0.2464981825704689     0.2050219653389606
    2    1
    -0.7839113984826194    -0.5756279138177033       -0.0847498317202896     0.0787266514912232        0.0000000000000000     0.0000000000000000
    -0.0847498317202897     0.0787266514912232       -0.6860507221676504    -0.6665336206794147        0.0000000000000000     0.0000000000000000
     0.0000000000000000     0.0000000000000000        0.0000000000000000     0.0000000000000000       -0.2464981825704689    -0.2050219653389606
    2    2
     1.1979060250684246     0.0000000000000000        0.0827721704045950     0.0000000000000000        0.0000000000000000     0.0000000000000000
     0.0827721704045951     0.0000000000000000        1.1023289553394200     0.0000000000000000        0.0000000000000000     0.0000000000000000
     0.0000000000000000     0.0000000000000000        0.0000000000000000     0.0000000000000000        0.3250821618983621     0.0000000000000000

     Dynamical Matrix in cartesian axes

     q = (    -0.000000000000    -0.078231743793     0.000000000000 )

    1    1
     1.0545404204749174     0.0000000000000000        0.0000000000000000     0.0000000000000000        0.0000000000000000     0.0000000000000000
     0.0000000000000000     0.0000000000000000        1.2456945599329277     0.0000000000000000       -0.0000000000000000     0.0000000000000000
     0.0000000000000000     0.0000000000000000       -0.0000000000000000     0.0000000000000000        0.3250821618983621     0.0000000000000000
    1    2
    -0.9351585600305917    -0.1957692280179524       -0.0000000000000000     0.0000000000000000        0.0000000000000000     0.0000000000000000
    -0.0000000000000000     0.0000000000000000       -0.8755659257746611    -0.4561745965836586        0.0000000000000000     0.0000000000000000
     0.0000000000000000     0.0000000000000000        0.0000000000000000     0.0000000000000000       -0.3008033183690307    -0.1109627141889279
    2    1
    -0.9351585600305917     0.1957692280179524       -0.0000000000000000     0.0000000000000000        0.0000000000000000     0.0000000000000000
    -0.0000000000000000     0.0000000000000000       -0.8755659257746611     0.4561745965836586        0.0000000000000000     0.0000000000000000
     0.0000000000000000     0.0000000000000000        0.0000000000000000     0.0000000000000000       -0.3008033183690307     0.1109627141889279
    2    2
     1.0545404204749174     0.0000000000000000        0.0000000000000000     0.0000000000000000        0.0000000000000000     0.0000000000000000
     0.0000000000000000     0.0000000000000000        1.2456945599329277     0.0000000000000000        0.0000000000000000     0.0000000000000000
     0.0000000000000000     0.0000000000000000        0.0000000000000000     0.0000000000000000        0.3250821618983621     0.0000000000000000

     Dynamical Matrix in cartesian axes

     q = (     0.000000000000     0.078231743793     0.000000000000 )

    1    1
     1.0545404204749174     0.0000000000000000        0.0000000000000000     0.0000000000000000        0.0000000000000000     0.0000000000000000
     0.0000000000000000     0.0000000000000000        1.2456945599329277     0.0000000000000000       -0.0000000000000000     0.0000000000000000
     0.0000000000000000     0.0000000000000000       -0.0000000000000000     0.0000000000000000        0.3250821618983621     0.0000000000000000
    1    2
    -0.9351585600305917     0.1957692280179524       -0.0000000000000000     0.0000000000000000        0.0000000000000000    -0.0000000000000000
    -0.0000000000000000     0.0000000000000000       -0.8755659257746611     0.4561745965836586        0.0000000000000000    -0.0000000000000000
     0.0000000000000000     0.0000000000000000        0.0000000000000000     0.0000000000000000       -0.3008033183690307     0.1109627141889279
    2    1
    -0.9351585600305917    -0.1957692280179524       -0.0000000000000000     0.0000000000000000        0.0000000000000000    -0.0000000000000000
    -0.0000000000000000     0.0000000000000000       -0.8755659257746611    -0.4561745965836586        0.0000000000000000    -0.0000000000000000
     0.0000000000000000     0.0000000000000000        0.0000000000000000     0.0000000000000000       -0.3008033183690307    -0.1109627141889279
    2    2
     1.0545404204749174     0.0000000000000000        0.0000000000000000     0.0000000000000000        0.0000000000000000     0.0000000000000000
     0.0000000000000000     0.0000000000000000        1.2456945599329277     0.0000000000000000        0.0000000000000000     0.0000000000000000
     0.0000000000000000     0.0000000000000000        0.0000000000000000     0.0000000000000000        0.3250821618983621     0.0000000000000000

     Diagonalizing the dynamical matrix

     q = (     0.067750677507    -0.039115871896     0.000000000000 )

***************************************************************************
   freq (    1) =     2.10102724 [THz] =    70.08271489 [cm-1]
(   0.000000  0.000000   0.000000  0.000000   0.696210 -0.123657 )
(   0.000000  0.000000   0.000000  0.000000   0.695982  0.124937 )
   freq (    2) =     9.89873182 [THz] =   330.18610500 [cm-1]
(   0.353553  0.000000   0.612372  0.000000  -0.000000  0.000000 )
(   0.346052  0.072444   0.599379  0.125476  -0.000000 -0.000000 )
   freq (    3) =    15.98393614 [THz] =   533.16664344 [cm-1]
(  -0.612372  0.000000   0.353553  0.000000  -0.000000  0.000000 )
(  -0.543083 -0.282949   0.313549  0.163361  -0.000000 -0.000000 )
   freq (    4) =    25.26595942 [THz] =   842.78156860 [cm-1]
(  -0.000000  0.000000  -0.000000 -0.000000   0.703694 -0.069391 )
(   0.000000  0.000000  -0.000000 -0.000000  -0.684222 -0.178439 )
   freq (    5) =    44.57747856 [THz] =  1486.94441749 [cm-1]
(   0.353553  0.000000   0.612372  0.000000   0.000000 -0.000000 )
(  -0.346052 -0.072444  -0.599379 -0.125476  -0.000000 -0.000000 )
   freq (    6) =    46.98529783 [THz] =  1567.26061159 [cm-1]
(  -0.612372  0.000000   0.353553  0.000000   0.000000 -0.000000 )
(   0.543083  0.282949  -0.313549 -0.163361  -0.000000 -0.000000 )
***************************************************************************
