Dynamical matrix file
File generated with the CellConstructor by Lorenzo Monacelli
1 2 0     1.8897259890000000     0.0000000000000000     0.0000000000000000     0.0000000000000000     0.0000000000000000     0.0000000000000000
Basis vectors
    2.4600000000000000     0.0000000000000000     0.0000000000000000
   -1.2300000000000000     2.1304224933097187     0.0000000000000000
    0.0000000000000000     0.0000000000000000    15.0000000000000000
	1  'C '  10947.3571678344233078
    1     1     0.0000000000000000    -0.0000000000000002     7.4999999999999982
    2     1     1.2299999999999998     0.7101408311032394     7.4999999999999982

     Dynamical Matrix in cartesian axes

     q = (     0.067750677507     0.195579359482     0.000000000000 )

    1    1
     1.1011241187346246    -0.0000000000000000        0.0568326504660890     0.0153703054988400        0.0000000000000000     0.0000000000000000
     0.0568326504660890    -0.0153703054988400        1.4404571213729418     0.0000000000000000        0.0000000000000000     0.0000000000000000
     0.0000000000000000     0.0000000000000000        0.0000000000000000     0.0000000000000000        0.2673294127733540     0.0000000000000000
    1    2
    -0.4296475879098015     0.3425056721609877       -0.0609849879136265    -0.0521140090246020        0.0000000000000000     0.0000000000000000
    -0.0609849879136265    -0.0521140090246020        0.1054890313194071     0.2606818688604740        0.0000000000000000     0.0000000000000000
     0.0000000000000000     0.0000000000000000        0.0000000000000000     0.0000000000000000       -0.0408707178727367     0.1190372366972275
    2    1
    -0.4296475879098015    -0.3425056721609877       -0.0609849879136265     0.0521140090246020        0.0000000000000000     0.0000000000000000
    -0.0609849879136265     0.0521140090246020        0.1054890313194071    -0.2606818688604740        0.0000000000000000     0.0000000000000000
     0.0000000000000000     0.0000000000000000        0.0000000000000000     0.0000000000000000       -0.0408707178727367    -0.1190372366972275
    2    2
     1.1011241187346246     0.0000000000000000        0.0568326504660890    -0.0153703054988400        0.0000000000000000     0.0000000000000000
     0.0568326504660890     0.0153703054988400        1.4404571213729418    -0.0000000000000000        0.0000000000000000     0.0000000000000000
     0.0000000000000000     0.0000000000000000        0.0000000000000000     0.0000000000000000        0.2673294127733540     0.0000000000000000

     Dynamical Matrix in cartesian axes

     q = (    -0.067750677507    -0.195579359482     0.000000000000 )

    1    1
     1.1011241187346246     0.0000000000000000        0.0568326504660890    -0.0153703054988400        0.0000000000000000     0.0000000000000000
     0.0568326504660890     0.0153703054988400        1.4404571213729418    -0.0000000000000000        0.0000000000000000     0.0000000000000000
     0.0000000000000000     0.0000000000000000        0.0000000000000000     0.0000000000000000        0.2673294127733540     0.0000000000000000
    1    2
    -0.4296475879098015    -0.3425056721609877       -0.0609849879136265     0.0521140090246020        0.0000000000000000     0.0000000000000000
    -0.0609849879136264     0.0521140090246020        0.1054890313194071    -0.2606818688604740        0.0000000000000000     0.0000000000000000
     0.0000000000000000     0.0000000000000000        0.0000000000000000     0.0000000000000000       -0.0408707178727367    -0.1190372366972275
    2    1
    -0.4296475879098015     0.3425056721609877       -0.0609849879136265    -0.0521140090246020        0.0000000000000000     0.0000000000000000
    -0.0609849879136264    -0.0521140090246020        0.1054890313194071     0.2606818688604740        0.0000000000000000     0.0000000000000000
     0.0000000000000000     0.0000000000000000        0.0000000000000000     0.0000000000000000       -0.0408707178727367     0.1190372366972275
    2    2
     1.1011241187346246    -0.0000000000000000        0.0568326504660890     0.0153703054988400        0.0000000000000000     0.0000000000000000
     0.0568326504660890    -0.0153703054988400        1.4404571213729418     0.0000000000000000        0.0000000000000000     0.0000000000000000
     0.0000000000000000     0.0000000000000000        0.0000000000000000     0.0000000000000000        0.2673294127733540     0.0000000000000000

     Dynamical Matrix in cartesian axes

     q = (    -0.067750677507     0.195579359482     0.000000000000 )

    1    1
     1.1011241187346246    -0.0000000000000000       -0.0568326504660890    -0.0153703054988400        0.0000000000000000     0.0000000000000000
    -0.0568326504660890     0.0153703054988400        1.4404571213729418     0.0000000000000000        0.0000000000000000     0.0000000000000000
     0.0000000000000000     0.0000000000000000        0.0000000000000000     0.0000000000000000        0.2673294127733540     0.0000000000000000
    1    2
    -0.5114424011341239    -0.2008329046280078       -0.0146395640499337     0.0788715528683781        0.0000000000000000     0.0000000000000000
    -0.0146395640499337     0.0788715528683780       -0.1730126115399298     0.2216971103317081        0.0000000000000000     0.0000000000000000
     0.0000000000000000     0.0000000000000000        0.0000000000000000     0.0000000000000000       -0.1235246306154508     0.0241235348002949
    2    1
    -0.5114424011341239     0.2008329046280078       -0.0146395640499337    -0.0788715528683781        0.0000000000000000     0.0000000000000000
    -0.0146395640499337    -0.0788715528683780       -0.1730126115399298    -0.2216971103317081        0.0000000000000000     0.0000000000000000
     0.0000000000000000     0.0000000000000000        0.0000000000000000     0.0000000000000000       -0.1235246306154508    -0.0241235348002949
    2    2
     1.1011241187346246     0.0000000000000000       -0.0568326504660890     0.0153703054988400        0.0000000000000000     0.0000000000000000
    -0.0568326504660890    -0.0153703054988400        1.4404571213729418    -0.0000000000000000        0.0000000000000000     0.0000000000000000
     0.0000000000000000     0.0000000000000000        0.0000000000000000     0.0000000000000000        0.2673294127733540     0.0000000000000000

     Dynamical Matrix in cartesian axes

     q = (     0.067750677507    -0.195579359482     0.000000000000 )

    1    1
     1.1011241187346246     0.0000000000000000       -0.0568326504660890     0.0153703054988400        0.0000000000000000     0.0000000000000000
    -0.0568326504660890    -0.0153703054988400        1.4404571213729418    -0.0000000000000000        0.0000000000000000     0.0000000000000000
     0.0000000000000000     0.0000000000000000        0.0000000000000000     0.0000000000000000        0.2673294127733540     0.0000000000000000
    1    2
    -0.5114424011341239     0.2008329046280078       -0.0146395640499337    -0.0788715528683780        0.0000000000000000     0.0000000000000000
    -0.0146395640499337    -0.0788715528683780       -0.1730126115399298    -0.2216971103317081        0.0000000000000000     0.0000000000000000
     0.0000000000000000     0.0000000000000000        0.0000000000000000     0.0000000000000000       -0.1235246306154508    -0.0241235348002949
    2    1
    -0.5114424011341239    -0.2008329046280078       -0.0146395640499337     0.0788715528683780        0.0000000000000000     0.0000000000000000
    -0.0146395640499337     0.0788715528683780       -0.1730126115399298     0.2216971103317081        0.0000000000000000     0.0000000000000000
     0.0000000000000000     0.0000000000000000        0.0000000000000000     0.0000000000000000       -0.1235246306154508     0.0241235348002949
    2    2
     1.1011241187346246    -0.0000000000000000       -0.0568326504660890    -0.0153703054988400        0.0000000000000000     0.0000000000000000
    -0.0568326504660890     0.0153703054988400        1.4404571213729418     0.0000000000000000        0.0000000000000000     0.0000000000000000
     0.0000000000000000     0.0000000000000000        0.0000000000000000     0.0000000000000000        0.2673294127733540     0.0000000000000000

     Dynamical Matrix in cartesian axes

     q = (    -0.135501355014     0.156463487585     0.000000000000 )

    1    1
     1.3064053516453273    -0.0000000000000000       -0.1753518255466617    -0.0153703054988400        0.0000000000000000     0.0000000000000000
    -0.1753518255466616     0.0153703054988400        1.2351758884622386     0.0000000000000000        0.0000000000000000     0.0000000000000000
     0.0000000000000000     0.0000000000000000        0.0000000000000000     0.0000000000000000        0.2673294127733540     0.0000000000000000
    1    2
    -0.2702982933060503    -0.1843693750117217       -0.1538641796179641     0.1435250869740774        0.0000000000000000     0.0000000000000000
    -0.1538641796179641     0.1435250869740774       -0.4141567193680034     0.1635051693080218        0.0000000000000000     0.0000000000000000
     0.0000000000000000     0.0000000000000000        0.0000000000000000     0.0000000000000000       -0.1235246306154508    -0.0241235348002949
    2    1
    -0.2702982933060503     0.1843693750117217       -0.1538641796179641    -0.1435250869740774        0.0000000000000000     0.0000000000000000
    -0.1538641796179641    -0.1435250869740774       -0.4141567193680034    -0.1635051693080218        0.0000000000000000     0.0000000000000000
     0.0000000000000000     0.0000000000000000        0.0000000000000000     0.0000000000000000       -0.1235246306154508     0.0241235348002949
    2    2
     1.3064053516453273     0.0000000000000000       -0.1753518255466617     0.0153703054988400        0.0000000000000000     0.0000000000000000
    -0.1753518255466616    -0.0153703054988400        1.2351758884622386    -0.0000000000000000        0.0000000000000000     0.0000000000000000
     0.0000000000000000     0.0000000000000000        0.0000000000000000     0.0000000000000000        0.2673294127733540     0.0000000000000000

     Dynamical Matrix in cartesian axes

     q = (     0.203252032520     0.039115871896     0.000000000000 )

    1    1
     1.4048423897813964     0.0000000000000000        0.1185191750805727    -0.0153703054988400        0.0000000000000000     0.0000000000000000
     0.1185191750805727     0.0153703054988400        1.1367388503261697    -0.0000000000000000        0.0000000000000000     0.0000000000000000
     0.0000000000000000     0.0000000000000000        0.0000000000000000     0.0000000000000000        0.2673294127733540     0.0000000000000000
    1    2
     0.0811096929028622     0.2360057568864115       -0.2622134481501982    -0.0093737187105235        0.0000000000000000     0.0000000000000000
    -0.2622134481501982    -0.0093737187105235        0.2430489164198627     0.3671817557962057        0.0000000000000000     0.0000000000000000
     0.0000000000000000     0.0000000000000000        0.0000000000000000     0.0000000000000000        0.0408707282793026     0.1190372331241953
    2    1
     0.0811096929028622    -0.2360057568864115       -0.2622134481501982     0.0093737187105235        0.0000000000000000     0.0000000000000000
    -0.2622134481501982     0.0093737187105235        0.2430489164198627    -0.3671817557962057        0.0000000000000000     0.0000000000000000
     0.0000000000000000     0.0000000000000000        0.0000000000000000     0.0000000000000000        0.0408707282793026    -0.1190372331241953
    2    2
     1.4048423897813964    -0.0000000000000000        0.1185191750805727     0.0153703054988400        0.0000000000000000     0.0000000000000000
     0.1185191750805727    -0.0153703054988400        1.1367388503261697     0.0000000000000000        0.0000000000000000     0.0000000000000000
     0.0000000000000000     0.0000000000000000        0.0000000000000000     0.0000000000000000        0.2673294127733540     0.0000000000000000

     Dynamical Matrix in cartesian axes

     q = (    -0.203252032520    -0.039115871896     0.000000000000 )

    1    1
     1.4048423897813964    -0.0000000000000000        0.1185191750805727     0.0153703054988400        0.0000000000000000     0.0000000000000000
     0.1185191750805727    -0.0153703054988400        1.1367388503261697     0.0000000000000000        0.0000000000000000     0.0000000000000000
     0.0000000000000000     0.0000000000000000        0.0000000000000000     0.0000000000000000        0.2673294127733540     0.0000000000000000
    1    2
     0.0811096929028622    -0.2360057568864116       -0.2622134481501982     0.0093737187105235        0.0000000000000000     0.0000000000000000
    -0.2622134481501982     0.0093737187105235        0.2430489164198627    -0.3671817557962057        0.0000000000000000     0.0000000000000000
     0.0000000000000000     0.0000000000000000        0.0000000000000000     0.0000000000000000        0.0408707282793026    -0.1190372331241953
    2    1
     0.0811096929028622     0.2360057568864116       -0.2622134481501982    -0.0093737187105235        0.0000000000000000     0.0000000000000000
    -0.2622134481501982    -0.0093737187105235        0.2430489164198627     0.3671817557962057        0.0000000000000000     0.0000000000000000
     0.0000000000000000     0.0000000000000000        0.0000000000000000     0.0000000000000000        0.0408707282793026     0.1190372331241953
    2    2
     1.4048423897813964     0.0000000000000000        0.1185191750805727    -0.0153703054988400        0.0000000000000000     0.0000000000000000
     0.1185191750805727     0.0153703054988400        1.1367388503261697    -0.0000000000000000        0.0000000000000000     0.0000000000000000
     0.0000000000000000     0.0000000000000000        0.0000000000000000     0.0000000000000000        0.2673294127733540     0.0000000000000000

     Dynamical Matrix in cartesian axes

     q = (     0.135501355014    -0.156463487585     0.000000000000 )

    1    1
     1.3064053516453273     0.0000000000000000       -0.1753518255466617     0.0153703054988400        0.0000000000000000     0.0000000000000000
    -0.1753518255466616    -0.0153703054988400        1.2351758884622386    -0.0000000000000000        0.0000000000000000     0.0000000000000000
     0.0000000000000000     0.0000000000000000        0.0000000000000000     0.0000000000000000        0.2673294127733540     0.0000000000000000
    1    2
    -0.2702982933060503     0.1843693750117217       -0.1538641796179641    -0.1435250869740774        0.0000000000000000     0.0000000000000000
    -0.1538641796179641    -0.1435250869740774       -0.4141567193680034    -0.1635051693080218        0.0000000000000000     0.0000000000000000
     0.0000000000000000     0.0000000000000000        0.0000000000000000     0.0000000000000000       -0.1235246306154508     0.0241235348002949
    2    1
    -0.2702982933060503    -0.1843693750117217       -0.1538641796179641     0.1435250869740774        0.0000000000000000     0.0000000000000000
    -0.1538641796179641     0.1435250869740774       -0.4141567193680034     0.1635051693080218        0.0000000000000000     0.0000000000000000
     0.0000000000000000     0.0000000000000000        0.0000000000000000     0.0000000000000000       -0.1235246306154508    -0.0241235348002949
    2    2
     1.3064053516453273    -0.0000000000000000       -0.1753518255466617    -0.0153703054988400        0.0000000000000000     0.0000000000000000
    -0.1753518255466616     0.0153703054988400        1.2351758884622386     0.0000000000000000        0.0000000000000000     0.0000000000000000
     0.0000000000000000     0.0000000000000000        0.0000000000000000     0.0000000000000000        0.2673294127733540     0.0000000000000000

     Dynamical Matrix in cartesian axes

     q = (    -0.135501355014    -0.156463487585     0.000000000000 )

    1    1
     1.3064053516453273     0.0000000000000000        0.1753518255466616    -0.0153703054988400        0.0000000000000000     0.0000000000000000
     0.1753518255466616     0.0153703054988400        1.2351758884622388    -0.0000000000000000        0.0000000000000000     0.0000000000000000
     0.0000000000000000     0.0000000000000000        0.0000000000000000     0.0000000000000000        0.2673294127733540     0.0000000000000000
    1    2
    -0.0245193967713728    -0.3262698775375142       -0.2012284647925235     0.0614877330666024        0.0000000000000000     0.0000000000000000
    -0.2012284647925235     0.0614877330666024        0.3486780060940978    -0.2769176351451029        0.0000000000000000     0.0000000000000000
     0.0000000000000000     0.0000000000000000        0.0000000000000000     0.0000000000000000        0.0408707282793026    -0.1190372331241953
    2    1
    -0.0245193967713728     0.3262698775375142       -0.2012284647925235    -0.0614877330666024        0.0000000000000000     0.0000000000000000
    -0.2012284647925235    -0.0614877330666024        0.3486780060940978     0.2769176351451029        0.0000000000000000     0.0000000000000000
     0.0000000000000000     0.0000000000000000        0.0000000000000000     0.0000000000000000        0.0408707282793026     0.1190372331241953
    2    2
     1.3064053516453273    -0.0000000000000000        0.1753518255466616     0.0153703054988400        0.0000000000000000     0.0000000000000000
     0.1753518255466616    -0.0153703054988400        1.2351758884622388     0.0000000000000000        0.0000000000000000     0.0000000000000000
     0.0000000000000000     0.0000000000000000        0.0000000000000000     0.0000000000000000        0.2673294127733540     0.0000000000000000

     Dynamical Matrix in cartesian axes

     q = (     0.203252032520    -0.039115871896     0.000000000000 )

    1    1
     1.4048423897813964    -0.0000000000000000       -0.1185191750805727    -0.0153703054988400        0.0000000000000000     0.0000000000000000
    -0.1185191750805727     0.0153703054988400        1.1367388503261695     0.0000000000000000        0.0000000000000000     0.0000000000000000
     0.0000000000000000     0.0000000000000000        0.0000000000000000     0.0000000000000000        0.2673294127733540     0.0000000000000000
    1    2
    -0.0811096722705827     0.2360057639772454       -0.2622134473307207     0.0093737416339519        0.0000000000000000     0.0000000000000000
    -0.2622134473307207     0.0093737416339519       -0.2430488843198122     0.3671817770442160        0.0000000000000000     0.0000000000000000
     0.0000000000000000     0.0000000000000000        0.0000000000000000     0.0000000000000000       -0.0408707178727367     0.1190372366972276
    2    1
    -0.0811096722705827    -0.2360057639772454       -0.2622134473307207    -0.0093737416339519        0.0000000000000000     0.0000000000000000
    -0.2622134473307207    -0.0093737416339519       -0.2430488843198122    -0.3671817770442160        0.0000000000000000     0.0000000000000000
     0.0000000000000000     0.0000000000000000        0.0000000000000000     0.0000000000000000       -0.0408707178727367    -0.1190372366972276
    2    2
     1.4048423897813964     0.0000000000000000       -0.1185191750805727     0.0153703054988400        0.0000000000000000     0.0000000000000000
    -0.1185191750805727    -0.0153703054988400        1.1367388503261695    -0.0000000000000000        0.0000000000000000     0.0000000000000000
     0.0000000000000000     0.0000000000000000        0.0000000000000000     0.0000000000000000        0.2673294127733540     0.0000000000000000

     Dynamical Matrix in cartesian axes

     q = (    -0.203252032520     0.039115871896     0.000000000000 )

    1    1
     1.4048423897813964     0.0000000000000000       -0.1185191750805727     0.0153703054988400        0.0000000000000000     0.0000000000000000
    -0.1185191750805727    -0.0153703054988400        1.1367388503261695    -0.0000000000000000        0.0000000000000000     0.0000000000000000
     0.0000000000000000     0.0000000000000000        0.0000000000000000     0.0000000000000000        0.2673294127733540     0.0000000000000000
    1    2
    -0.0811096722705827    -0.2360057639772454       -0.2622134473307207    -0.0093737416339519        0.0000000000000000     0.0000000000000000
    -0.2622134473307207    -0.0093737416339519       -0.2430488843198121    -0.3671817770442161        0.0000000000000000     0.0000000000000000
     0.0000000000000000     0.0000000000000000        0.0000000000000000     0.0000000000000000       -0.0408707178727367    -0.1190372366972275
    2    1
    -0.0811096722705827     0.2360057639772454       -0.2622134473307207     0.0093737416339519        0.0000000000000000     0.0000000000000000
    -0.2622134473307207     0.0093737416339519       -0.2430488843198121     0.3671817770442161        0.0000000000000000     0.0000000000000000
     0.0000000000000000     0.0000000000000000        0.0000000000000000     0.0000000000000000       -0.0408707178727367     0.1190372366972275
    2    2
     1.4048423897813964    -0.0000000000000000       -0.1185191750805727    -0.0153703054988400        0.0000000000000000     0.0000000000000000
    -0.1185191750805727     0.0153703054988400        1.1367388503261695     0.0000000000000000        0.0000000000000000     0.0000000000000000
     0.0000000000000000     0.0000000000000000        0.0000000000000000     0.0000000000000000        0.2673294127733540     0.0000000000000000

     Dynamical Matrix in cartesian axes

     q = (     0.135501355014     0.156463487585     0.000000000000 )

    1    1
     1.3064053516453273    -0.0000000000000000        0.1753518255466616     0.0153703054988400        0.0000000000000000     0.0000000000000000
     0.1753518255466616    -0.0153703054988400        1.2351758884622388     0.0000000000000000        0.0000000000000000     0.0000000000000000
     0.0000000000000000     0.0000000000000000        0.0000000000000000     0.0000000000000000        0.2673294127733540     0.0000000000000000
    1    2
    -0.0245193967713728     0.3262698775375142       -0.2012284647925235    -0.0614877330666024        0.0000000000000000     0.0000000000000000
    -0.2012284647925235    -0.0614877330666024        0.3486780060940978     0.2769176351451029        0.0000000000000000     0.0000000000000000
     0.0000000000000000     0.0000000000000000        0.0000000000000000     0.0000000000000000        0.0408707282793026     0.1190372331241953
    2    1
    -0.0245193967713728    -0.3262698775375142       -0.2012284647925235     0.0614877330666024        0.0000000000000000     0.0000000000000000
    -0.2012284647925235     0.0614877330666024        0.3486780060940978    -0.2769176351451029        0.0000000000000000     0.0000000000000000
     0.0000000000000000     0.0000000000000000        0.0000000000000000     0.0000000000000000        0.0408707282793026    -0.1190372331241953
    2    2
     1.3064053516453273     0.0000000000000000        0.1753518255466616    -0.0153703054988400        0.0000000000000000     0.0000000000000000
     0.1753518255466616     0.0153703054988400        1.2351758884622388    -0.0000000000000000        0.0000000000000000     0.0000000000000000
     0.0000000000000000     0.0000000000000000        0.0000000000000000     0.0000000000000000        0.2673294127733540     0.0000000000000000

     Diagonalizing the dynamical matrix

     q = (     0.067750677507     0.195579359482     0.000000000000 )

***************************************************************************
   freq (    1) =    11.82645852 [THz] =   394.48813709 [cm-1]
(   0.000000  0.000000   0.000000 -0.000000   0.607995  0.361029 )
(   0.000000  0.000000   0.000000  0.000000  -0.144025  0.692284 )
   freq (    2) =    19.71607803 [THz] =   657.65747890 [cm-1]
(  -0.000000  0.000000   0.000000  0.000000  -0.610124 -0.357419 )
(  -0.000000 -0.000000   0.000000 -0.000000  -0.139919  0.693125 )
   freq (    3) =    23.02871040 [THz] =   768.15498490 [cm-1]
(   0.699068  0.000000  -0.064938  0.084183  -0.000000 -0.000000 )
(   0.535065  0.449890   0.004473 -0.106225  -0.000000  0.000000 )
   freq (    4) =    33.78841999 [THz] =  1127.06021296 [cm-1]
(   0.165151  0.000000   0.020572 -0.687242   0.000000  0.000000 )
(   0.069024 -0.150036   0.632939  0.268538   0.000000 -0.000000 )
   freq (    5) =    40.53067232 [THz] =  1351.95751061 [cm-1]
(  -0.661184  0.000000   0.100842 -0.229492  -0.000000 -0.000000 )
(   0.517075  0.412065   0.064161 -0.242320  -0.000000  0.000000 )
   freq (    6) =    41.36108324 [THz] =  1379.65703335 [cm-1]
(  -0.216483  0.000000  -0.502000  0.448477   0.000000  0.000000 )
(   0.201239  0.079797   0.301341  0.601938   0.000000 -0.000000 )
***************************************************************************
