Dynamical matrix file
File generated with the CellConstructor by Lorenzo Monacelli
1 2 0     1.8897259890000000     0.0000000000000000     0.0000000000000000     0.0000000000000000     0.0000000000000000     0.0000000000000000
Basis vectors
    2.4600000000000000     0.0000000000000000     0.0000000000000000
   -1.2300000000000000     2.1304224933097187     0.0000000000000000
    0.0000000000000000     0.0000000000000000    15.0000000000000000
	1  'C '  10947.3571678344233078
    1     1     0.0000000000000000    -0.0000000000000002     7.4999999999999982
    2     1     1.2299999999999998     0.7101408311032394     7.4999999999999982

     Dynamical Matrix in cartesian axes

     q = (    -0.271002710027     0.000000000000     0.000000000000 )

    1    1
     1.2382256706041073     0.0000000000000000       -0.0000000000000001     0.0576573299941710        0.0000000000000000     0.0000000000000000
    -0.0000000000000001    -0.0576573299941710        1.2382256706041079     0.0000000000000000        0.0000000000000000     0.0000000000000000
     0.0000000000000000     0.0000000000000000        0.0000000000000000     0.0000000000000000        0.2505122342829798     0.0000000000000000
    1    2
    -0.0705370112131404     0.1221736707911055       -0.1221736707911055    -0.0705370112131405        0.0000000000000000     0.0000000000000000
    -0.1221736707911055    -0.0705370112131405        0.0705370112131405    -0.1221736707911056        0.0000000000000000     0.0000000000000000
     0.0000000000000000     0.0000000000000000        0.0000000000000000     0.0000000000000000        0.0000000000000000    -0.0000000000000000
    2    1
    -0.0705370112131404    -0.1221736707911055       -0.1221736707911055     0.0705370112131405        0.0000000000000000     0.0000000000000000
    -0.1221736707911055     0.0705370112131405        0.0705370112131405     0.1221736707911056        0.0000000000000000     0.0000000000000000
     0.0000000000000000     0.0000000000000000        0.0000000000000000     0.0000000000000000        0.0000000000000000     0.0000000000000000
    2    2
     1.2382256706041073     0.0000000000000000       -0.0000000000000001    -0.0576573299941710        0.0000000000000000     0.0000000000000000
    -0.0000000000000001     0.0576573299941710        1.2382256706041079    -0.0000000000000000        0.0000000000000000     0.0000000000000000
     0.0000000000000000     0.0000000000000000        0.0000000000000000     0.0000000000000000        0.2505122342829798     0.0000000000000000

     Dynamical Matrix in cartesian axes

     q = (     0.271002710027     0.000000000000     0.000000000000 )

    1    1
     1.2382256706041073     0.0000000000000000       -0.0000000000000001    -0.0576573299941710        0.0000000000000000     0.0000000000000000
    -0.0000000000000001     0.0576573299941710        1.2382256706041082     0.0000000000000000        0.0000000000000000     0.0000000000000000
     0.0000000000000000     0.0000000000000000        0.0000000000000000     0.0000000000000000        0.2505122342829798     0.0000000000000000
    1    2
    -0.0705370112131404    -0.1221736707911055       -0.1221736707911055     0.0705370112131404        0.0000000000000000     0.0000000000000000
    -0.1221736707911055     0.0705370112131404        0.0705370112131405     0.1221736707911055        0.0000000000000000     0.0000000000000000
     0.0000000000000000     0.0000000000000000        0.0000000000000000     0.0000000000000000        0.0000000000000000     0.0000000000000000
    2    1
    -0.0705370112131404     0.1221736707911055       -0.1221736707911055    -0.0705370112131404        0.0000000000000000     0.0000000000000000
    -0.1221736707911055    -0.0705370112131404        0.0705370112131405    -0.1221736707911055        0.0000000000000000     0.0000000000000000
     0.0000000000000000     0.0000000000000000        0.0000000000000000     0.0000000000000000        0.0000000000000000    -0.0000000000000000
    2    2
     1.2382256706041073     0.0000000000000000       -0.0000000000000001     0.0576573299941710        0.0000000000000000     0.0000000000000000
    -0.0000000000000001    -0.0576573299941710        1.2382256706041082     0.0000000000000000        0.0000000000000000     0.0000000000000000
     0.0000000000000000     0.0000000000000000        0.0000000000000000     0.0000000000000000        0.2505122342829798     0.0000000000000000

     Diagonalizing the dynamical matrix

     q = (    -0.271002710027     0.000000000000     0.000000000000 )

***************************************************************************
   freq (    1) =    15.73747673 [THz] =   524.94564334 [cm-1]
(   0.000000  0.000000   0.000000 -0.000000  -0.000000 -0.000000 )
(  -0.000000  0.000000  -0.000000 -0.000000  -0.328230 -0.944598 )
   freq (    2) =    15.73747673 [THz] =   524.94564334 [cm-1]
(  -0.000000  0.000000  -0.000000 -0.000000  -0.982161 -0.188043 )
(  -0.000000 -0.000000  -0.000000 -0.000000   0.000000  0.000000 )
   freq (    3) =    29.80302964 [THz] =   994.12191922 [cm-1]
(   0.500000  0.000000   0.000000  0.500000  -0.000000 -0.000000 )
(   0.250000  0.433013   0.433013 -0.250000   0.000000  0.000000 )
   freq (    4) =    35.79344724 [THz] =  1193.94071359 [cm-1]
(  -0.355274  0.000000   0.000000  0.355274   0.000000 -0.000000 )
(  -0.391393  0.469672  -0.469672 -0.391393   0.000000  0.000000 )
   freq (    5) =    35.79344724 [THz] =  1193.94071359 [cm-1]
(   0.611376  0.000000   0.000000 -0.611376   0.000000 -0.000000 )
(  -0.227441  0.272929  -0.272929 -0.227441   0.000000  0.000000 )
   freq (    6) =    38.02775521 [THz] =  1268.46919433 [cm-1]
(  -0.500000  0.000000  -0.000000 -0.500000   0.000000  0.000000 )
(   0.250000  0.433013   0.433013 -0.250000   0.000000  0.000000 )
***************************************************************************
